station_id,date,period,n,r,p,slope,discharge,flow_exceed_prob,flow_exceed_prob_smooth,flow_season,source_file
4087170,2001-12-20,daytime,144,-0.4837832338759901,8.116931793110015e-10,-0.18289011240340983,16.1558094024658,0.5450541602190215,0.6196841645835813,normal_flow,4087170.csv
4087170,2001-12-20,nighttime,96,-0.4546335392859307,3.2689620762206763e-6,-0.2188452385142052,16.1558094024658,0.5450541602190215,0.6196841645835813,normal_flow,4087170.csv
4087170,2001-12-21,nighttime,24,-0.7021981530542749,1.307951793436382e-4,-0.5666074426816606,14.908353805542,0.5798714438757291,0.6217632821489505,normal_flow,4087170.csv
4087170,2002-12-20,daytime,72,-0.8265124346465998,3.8816781201512003e-19,-0.33662153519429144,11.6593313217163,0.6906915843351982,0.8271793040511051,low_flow,4087170.csv
4087170,2002-12-20,nighttime,120,-0.2584039628944839,0.00437729691617391,-0.6162697704208081,11.6593313217163,0.6906915843351982,0.8271793040511051,low_flow,4087170.csv
4087170,2002-12-21,nighttime,24,0.12383016999674218,0.5642888252485434,0.0900661282057301,11.3408422470093,0.7025949291750982,0.8287743522596517,low_flow,4087170.csv
4087170,2003-12-20,daytime,144,-0.8769037142226895,5.04604085993698e-47,-0.34253339051383,13.0409555435181,0.6401618854898227,0.5407332460421378,normal_flow,4087170.csv
4087170,2003-12-20,nighttime,120,-0.378049641680382,2.071189862175577e-5,-0.2119304203417603,13.0409555435181,0.6401618854898227,0.5407332460421378,normal_flow,4087170.csv
4087170,2003-12-21,nighttime,24,-0.7449329195579569,2.9709855629705515e-5,-0.501569248427979,11.7461786270142,0.6881918819188192,0.5709558385906439,normal_flow,4087170.csv
4087170,2004-11-20,daytime,96,-0.8338843891079282,5.357076164733085e-26,-0.2077086804687738,10.6753902435303,0.7248541840257112,0.8707257072570725,low_flow,4087170.csv
4087170,2004-11-21,nighttime,24,-0.4446424149883018,0.02948031213911071,-0.0841005573442185,10.1838188171387,0.7432448518033568,0.859449271912074,low_flow,4087170.csv
4087170,2004-12-20,daytime,144,-0.8193054339769333,4.0412987082863615e-36,-0.8158435612095842,4.17270040512085,0.9306630163075824,0.8194778399396897,low_flow,4087170.csv
4087170,2004-12-20,nighttime,96,-0.02563817444962442,0.8041716150048623,-0.01701614543558527,4.17270040512085,0.9306630163075824,0.8194778399396897,low_flow,4087170.csv
4087170,2004-12-21,nighttime,24,-0.36008156946681596,0.08391939768639899,-0.6486435238701088,3.41849184036255,0.94762528270444,0.8532238225608062,low_flow,4087170.csv
4087170,2005-11-20,daytime,144,-0.6977337257159066,2.550503405069905e-22,-0.38406642452154655,13.8598651885986,0.6118319247708606,0.7116375034718089,normal_flow,4087170.csv
4087170,2005-11-20,nighttime,120,-0.14339869345423115,0.11817053769053164,-0.0971428230275486,13.8598651885986,0.6118319247708606,0.7116375034718089,normal_flow,4087170.csv
4087170,2005-11-21,nighttime,24,-0.29033481417078866,0.1687368746776544,-0.22938674691623248,11.461633682251,0.6978931079633377,0.7067095187080903,normal_flow,4087170.csv
4087170,2005-12-20,daytime,144,-0.36590264831902913,6.4837292658736595e-6,-0.2411012928453978,4.35703039169312,0.9267349125104154,0.9290600325358092,low_flow,4087170.csv
4087170,2005-12-20,nighttime,120,-0.926368620068685,7.145566912572995e-52,-0.5600269966918582,4.35703039169312,0.9267349125104154,0.9290600325358092,low_flow,4087170.csv
4087170,2005-12-21,nighttime,24,-0.283793874090873,0.1789786313180945,-0.08741361161275901,3.96305322647095,0.9356624211403404,0.920565012101734,low_flow,4087170.csv
4087170,2006-11-20,daytime,144,-0.08443467974964612,0.3143272451678435,-0.06084474261464644,4.73723554611206,0.917628853707892,0.8248740229337778,low_flow,4087170.csv
4087170,2006-11-20,nighttime,120,-0.4485328142244639,2.782028578828374e-7,-0.22306147726242553,4.73723554611206,0.917628853707892,0.8248740229337778,low_flow,4087170.csv
4087170,2006-11-21,nighttime,24,-0.6272411865597819,0.0010360923692999,-0.28930949052568794,3.84387803077698,0.938816807522914,0.8325080347577669,low_flow,4087170.csv
4087170,2006-12-20,daytime,144,-0.5257056236097405,1.3260098328091512e-11,-0.439995076458512,16.9173183441162,0.5241042733007976,0.35840971312938935,normal_flow,4087170.csv
4087170,2006-12-20,nighttime,120,-0.28721483811047466,0.00146948623742096,-0.3613194863332213,16.9173183441162,0.5241042733007976,0.35840971312938935,normal_flow,4087170.csv
4087170,2006-12-21,nighttime,24,-0.6935329513329496,1.713351717447794e-4,-1.1757888295024246,18.6968288421631,0.4807165813593619,0.3369757568543427,normal_flow,4087170.csv
4087170,2007-11-20,daytime,144,-0.868626010579408,3.7798871145013634e-45,-0.39518476811847447,3.74418830871582,0.941316509939293,0.91786692060469,low_flow,4087170.csv
4087170,2007-11-20,nighttime,120,-0.48310165623937834,2.2900741854304028e-8,-0.3770907988598912,3.74418830871582,0.941316509939293,0.91786692060469,low_flow,4087170.csv
4087170,2007-11-21,nighttime,24,-0.7555408785676392,1.9659918410019966e-5,-0.34482672965889594,4.72078037261963,0.9180454707772884,0.9151489901995794,low_flow,4087170.csv
4087170,2007-12-20,daytime,144,-0.11503379124110392,0.16977196563281607,-0.11544479263311812,0.938421249389648,0.9933936436138556,0.7952069198111336,low_flow,4087170.csv
4087170,2007-12-20,nighttime,120,-0.371933917073979,2.8799097845442357e-5,-0.21394763871748,0.938421249389648,0.9933936436138556,0.7952069198111336,low_flow,4087170.csv
4087170,2007-12-21,nighttime,24,-0.7761684578775442,8.279965372899302e-6,-1.268468577466387,1.1081018447876,0.991191524818474,0.7703844780383288,low_flow,4087170.csv
4087170,2008-11-20,daytime,144,0.15825461508826838,0.05816390658171397,0.2574815513086792,5.55348682403564,0.8985239852398524,0.8347855414038011,low_flow,4087170.csv
4087170,2008-11-20,nighttime,96,-0.9427615553709024,1.2773187962944291e-46,-0.2631505293656398,5.55348682403564,0.8985239852398524,0.8347855414038011,low_flow,4087170.csv
4087170,2008-11-21,nighttime,24,-0.8693314406782029,3.526648176091294e-8,-0.4762206355060748,3.9049391746521,0.937031305796929,0.8529500456294885,low_flow,4087170.csv
4087170,2008-12-20,daytime,144,0.03848599681419122,0.6469692249355983,0.05612498799744975,9.54171085357666,0.7660397571717653,0.7597111454985518,low_flow,4087170.csv
4087170,2008-12-20,nighttime,120,0.18488121557408893,0.0432243036387662,0.4345523646555467,9.54171085357666,0.7660397571717653,0.7597111454985518,low_flow,4087170.csv
4087170,2008-12-21,nighttime,24,0.331701395200517,0.1133168482521538,0.3558207094982977,6.88449907302856,0.8618021664087608,0.7044994643494822,normal_flow,4087170.csv
4087170,2009-11-20,daytime,144,0.4702245405141387,2.738025350409305e-9,0.2539778854753648,10.0132083892822,0.7493155576717058,0.7344482799666706,normal_flow,4087170.csv
4087170,2009-11-20,nighttime,96,-0.735062989009818,1.5123348679732336e-17,-0.20989900687696292,10.0132083892822,0.7493155576717058,0.7344482799666706,normal_flow,4087170.csv
4087170,2009-11-21,nighttime,24,-0.8734840432395805,2.522457523922302e-8,-1.8065385136527028,9.67355537414551,0.7610403523390072,0.7008173630123398,normal_flow,4087170.csv
4087170,2009-12-20,daytime,144,-0.19988843708852919,0.01630350081587479,-0.22724078497750708,10.833155632019,0.7189620283299607,0.5975320398365274,normal_flow,4087170.csv
4087170,2009-12-20,nighttime,120,-0.9017278247916972,8.557213999919201e-45,-0.6962627746353037,10.833155632019,0.7189620283299607,0.5975320398365274,normal_flow,4087170.csv
4087170,2009-12-21,nighttime,24,-0.7989223537395828,2.8554573620667603e-6,-1.7634344687353594,9.81704807281494,0.7563385311272468,0.5734753799150895,normal_flow,4087170.csv
4087170,2010-11-20,daytime,144,0.7942267754379138,1.5821178034462284e-32,0.46131965047508944,4.91532468795776,0.9135221997381264,0.8652263619410387,low_flow,4087170.csv
4087170,2010-11-20,nighttime,120,0.18288062471433464,0.04557780950959708,0.11570018374047857,4.91532468795776,0.9135221997381264,0.8652263619410387,low_flow,4087170.csv
4087170,2010-11-21,nighttime,24,-0.3540023115963307,0.08967184472017271,-0.5334329141493074,4.34812259674072,0.9270324961314128,0.8512200928460898,low_flow,4087170.csv
4087170,2010-12-20,daytime,144,-0.4630161759282369,5.11606565598858e-9,-1.611000536119198,3.30193328857422,0.9494107844304248,0.8389556798793795,low_flow,4087170.csv
4087170,2010-12-20,nighttime,120,-0.3983552039602893,6.604811589668948e-6,-0.5524796866556477,3.30193328857422,0.9494107844304248,0.8389556798793795,low_flow,4087170.csv
4087170,2010-12-21,nighttime,24,-0.1345158326893092,0.5308759451224837,-0.13578688487074192,2.35322260856628,0.9665516009998808,0.8709598063722572,low_flow,4087170.csv
4087170,2011-04-25,daytime,6,0.670895575647707,0.14464197881599317,0.44487660944207863,74.5974807739258,0.06076657540768956,0.05920326945204936,high_flow,4087170.csv
4087170,2011-04-25,nighttime,6,0.8376268044865767,0.0374070928474922,0.36354166666671817,74.5974807739258,0.06076657540768956,0.05920326945204936,high_flow,4087170.csv
4087170,2011-04-26,daytime,6,0.2032615732483141,0.6993065432285237,0.05952952472411779,83.4582748413086,0.04725627901440304,0.05301353013530136,high_flow,4087170.csv
4087170,2011-04-26,nighttime,6,0.04454268819361341,0.9332301551936992,0.02483069977400829,83.4582748413086,0.04725627901440304,0.05301353013530136,high_flow,4087170.csv
4087170,2011-04-27,daytime,6,-0.7855688183213726,0.06404124620026255,-0.4971231300342264,98.7442016601562,0.02975836209975003,0.05080744355830655,high_flow,4087170.csv
4087170,2011-04-27,nighttime,6,0.9295134018789888,0.00727743935655036,1.1898734177211143,98.7442016601562,0.02975836209975003,0.05080744355830655,high_flow,4087170.csv
4087170,2011-04-28,daytime,6,0.9236283409260349,0.00852622163780612,1.3248847926265472,109.365585327148,0.02291393881680752,0.05328730706661905,high_flow,4087170.csv
4087170,2011-04-28,nighttime,6,-0.7482702414458536,0.08707601753612138,-0.37699008711303034,109.365585327148,0.02291393881680752,0.05328730706661905,high_flow,4087170.csv
4087170,2011-04-29,daytime,6,0.9694097263758834,0.00138933460933967,0.30090873658941847,122.203224182129,0.01821211760504702,0.05912391381978336,high_flow,4087170.csv
4087170,2011-04-29,nighttime,6,-0.8691288278258932,0.02457016302065271,-0.8900243309001391,122.203224182129,0.01821211760504702,0.05912391381978336,high_flow,4087170.csv
4087170,2011-05-25,daytime,6,-0.7089627042494064,0.11472823780735796,-0.9312017959952368,54.0813255310059,0.1151648613260326,0.16261159385787408,high_flow,4087170.csv
4087170,2011-05-25,nighttime,6,0.7484079128491947,0.08698515675913393,1.1181612172222946,54.0813255310059,0.1151648613260326,0.16261159385787408,high_flow,4087170.csv
4087170,2011-05-26,daytime,6,-0.7893166722641554,0.06190534750442211,-1.3617647058825726,68.7628555297852,0.07284847042018808,0.16081022100543585,high_flow,4087170.csv
4087170,2011-05-26,nighttime,6,-0.7326092557610551,0.09768778882931578,-0.3236686214390121,68.7628555297852,0.07284847042018808,0.16081022100543585,high_flow,4087170.csv
4087170,2011-05-27,daytime,6,0.16170605604065216,0.7595551295243607,0.0694962686567048,65.6129989624023,0.08052612784192358,0.15996111574018967,high_flow,4087170.csv
4087170,2011-05-27,nighttime,6,-0.40118228628339114,0.43051115878974106,-0.1494509963399318,65.6129989624023,0.08052612784192358,0.15996111574018967,high_flow,4087170.csv
4087170,2011-05-28,daytime,6,0.3637408327766275,0.47845155156924973,0.8070489844681843,58.8910789489746,0.0998690632067611,0.15877474903781297,high_flow,4087170.csv
4087170,2011-05-28,nighttime,6,0.8677821494475082,0.02506665286301727,2.975830815709594,58.8910789489746,0.0998690632067611,0.15877474903781297,high_flow,4087170.csv
4087170,2011-05-29,daytime,6,-0.12590392937230052,0.8121420078595657,-0.02099609375001245,55.696460723877,0.1101654564932746,0.15861206999166766,high_flow,4087170.csv
4087170,2011-05-29,nighttime,6,0.6204663274242387,0.1887335955461398,0.3234016139043768,55.696460723877,0.1101654564932746,0.15861206999166766,high_flow,4087170.csv
4087170,2011-05-30,daytime,6,-0.9009089941103766,0.01424205251897522,-0.34322427931353244,56.0740928649902,0.10867753838828711,0.16142125937388407,high_flow,4087170.csv
4087170,2011-05-30,nighttime,6,-0.9744260024328628,9.726809548230442e-4,-0.4775748687136112,56.0740928649902,0.10867753838828711,0.16142125937388407,high_flow,4087170.csv
4087170,2011-05-31,daytime,6,-0.22573220641623443,0.6671527859392634,-0.04529335912314747,50.6808776855469,0.12962742530651114,0.16814268142681427,high_flow,4087170.csv
4087170,2011-05-31,nighttime,6,-0.05879844300819618,0.9119039761491108,-0.02304558897385956,50.6808776855469,0.12962742530651114,0.16814268142681427,high_flow,4087170.csv
4087170,2011-06-25,daytime,6,-0.6258585373728843,0.18378624701752527,-0.14686884169040165,43.9770698547363,0.16569456017140816,0.3125619965877078,normal_flow,4087170.csv
4087170,2011-06-25,nighttime,6,-0.8932937124384597,0.01647185644512698,-0.30390611902764775,43.9770698547363,0.16569456017140816,0.3125619965877078,normal_flow,4087170.csv
4087170,2011-06-26,daytime,6,-0.6941231834710532,0.12603192698205948,-0.4310904681655008,37.2735557556152,0.2161052255683847,0.32540173788834664,normal_flow,4087170.csv
4087170,2011-06-26,nighttime,6,-0.9810499983773984,5.352513451833921e-4,-0.5232152162584449,37.2735557556152,0.2161052255683847,0.32540173788834664,normal_flow,4087170.csv
4087170,2011-06-27,daytime,6,0.05926988955443301,0.9111992708528612,0.01207923981317279,31.7403202056885,0.27050351148672774,0.33790024997024165,normal_flow,4087170.csv
4087170,2011-06-27,nighttime,6,-0.7576471428095677,0.08098507477135614,-0.25063246455257987,31.7403202056885,0.27050351148672774,0.33790024997024165,normal_flow,4087170.csv
4087170,2011-06-28,daytime,6,-0.9561077104625488,0.00284751964736533,-0.2608725650284007,26.7781600952148,0.3320438043090108,0.3543744792286633,normal_flow,4087170.csv
4087170,2011-06-28,nighttime,6,-0.9859186594101924,2.9603017586463066e-4,-0.9665951051954084,26.7781600952148,0.3320438043090108,0.3543744792286633,normal_flow,4087170.csv
4087170,2011-06-29,daytime,6,0.8128313842057816,0.04926968214155088,0.39692166129910306,22.4403266906738,0.4045351743840019,0.377026544458993,normal_flow,4087170.csv
4087170,2011-06-29,nighttime,6,-0.38719069706013653,0.44823711778535863,-0.3772241992883146,22.4403266906738,0.4045351743840019,0.377026544458993,normal_flow,4087170.csv
4087170,2011-06-30,daytime,6,0.8860351632335342,0.0187418892894736,0.30804746773879527,19.3873424530029,0.46369479823830495,0.40948299805578703,normal_flow,4087170.csv
4087170,2011-06-30,nighttime,6,0.00285573827420344,0.995716404233312,0.00269809713145517,19.3873424530029,0.46369479823830495,0.40948299805578703,normal_flow,4087170.csv
4087170,2011-07-25,daytime,6,-0.9896257273910964,1.6088002994059738e-4,-0.2724553633976873,19.0651683807373,0.4716700392810379,0.4036265523945562,normal_flow,4087170.csv
4087170,2011-07-25,nighttime,6,-0.897176797067441,0.01531536172562323,-0.4333938932192444,19.0651683807373,0.4716700392810379,0.4036265523945562,normal_flow,4087170.csv
4087170,2011-07-26,daytime,6,0.3670564994622232,0.4741420988481566,0.7779991754844306,17.8232192993164,0.501428401380788,0.3822521128437091,normal_flow,4087170.csv
4087170,2011-07-26,nighttime,6,-0.8447964698201312,0.03426292181616337,-0.6294145199062948,17.8232192993164,0.501428401380788,0.3822521128437091,normal_flow,4087170.csv
4087170,2011-07-27,daytime,6,-0.990056525861662,1.478174479516552e-4,-0.6894672674264535,20.8080101013184,0.4362575883823354,0.36353211919215966,normal_flow,4087170.csv
4087170,2011-07-27,nighttime,6,-0.9305401034747934,0.00706945504752043,-0.5700727000877693,20.8080101013184,0.4362575883823354,0.36353211919215966,normal_flow,4087170.csv
4087170,2011-07-28,daytime,6,-0.920666074711732,0.00919114877879064,-0.6847461714699451,39.8972778320312,0.1952743720985597,0.3525254929968655,normal_flow,4087170.csv
4087170,2011-07-28,nighttime,6,0.08882196446896569,0.8671174266960707,0.17827372949729592,39.8972778320312,0.1952743720985597,0.3525254929968655,normal_flow,4087170.csv
4087170,2011-07-29,daytime,6,-0.14098419008853583,0.7899248539447846,-0.05427709235725996,46.195484161377,0.15289846446851563,0.35210094036424233,normal_flow,4087170.csv
4087170,2011-07-29,nighttime,6,0.7696529031382288,0.07347859382777944,0.3105924596050112,46.195484161377,0.15289846446851563,0.35210094036424233,normal_flow,4087170.csv
4087170,2011-07-30,daytime,6,-0.01498189456895435,0.977528839543358,-0.0026617044330341,42.0713958740234,0.1787287227710987,0.35752093004801017,normal_flow,4087170.csv
4087170,2011-07-30,nighttime,6,-0.8983404752179888,0.01497668020806674,-0.3616204063060235,42.0713958740234,0.1787287227710987,0.35752093004801017,normal_flow,4087170.csv
4087170,2011-07-31,daytime,6,0.6975520369952309,0.12337897651292744,0.14050176131970263,39.9827919006348,0.19450065468396616,0.3725469190175773,normal_flow,4087170.csv
4087170,2011-07-31,nighttime,6,-0.3245718219573221,0.5302385794426426,-0.10233225581655268,39.9827919006348,0.19450065468396616,0.3725469190175773,normal_flow,4087170.csv
4087170,2011-08-25,daytime,6,-0.6735465634400808,0.1424623966395893,-1.8835762914712093,9.03084373474121,0.7842518747768122,0.7844026504781176,low_flow,4087170.csv
4087170,2011-08-25,nighttime,6,-0.92290439053359,0.00868648163946413,-0.3389988191934548,9.03084373474121,0.7842518747768122,0.7844026504781176,low_flow,4087170.csv
4087170,2011-08-26,daytime,6,0.8134265024417493,0.04896722404713212,1.1840654887340578,7.99434089660645,0.8229377455064874,0.807102329087807,low_flow,4087170.csv
4087170,2011-08-26,nighttime,6,-0.8651431334146689,0.0260532829603576,-1.0865011636927857,7.99434089660645,0.8229377455064874,0.807102329087807,low_flow,4087170.csv
4087170,2011-08-27,daytime,6,0.03098576240812322,0.953536231373751,0.02176841190532594,7.81667470932007,0.8293655517200333,0.8169225885807245,low_flow,4087170.csv
4087170,2011-08-27,nighttime,6,-0.24307065155778357,0.6425747358387082,-0.3361466527125422,7.81667470932007,0.8293655517200333,0.8169225885807245,low_flow,4087170.csv
4087170,2011-08-28,daytime,6,-0.894516786661311,0.01610322197189743,-1.2981465054390302,7.44161605834961,0.8433519819069158,0.8096337737570924,low_flow,4087170.csv
4087170,2011-08-28,nighttime,6,-0.9849416970627868,3.38421477200192e-4,-1.7429586149066425,7.44161605834961,0.8433519819069158,0.8096337737570924,low_flow,4087170.csv
4087170,2011-08-29,daytime,6,0.8138894336679915,0.04873254520997136,0.3906117247238587,6.7520432472229,0.8654922033091299,0.8016109193349998,low_flow,4087170.csv
4087170,2011-08-29,nighttime,6,-0.8075662726926203,0.0519831275037507,-2.159895150721044,6.7520432472229,0.8654922033091299,0.8016109193349998,low_flow,4087170.csv
4087170,2011-08-30,daytime,6,-0.7356709469999085,0.09557045697798464,-0.5020296009492632,5.95467185974121,0.8895964766099274,0.7916795619569099,low_flow,4087170.csv
4087170,2011-08-30,nighttime,6,0.3728699789550865,0.4666154649779466,0.40187894655787176,5.95467185974121,0.8895964766099274,0.7916795619569099,low_flow,4087170.csv
4087170,2011-08-31,daytime,6,-0.29570329480788643,0.5693732706790251,-0.22460800958760135,6.53471755981445,0.8733484109034638,0.7816847200730072,low_flow,4087170.csv
4087170,2011-08-31,nighttime,6,-0.6601302753993489,0.1536377256499795,-0.6991993900115022,6.53471755981445,0.8733484109034638,0.7816847200730072,low_flow,4087170.csv
4087170,2011-09-25,daytime,6,-0.9954099770089738,3.155411457115351e-5,-0.9158082201348008,13.3808784484863,0.6277824068563266,0.5492481053842796,normal_flow,4087170.csv
4087170,2011-09-25,nighttime,6,-0.7868422760462936,0.06331178280448915,-1.2900667302192412,13.3808784484863,0.6277824068563266,0.5492481053842796,normal_flow,4087170.csv
4087170,2011-09-26,daytime,6,0.8467229968339388,0.03344022687834622,0.3420418006430119,21.3236713409424,0.4256636114748244,0.514125302543348,normal_flow,4087170.csv
4087170,2011-09-26,nighttime,6,-0.9778445123260452,7.308607673535342e-4,-2.309506126996,21.3236713409424,0.4256636114748244,0.514125302543348,normal_flow,4087170.csv
4087170,2011-09-27,daytime,6,-0.6505325659431493,0.1618514413630934,-0.8592092574734579,27.1928157806396,0.3266872991310558,0.49722255287069,normal_flow,4087170.csv
4087170,2011-09-27,nighttime,6,0.6315019822878395,0.17866686529100428,0.6410256410256588,27.1928157806396,0.3266872991310558,0.49722255287069,normal_flow,4087170.csv
4087170,2011-09-28,daytime,6,-0.06273734780564352,0.9060174446018294,-0.32432432432094116,29.8997592926025,0.2910367813355553,0.4983374995040273,normal_flow,4087170.csv
4087170,2011-09-28,nighttime,6,0.963965839283892,0.00192429663630386,1.284552845528302,29.8997592926025,0.2910367813355553,0.4983374995040273,normal_flow,4087170.csv
4087170,2011-09-29,daytime,6,0.8637895911651907,0.02656633859358522,1.8746113989634607,32.2615203857422,0.26538507320557075,0.5053406340515018,normal_flow,4087170.csv
4087170,2011-09-29,nighttime,6,-0.1420852136327624,0.7883064024693727,-0.40053404539279697,32.2615203857422,0.26538507320557075,0.5053406340515018,normal_flow,4087170.csv
4087170,2011-09-30,daytime,6,-0.7174283550414644,0.10848889024085816,-0.6474820143885394,33.978889465332,0.2458635876681347,0.517259850017855,normal_flow,4087170.csv
4087170,2011-09-30,nighttime,6,-0.9891050765787052,1.7740242433498708e-4,-1.0663480977761186,33.978889465332,0.2458635876681347,0.517259850017855,normal_flow,4087170.csv
4087170,2011-10-25,daytime,6,-0.0235970234671313,0.964611034440902,-0.05479452054732865,10.2078256607056,0.7420545173193668,0.8056739277070191,low_flow,4087170.csv
4087170,2011-10-25,nighttime,6,0.14725617336242422,0.7807123194103188,2.5517241379408673,10.2078256607056,0.7420545173193668,0.8056739277070191,low_flow,4087170.csv
4087170,2011-10-26,daytime,6,0.9386989007270268,0.00552155776341069,1.3893687707641482,8.70004463195801,0.7974645875491013,0.8080228544220927,low_flow,4087170.csv
4087170,2011-10-26,nighttime,6,0.03461886716194948,0.9480924440240714,0.07142857142903204,8.70004463195801,0.7974645875491013,0.8080228544220927,low_flow,4087170.csv
4087170,2011-10-27,daytime,6,0.5557703518771593,0.25217783540876054,2.253012048189868,8.01445865631104,0.8222830615402928,0.7984089195730667,low_flow,4087170.csv
4087170,2011-10-27,nighttime,6,0.7582783870476338,0.08058219031955065,1.054600606673466,8.01445865631104,0.8222830615402928,0.7984089195730667,low_flow,4087170.csv
4087170,2011-10-28,daytime,6,0.4190128185766151,0.4082641774015447,1.2234042553177555,7.80256843566895,0.8299607189620283,0.7932071578780304,low_flow,4087170.csv
4087170,2011-10-28,nighttime,6,-0.5001008098404501,0.31238659655197376,-0.35465116279098585,7.80256843566895,0.8299607189620283,0.7932071578780304,low_flow,4087170.csv
4087170,2011-10-29,daytime,6,0.8046693123586984,0.05350478520107635,0.45537948290239694,7.07213830947876,0.8556124270920129,0.7902670317025751,low_flow,4087170.csv
4087170,2011-10-29,nighttime,6,0.13107603009723823,0.8045119586189935,0.2258064516119393,7.07213830947876,0.8556124270920129,0.7902670317025751,low_flow,4087170.csv
4087170,2011-10-30,daytime,6,0.34453481866497526,0.5036466441233304,1.831325301208299,5.82372522354126,0.8924532793715034,0.7817839146133397,low_flow,4087170.csv
4087170,2011-10-30,nighttime,6,-0.19218515268289393,0.7152714630546627,-0.16351684469998232,5.82372522354126,0.8924532793715034,0.7817839146133397,low_flow,4087170.csv
4087170,2011-10-31,daytime,6,0.03353857423026286,0.9497110013517998,0.07377049180250182,6.16917324066162,0.8844185216045709,0.7722175931436733,low_flow,4087170.csv
4087170,2011-10-31,nighttime,6,-0.8883158550684481,0.01801348472793802,-0.6500000000000834,6.16917324066162,0.8844185216045709,0.7722175931436733,low_flow,4087170.csv
4087170,2011-11-20,daytime,120,-0.34511106035600153,1.132827175757064e-4,-0.1705649209795443,4.78048324584961,0.916914653017498,0.760508669602825,low_flow,4087170.csv
4087170,2011-11-20,nighttime,120,-0.8023342729815821,3.258210026493263e-28,-0.6198808794381586,4.78048324584961,0.916914653017498,0.760508669602825,low_flow,4087170.csv
4087170,2011-11-21,nighttime,24,-0.32945504480636556,0.1159296135282436,-0.14720337623934182,4.01677322387695,0.934769670277348,0.7758243066301631,low_flow,4087170.csv
4087170,2011-11-25,daytime,6,-0.3405361463334367,0.5089408949520955,-0.5469387755109197,4.1117000579834,0.9322104511367696,0.8140538824743087,low_flow,4087170.csv
4087170,2011-11-25,nighttime,6,0.6131163642781519,0.19556425366683844,0.4326530612242417,4.1117000579834,0.9322104511367696,0.8140538824743087,low_flow,4087170.csv
4087170,2011-11-26,daytime,6,0.2557669194165326,0.6247153369765912,0.7428571428570584,3.66655683517456,0.942625877871682,0.8116613101614887,low_flow,4087170.csv
4087170,2011-11-26,nighttime,6,0.8714190413022629,0.02373667586794999,0.27543940795558997,3.66655683517456,0.942625877871682,0.8116613101614887,low_flow,4087170.csv
4087170,2011-11-27,daytime,6,-0.9495050672074978,0.00376023292610291,-1.0803340051829893,10.7544651031494,0.7221164147125342,0.7930603499583383,low_flow,4087170.csv
4087170,2011-11-27,nighttime,6,-0.99343593991219,6.448891480403883e-5,-0.5281144627722778,10.7544651031494,0.7221164147125342,0.7930603499583383,low_flow,4087170.csv
4087170,2011-11-28,daytime,6,-0.8811773657707077,0.02033941001022754,-1.7621806689493338,14.8837032318115,0.5806451612903226,0.769765504106654,low_flow,4087170.csv
4087170,2011-11-28,nighttime,6,-0.92127262400125,0.00905302346981601,-0.5520822065981957,14.8837032318115,0.5806451612903226,0.769765504106654,low_flow,4087170.csv
4087170,2011-11-29,daytime,6,-0.13727459189829824,0.7953815348807596,-0.01531100478455936,13.2720489501953,0.6319485775502917,0.7438400190453518,normal_flow,4087170.csv
4087170,2011-11-29,nighttime,6,-0.6745550531944269,0.1416369647842615,-0.7182377049183537,13.2720489501953,0.6319485775502917,0.7438400190453518,normal_flow,4087170.csv
4087170,2011-11-30,daytime,6,0.14134077058301678,0.789400641495553,0.08528454023873688,12.9113645553589,0.6446256398047852,0.7171606554775225,normal_flow,4087170.csv
4087170,2011-11-30,nighttime,6,-0.4623929950218965,0.35584200217212913,-0.12205729412863842,12.9113645553589,0.6446256398047852,0.7171606554775225,normal_flow,4087170.csv
4087170,2011-12-20,daytime,144,-0.78504393284334,2.467067123038692e-31,-0.38429331892169943,13.852707862854,0.6120699916676586,0.6921596635321192,normal_flow,4087170.csv
4087170,2011-12-20,nighttime,96,-0.9922316200107394,6.792671049154707e-87,-0.9305782265721904,13.852707862854,0.6120699916676586,0.6921596635321192,normal_flow,4087170.csv
4087170,2011-12-21,nighttime,24,-0.9353732212834824,2.0951115461564572e-11,-0.939588603192882,11.7280530929565,0.6887870491608142,0.6876562314010237,normal_flow,4087170.csv
4087170,2011-12-25,daytime,6,-0.5061366753557337,0.305624599862983,-4.599999999998911,9.7454137802124,0.7587787168194262,0.6989048922747292,normal_flow,4087170.csv
4087170,2011-12-25,nighttime,6,0.04664774764856706,0.93007913156489,0.04100946372152497,9.7454137802124,0.7587787168194262,0.6989048922747292,normal_flow,4087170.csv
4087170,2011-12-26,daytime,6,-0.6677011270632733,0.14728716847944695,-0.24180327868835036,9.91693210601807,0.7527080109510772,0.6981470459865889,normal_flow,4087170.csv
4087170,2011-12-26,nighttime,6,-0.8448936165969824,0.03422121133475549,-0.4209601873536085,9.91693210601807,0.7527080109510772,0.6981470459865889,normal_flow,4087170.csv
4087170,2011-12-27,daytime,6,NA,NA,1.5918906796220603e-14,8.41754627227783,0.8072848470420189,0.6957227314208626,normal_flow,4087170.csv
4087170,2011-12-27,nighttime,6,0.12803687993288349,0.8089941627230752,0.01639344262287099,8.41754627227783,0.8072848470420189,0.6957227314208626,normal_flow,4087170.csv
4087170,2011-12-28,daytime,6,-0.5173595965855219,0.2931990862422639,-0.3704819277109292,7.6741886138916,0.8358528746577788,0.69008054596675,normal_flow,4087170.csv
4087170,2011-12-28,nighttime,6,0.3449043095612444,0.5031582685645576,0.19864995178364447,7.6741886138916,0.8358528746577788,0.69008054596675,normal_flow,4087170.csv
4087170,2011-12-29,daytime,6,NA,NA,-3.8392657567354874e-14,8.32897853851318,0.8103797167003928,0.6809903582906797,normal_flow,4087170.csv
4087170,2011-12-29,nighttime,6,-0.7803103106653323,0.0670938361925937,-0.4075595727197255,8.32897853851318,0.8103797167003928,0.6809903582906797,normal_flow,4087170.csv
4087170,2011-12-30,daytime,6,-0.01973593560544575,0.9703999402358882,-0.02058823529431932,10.3952503204346,0.7350315438638257,0.6722096575804467,normal_flow,4087170.csv
4087170,2011-12-30,nighttime,6,-0.6929269508519457,0.1269632350983877,-0.91208791208734,10.3952503204346,0.7350315438638257,0.6722096575804467,normal_flow,4087170.csv
4087170,2012-01-25,daytime,6,-0.7459696066592669,0.08860068747415047,-0.7610921501710308,14.9277763366699,0.579276276633734,0.6944927191207396,normal_flow,4087170.csv
4087170,2012-01-25,nighttime,6,-0.9905435465658736,1.3371394796302108e-4,-0.7630937880632774,14.9277763366699,0.579276276633734,0.6944927191207396,normal_flow,4087170.csv
4087170,2012-01-26,daytime,6,-0.7629360348550931,0.07763756811332873,-0.4853754940712752,14.4254865646362,0.5932031900964171,0.673376185374757,normal_flow,4087170.csv
4087170,2012-01-26,nighttime,6,-0.9683361541473656,0.00148802562905077,-0.8005780346820635,14.4254865646362,0.5932031900964171,0.673376185374757,normal_flow,4087170.csv
4087170,2012-01-27,daytime,6,-0.941031320870668,0.00511343163251051,-0.30679785330946907,14.2782926559448,0.5985001785501726,0.649954370511447,normal_flow,4087170.csv
4087170,2012-01-27,nighttime,6,-0.23278999884719637,0.6571225845088172,-0.7571428571429595,14.2782926559448,0.5985001785501726,0.649954370511447,normal_flow,4087170.csv
4087170,2012-01-29,daytime,6,-0.6690418736580944,0.14617445729687076,-0.7259873232570341,11.1618003845215,0.7087846684918462,0.6066539697655041,normal_flow,4087170.csv
4087170,2012-01-29,nighttime,6,-0.9909896268070212,1.2141447581897668e-4,-0.655109856883886,11.1618003845215,0.7087846684918462,0.6066539697655041,normal_flow,4087170.csv
4087170,2012-01-30,daytime,6,0.4855874259575291,0.328868440609231,0.07714285714288653,9.79161548614502,0.7571717652660398,0.5918501765662818,normal_flow,4087170.csv
4087170,2012-01-30,nighttime,6,-0.9421863960511218,0.00491700073736516,-0.20781318842704877,9.79161548614502,0.7571717652660398,0.5918501765662818,normal_flow,4087170.csv
4087170,2012-01-31,daytime,6,-0.5517986915814889,0.25630829095792207,-0.1905916585842155,10.1321153640747,0.7452684204261397,0.5939451652581041,normal_flow,4087170.csv
4087170,2012-01-31,nighttime,6,-0.4734657197356849,0.3428697753500082,-0.25093632958760187,10.1321153640747,0.7452684204261397,0.5939451652581041,normal_flow,4087170.csv
4087170,2012-02-25,daytime,6,-0.3792343893271166,0.458418918624224,-0.0710605152785781,14.5532598495483,0.5898702535412451,0.5749474268936238,normal_flow,4087170.csv
4087170,2012-02-25,nighttime,6,NA,NA,-0,14.5532598495483,0.5898702535412451,0.5749474268936238,normal_flow,4087170.csv
4087170,2012-02-26,daytime,6,0.4103168799176506,0.4190651431645918,0.0841799709726245,14.2326364517212,0.5994524461373646,0.5377574098321628,normal_flow,4087170.csv
4087170,2012-02-26,nighttime,6,-0.5781756934279155,0.22937480716830833,-0.362404741744223,14.2326364517212,0.5994524461373646,0.5377574098321628,normal_flow,4087170.csv
4087170,2012-02-27,daytime,6,-0.2741134483987408,0.5991280205703864,-0.14249578414840963,14.2059211730957,0.6001666468277586,0.5042177518549379,normal_flow,4087170.csv
4087170,2012-02-27,nighttime,6,-0.00932140129125733,0.9860183030245048,-0.00738552437253002,14.2059211730957,0.6001666468277586,0.5042177518549379,normal_flow,4087170.csv
4087170,2012-02-28,daytime,6,-0.96718383970194,0.00159768069736842,-0.7272727272726764,14.3669767379761,0.5951672419950006,0.4720628496607547,normal_flow,4087170.csv
4087170,2012-02-28,nighttime,6,-0.5935379778775104,0.214240988274823,-0.04791107704095587,14.3669767379761,0.5951672419950006,0.4720628496607547,normal_flow,4087170.csv
4087170,2012-02-29,daytime,6,-0.9330412991953289,0.006575097836926,-0.4729262672810755,20.1743698120117,0.4473872158076419,0.4412450898702536,normal_flow,4087170.csv
4087170,2012-02-29,nighttime,6,0.2269104111181769,0.665476002917048,0.18181818181766185,20.1743698120117,0.4473872158076419,0.4412450898702536,normal_flow,4087170.csv
4087170,2012-03-25,daytime,6,-0.2098532679321444,0.6898408985559595,-0.13557887610027436,39.5846900939941,0.1970003571003452,0.2797920882434631,normal_flow,4087170.csv
4087170,2012-03-25,nighttime,6,-0.00881723907580461,0.9867744841287096,-0.00236686390533187,39.5846900939941,0.1970003571003452,0.2797920882434631,normal_flow,4087170.csv
4087170,2012-03-26,daytime,6,0.7870151037299302,0.06321307834755986,0.4140692021733388,39.4594497680664,0.1986073086537317,0.2684243939213586,normal_flow,4087170.csv
4087170,2012-03-26,nighttime,6,-0.9232584387105504,0.00860792506270592,-1.834823776959152,39.4594497680664,0.1986073086537317,0.2684243939213586,normal_flow,4087170.csv
4087170,2012-03-27,daytime,6,-0.24236302811761232,0.6435736402550802,-0.3455284552844612,41.629150390625,0.1824782763956672,0.25340634051501804,normal_flow,4087170.csv
4087170,2012-03-27,nighttime,6,0.44527157295400455,0.3762339196597057,1.1098307526101363,41.629150390625,0.1824782763956672,0.25340634051501804,normal_flow,4087170.csv
4087170,2012-03-28,daytime,6,-0.8273571232056957,0.04213548529928075,-2.3388981636061423,40.5913124084473,0.1896798000238067,0.23738840614212595,high_flow,4087170.csv
4087170,2012-03-28,nighttime,6,-0.2894706560058171,0.5779218610614487,-0.27969348659004867,40.5913124084473,0.1896798000238067,0.23738840614212595,high_flow,4087170.csv
4087170,2012-03-29,daytime,6,-0.8178364731472885,0.04675290947543593,-1.453571428571354,36.9406929016113,0.21967622902035472,0.2224060627703051,high_flow,4087170.csv
4087170,2012-03-29,nighttime,6,-0.0558603389583777,0.916296644233969,-0.03707742639064632,36.9406929016113,0.21967622902035472,0.2224060627703051,high_flow,4087170.csv
4087170,2012-03-30,daytime,6,0.7714945952710678,0.07235640712340015,3.3569620253142394,34.6425361633301,0.23949529817878823,0.2094155457683609,high_flow,4087170.csv
4087170,2012-03-30,nighttime,6,0.855849096502084,0.02967153384605789,0.9382099045886096,34.6425361633301,0.23949529817878823,0.2094155457683609,high_flow,4087170.csv
4087170,2012-03-31,daytime,6,-0.9444529381565976,0.00454251955385182,-0.3795352146075186,38.0076484680176,0.20955838590643971,0.2000952267587192,high_flow,4087170.csv
4087170,2012-03-31,nighttime,6,-0.4969311274673167,0.3159595306319472,-0.11461345985115882,38.0076484680176,0.20955838590643971,0.2000952267587192,high_flow,4087170.csv
4087170,2012-04-25,daytime,6,0.8298944549654343,0.0409427664587863,3.14719626168136,44.8088722229004,0.16099273895964766,0.189842479069952,high_flow,4087170.csv
4087170,2012-04-25,nighttime,6,0.6609836226873442,0.15291622334718355,4.2205585948745314,44.8088722229004,0.16099273895964766,0.189842479069952,high_flow,4087170.csv
4087170,2012-04-26,daytime,6,-0.8836431300479384,0.01952070853175196,-7.508196721310409,42.0698280334473,0.17884775621949767,0.1905050985993731,high_flow,4087170.csv
4087170,2012-04-26,nighttime,6,-0.22656905543339695,0.665961712331381,-1.0219922380344826,42.0698280334473,0.17884775621949767,0.1905050985993731,high_flow,4087170.csv
4087170,2012-04-27,daytime,6,0.998496783554264,3.387791145299054e-6,1.0476494023904703,37.015453338623,0.21884299488156173,0.1918144665317621,high_flow,4087170.csv
4087170,2012-04-27,nighttime,6,-0.9315590377160284,0.00686595358659125,-1.4455445544553338,37.015453338623,0.21884299488156173,0.1918144665317621,high_flow,4087170.csv
4087170,2012-04-28,daytime,6,-0.947798820313188,0.00401632159524655,-4.885093167704573,33.5380477905273,0.25038685870729677,0.19180256318692215,high_flow,4087170.csv
4087170,2012-04-28,nighttime,6,0.677801515004744,0.13899378299016557,0.7357021173035914,33.5380477905273,0.25038685870729677,0.19180256318692215,high_flow,4087170.csv
4087170,2012-04-29,daytime,6,-0.9527814887531731,0.00329174279814193,-2.005586592178896,32.6511001586914,0.26020711820021425,0.1891917628853708,high_flow,4087170.csv
4087170,2012-04-29,nighttime,6,-0.2169646257754625,0.6796597196388051,-1.6400000000010868,32.6511001586914,0.26020711820021425,0.1891917628853708,high_flow,4087170.csv
4087170,2012-04-30,daytime,6,0.8151566448005094,0.04809282138729332,1.0992618987019565,33.8434982299805,0.24699440542792525,0.18212911161369677,high_flow,4087170.csv
4087170,2012-04-30,nighttime,6,0.4067559125902907,0.42351508972707025,2.352168199736337,33.8434982299805,0.24699440542792525,0.18212911161369677,high_flow,4087170.csv
4087170,2012-05-25,daytime,6,-0.9245131002952016,0.00833233559606545,-0.4859691717012348,24.0186862945557,0.3762052136650399,0.29484188390271,normal_flow,4087170.csv
4087170,2012-05-25,nighttime,6,-0.9425384239784316,0.00485788482243044,-0.4024672670047655,24.0186862945557,0.3762052136650399,0.29484188390271,normal_flow,4087170.csv
4087170,2012-05-26,daytime,6,-0.9224411271212618,0.00878979514496215,-0.6197333212390765,25.9967346191406,0.3441256993215093,0.304007459429433,normal_flow,4087170.csv
4087170,2012-05-26,nighttime,6,-0.6780464989192929,0.13879519203384116,-0.28593732574997544,25.9967346191406,0.3441256993215093,0.304007459429433,normal_flow,4087170.csv
4087170,2012-05-27,daytime,6,-0.4859194583036335,0.3284879098335134,-0.47077211628639737,31.2784461975098,0.2760980835614808,0.3163988414077689,normal_flow,4087170.csv
4087170,2012-05-27,nighttime,6,-0.984437085243514,3.6142177101688966e-4,-0.8130269523151447,31.2784461975098,0.2760980835614808,0.3163988414077689,normal_flow,4087170.csv
4087170,2012-05-28,daytime,6,-0.8608889122829236,0.02768181052639401,-1.0466065495965011,30.2785758972168,0.2869896440899893,0.33130976471055035,normal_flow,4087170.csv
4087170,2012-05-28,nighttime,6,-0.887376506738167,0.01831181577237658,-0.5766331658291353,30.2785758972168,0.2869896440899893,0.33130976471055035,normal_flow,4087170.csv
4087170,2012-05-29,daytime,6,-0.29904056365123005,0.56481004440763,-0.25617283950615716,30.037181854248,0.2895488632305678,0.34832758004999403,normal_flow,4087170.csv
4087170,2012-05-29,nighttime,6,-0.8403203325944688,0.03621067043506126,-1.007740658829029,30.037181854248,0.2895488632305678,0.34832758004999403,normal_flow,4087170.csv
4087170,2012-05-30,daytime,6,-0.508462815723811,0.30303334979845153,-0.29794632185161773,33.1978759765625,0.25401737888346626,0.3666666666666667,normal_flow,4087170.csv
4087170,2012-05-30,nighttime,6,-0.8123390740116784,0.04952054265961222,-1.0732137301669489,33.1978759765625,0.25401737888346626,0.3666666666666667,normal_flow,4087170.csv
4087170,2012-05-31,daytime,6,-0.9505638974192512,0.00360548321401533,-0.7539987204094355,31.3116130828857,0.2755624330436853,0.3859064397095584,normal_flow,4087170.csv
4087170,2012-05-31,nighttime,6,-0.8866185826568287,0.01855424003457036,-0.6068724921057329,31.3116130828857,0.2755624330436853,0.3859064397095584,normal_flow,4087170.csv
4087170,2012-06-25,daytime,6,0.7365015067227585,0.09499964192339425,0.3604972375690733,11.5792274475098,0.6938459707177717,0.6728325992937348,normal_flow,4087170.csv
4087170,2012-06-25,nighttime,6,-0.7729764043729273,0.07145920397898466,-5.397238343006311,11.5792274475098,0.6938459707177717,0.6728325992937348,normal_flow,4087170.csv
4087170,2012-06-26,daytime,6,0.6741868693510469,0.14193807867294264,0.3667892532434503,10.7002182006836,0.7239614331627188,0.6927310240844344,normal_flow,4087170.csv
4087170,2012-06-26,nighttime,6,-0.7807802675697195,0.06681838338351906,-1.299729972997646,10.7002182006836,0.7239614331627188,0.6927310240844344,normal_flow,4087170.csv
4087170,2012-06-27,daytime,6,0.7253630386098243,0.10278088119239306,1.7009934577174592,10.009747505188,0.7493750743959052,0.7072967503868587,normal_flow,4087170.csv
4087170,2012-06-27,nighttime,6,-0.0993306057792481,0.851494117481136,-0.11661494736226902,10.009747505188,0.7493750743959052,0.7072967503868587,normal_flow,4087170.csv
4087170,2012-06-28,daytime,6,-0.6469536876941332,0.16496040191823771,-0.1265574784745929,9.59736728668213,0.7641352219973813,0.7195373566638892,normal_flow,4087170.csv
4087170,2012-06-28,nighttime,6,-0.6410517266114822,0.1701416533782545,-1.171312474603745,9.59736728668213,0.7641352219973813,0.7195373566638892,normal_flow,4087170.csv
4087170,2012-06-29,daytime,6,-0.9573965736157688,0.00268391419366712,-0.7334058759521375,9.42223262786865,0.7702059278657303,0.7309010832043804,normal_flow,4087170.csv
4087170,2012-06-29,nighttime,6,-0.525934867362491,0.2838364593468458,-0.992913385827478,9.42223262786865,0.7702059278657303,0.7309010832043804,normal_flow,4087170.csv
4087170,2012-06-30,daytime,6,0.16994692342942389,0.7475338147048212,0.09538002980625708,9.39854717254639,0.7710391620045233,0.7435305320795144,normal_flow,4087170.csv
4087170,2012-06-30,nighttime,6,-0.9391609844147852,0.00543948439135183,-0.4685356397256334,9.39854717254639,0.7710391620045233,0.7435305320795144,normal_flow,4087170.csv
4087170,2012-07-25,daytime,6,0.8977301759299783,0.01515384934954135,2.57448186528498,11.994086265564,0.6786692060468992,0.5311391501011784,normal_flow,4087170.csv
4087170,2012-07-25,nighttime,6,-0.6752809142567162,0.14104413336256383,-0.5842185128984072,11.994086265564,0.6786692060468992,0.5311391501011784,normal_flow,4087170.csv
4087170,2012-07-26,daytime,6,-0.03828620938105756,0.9425987465388568,-0.01357979834680394,17.9656181335449,0.4977978812046185,0.5163115502122764,normal_flow,4087170.csv
4087170,2012-07-26,nighttime,6,0.5000359340671265,0.3124595751429489,0.30231784407229295,17.9656181335449,0.4977978812046185,0.5163115502122764,normal_flow,4087170.csv
4087170,2012-07-27,daytime,6,0.9162246051271544,0.01023349404910259,2.138173528599079,22.0771636962891,0.41030829663135343,0.5266079434987898,normal_flow,4087170.csv
4087170,2012-07-27,nighttime,6,0.4844829395340268,0.3301354093059133,0.3575467594606015,22.0771636962891,0.41030829663135343,0.5266079434987898,normal_flow,4087170.csv
4087170,2012-07-28,daytime,6,0.6778703474665512,0.13893797310185027,1.2252309652754954,20.6779518127441,0.43786453993572194,0.542613974526842,normal_flow,4087170.csv
4087170,2012-07-28,nighttime,6,-0.6692615286607929,0.1459925051978149,-0.8510231563382468,20.6779518127441,0.43786453993572194,0.542613974526842,normal_flow,4087170.csv
4087170,2012-07-29,daytime,6,0.6722515715326525,0.14352533902202588,8.945973360084295,19.5577335357666,0.4607189620283299,0.550521763282149,normal_flow,4087170.csv
4087170,2012-07-29,nighttime,6,-0.3829120865284547,0.45370347423832,-8.346852071828785,19.5577335357666,0.4607189620283299,0.550521763282149,normal_flow,4087170.csv
4087170,2012-07-30,daytime,6,0.7471633939182668,0.08780806345481813,1.6610367892978315,20.3513679504395,0.44399476252827047,0.5551402610800301,normal_flow,4087170.csv
4087170,2012-07-30,nighttime,6,-0.0931400052649926,0.8606939896965943,-0.21421737233881727,20.3513679504395,0.44399476252827047,0.5551402610800301,normal_flow,4087170.csv
4087170,2012-07-31,daytime,6,0.8369563309438465,0.03770774269790952,3.7520110957000807,22.9026947021484,0.3951910486846804,0.5584493909455224,normal_flow,4087170.csv
4087170,2012-07-31,nighttime,6,0.8707655505349727,0.02397310704000056,3.4401333522482997,22.9026947021484,0.3951910486846804,0.5584493909455224,normal_flow,4087170.csv
4087170,2012-08-25,daytime,6,0.21361446208048196,0.684452042422056,2.0030211480339326,5.91085052490234,0.8905487441971194,0.7930881244296314,low_flow,4087170.csv
4087170,2012-08-25,nighttime,6,0.8773194828462955,0.02165256180214386,1.00122321388121,5.91085052490234,0.8905487441971194,0.7930881244296314,low_flow,4087170.csv
4087170,2012-08-26,daytime,6,-0.3807887856869985,0.4564240273389209,-1.0270004372541508,4.88259077072144,0.91429591715272,0.8130976471055033,low_flow,4087170.csv
4087170,2012-08-26,nighttime,6,0.25710459991990786,0.6228407639186861,0.611823431535753,4.88259077072144,0.91429591715272,0.8130976471055033,low_flow,4087170.csv
4087170,2012-08-27,daytime,6,-0.5178029313967014,0.2927122317228527,-0.4379031660117243,7.49187612533569,0.8413879300083323,0.8310201166527794,low_flow,4087170.csv
4087170,2012-08-27,nighttime,6,-0.9359548444364602,0.0060213232951622,-0.6260265662208704,7.49187612533569,0.8413879300083323,0.8310201166527794,low_flow,4087170.csv
4087170,2012-08-28,daytime,6,-0.3307786772014998,0.5219279814920874,-3.128088021589991,7.6181583404541,0.8378169265563623,0.8452168392651668,low_flow,4087170.csv
4087170,2012-08-28,nighttime,6,-0.9029246156884072,0.01367804409532271,-2.5194931598204917,7.6181583404541,0.8378169265563623,0.8452168392651668,low_flow,4087170.csv
4087170,2012-08-29,daytime,6,0.9621386399828236,0.00212308707346102,6.175654853620393,6.40880680084229,0.8770979645280323,0.8510931238344641,low_flow,4087170.csv
4087170,2012-08-29,nighttime,6,0.4935331253844016,0.3198064640691595,3.706896551724874,6.40880680084229,0.8770979645280323,0.8510931238344641,low_flow,4087170.csv
4087170,2012-08-30,daytime,6,-0.3694170482909353,0.4710814069382333,-0.9728782913320712,5.80089950561523,0.8932269967860968,0.8525731063762251,low_flow,4087170.csv
4087170,2012-08-30,nighttime,6,0.2568898728418121,0.6231415812289478,0.7627494456758059,5.80089950561523,0.8932269967860968,0.8525731063762251,low_flow,4087170.csv
4087170,2012-08-31,daytime,6,-0.4736399875003336,0.34266699362560554,-0.419064257247376,4.9058780670166,0.9137602666349244,0.8518152600880847,low_flow,4087170.csv
4087170,2012-08-31,nighttime,6,-0.930336327548918,0.00711050103836095,-0.32826412622649626,4.9058780670166,0.9137602666349244,0.8518152600880847,low_flow,4087170.csv
4087170,2012-09-25,daytime,6,0.2895819487440152,0.5777689157050849,0.13646839601824587,6.64848470687866,0.8694203071062969,0.9151847002340991,low_flow,4087170.csv
4087170,2012-09-25,nighttime,6,-0.6766980486121782,0.13988979653937153,-1.0248192300176426,6.64848470687866,0.8694203071062969,0.9151847002340991,low_flow,4087170.csv
4087170,2012-09-26,daytime,6,-0.2608901792311506,0.6175433047234451,-0.24511278195442224,5.92233896255493,0.8903106773003214,0.9245645359679404,low_flow,4087170.csv
4087170,2012-09-26,nighttime,6,0.5368249040925427,0.27211400670637914,0.8955223880599343,5.92233896255493,0.8903106773003214,0.9245645359679404,low_flow,4087170.csv
4087170,2012-09-27,daytime,6,-0.5763816189047181,0.23116910348821035,-0.1894557518156813,4.66556119918823,0.919414355433877,0.9331151053446018,low_flow,4087170.csv
4087170,2012-09-27,nighttime,6,0.4928652388054132,0.3205646033600305,1.4525139664809676,4.66556119918823,0.919414355433877,0.9331151053446018,low_flow,4087170.csv
4087170,2012-09-28,daytime,6,0.7168145918686184,0.1089360812441812,0.9192507476782614,3.38790512084961,0.9480418997738363,0.9389239376264732,low_flow,4087170.csv
4087170,2012-09-28,nighttime,6,0.6065938611928913,0.20170916770697547,0.7112171837705944,3.38790512084961,0.9480418997738363,0.9389239376264732,low_flow,4087170.csv
4087170,2012-09-29,daytime,6,0.8765410121026094,0.02192229408018047,0.2682119205298156,2.35960960388184,0.9663730508272824,0.9432924651827164,low_flow,4087170.csv
4087170,2012-09-29,nighttime,6,0.8027557237491465,0.0545210324550203,1.1362932369643095,2.35960960388184,0.9663730508272824,0.9432924651827164,low_flow,4087170.csv
4087170,2012-09-30,daytime,6,0.6685723579674836,0.14656370718387876,0.15045653036921408,1.63664305210114,0.9814902987739554,0.9497599492123954,low_flow,4087170.csv
4087170,2012-09-30,nighttime,6,0.01917347204082187,0.9712433162341252,0.04054054054094246,1.63664305210114,0.9814902987739554,0.9497599492123954,low_flow,4087170.csv
4087170,2012-10-25,daytime,6,0.3734354434019535,0.46588537373328776,0.32294617563729694,20.5800552368164,0.43935245804070944,0.5028925127960957,normal_flow,4087170.csv
4087170,2012-10-25,nighttime,6,-0.13276679547267767,0.8020199484019945,-0.05142127115932976,20.5800552368164,0.43935245804070944,0.5028925127960957,normal_flow,4087170.csv
4087170,2012-10-26,daytime,6,-0.37826207203712103,0.45966817574730007,-0.5781556572923348,19.4748077392578,0.4620878466849185,0.5433123040907828,normal_flow,4087170.csv
4087170,2012-10-26,nighttime,6,-0.9587911924734182,0.00251225903247809,-0.7283181600383134,19.4748077392578,0.4620878466849185,0.5433123040907828,normal_flow,4087170.csv
4087170,2012-10-27,daytime,6,-0.9606226758459158,0.00229533176553495,-0.4442573256988697,18.9329090118408,0.47500297583621,0.5861286354799032,normal_flow,4087170.csv
4087170,2012-10-27,nighttime,6,-0.7388924137752525,0.09336496902219169,-0.5183662984844998,18.9329090118408,0.47500297583621,0.5861286354799032,normal_flow,4087170.csv
4087170,2012-10-28,daytime,6,-0.5155072840988126,0.2952365268476676,-1.2220609579101993,16.2056789398193,0.543447208665635,0.6261635519581003,normal_flow,4087170.csv
4087170,2012-10-28,nighttime,6,-0.8941176470588308,0.01622308162018915,-0.625882352941257,16.2056789398193,0.543447208665635,0.6261635519581003,normal_flow,4087170.csv
4087170,2012-10-29,daytime,6,-0.7338884103896138,0.09680067076660206,-1.0055710306408685,14.2484579086304,0.5992143792405666,0.6639011228821966,normal_flow,4087170.csv
4087170,2012-10-29,nighttime,6,-0.4375481814858947,0.3855616798384708,-0.2110964332892923,14.2484579086304,0.5992143792405666,0.6639011228821966,normal_flow,4087170.csv
4087170,2012-10-30,daytime,6,-0.249420923170396,0.6336269524432803,-2.2000000000098083,11.3352403640747,0.7027734793476967,0.6975637820894338,normal_flow,4087170.csv
4087170,2012-10-30,nighttime,6,-3.935551178955006e-13,0.9999999999994096,-1.0738858522266801e-13,11.3352403640747,0.7027734793476967,0.6975637820894338,normal_flow,4087170.csv
4087170,2012-10-31,daytime,6,-0.504184173365475,0.30780597207070814,-0.6285714285716961,8.21066379547119,0.8142483037733603,0.7366702376701186,normal_flow,4087170.csv
4087170,2012-10-31,nighttime,6,NA,NA,1.9789568098853093e-14,8.21066379547119,0.8142483037733603,0.7366702376701186,normal_flow,4087170.csv
4087170,2012-11-20,daytime,144,-0.7557109954193273,6.9467596158709615e-28,-0.40346984974126326,4.04760932922363,0.934174503035353,0.8627861762488592,low_flow,4087170.csv
4087170,2012-11-20,nighttime,120,-0.8972930569043109,1.0129593841119771e-43,-0.7013491810299612,4.04760932922363,0.934174503035353,0.8627861762488592,low_flow,4087170.csv
4087170,2012-11-21,nighttime,24,-0.5890908824376847,0.00245508097265022,-0.285684435633087,4.4356517791748,0.9249494107844304,0.8793715033924533,low_flow,4087170.csv
4087170,2012-11-25,daytime,6,-0.9618025364298,0.00216070340231623,-0.5725763256561089,5.56907892227173,0.8979883347220569,0.936662302106892,low_flow,4087170.csv
4087170,2012-11-25,nighttime,6,-0.9761955995608892,8.43229844829873e-4,-0.8442421483841329,5.56907892227173,0.8979883347220569,0.936662302106892,low_flow,4087170.csv
4087170,2012-11-26,daytime,6,0.6067628661294395,0.20154896589262827,0.3825731790333776,4.31498527526855,0.9275086299250088,0.9419989683767804,low_flow,4087170.csv
4087170,2012-11-26,nighttime,6,-0.43742165046658976,0.3857151506302944,-0.5424739195231123,4.31498527526855,0.9275086299250088,0.9419989683767804,low_flow,4087170.csv
4087170,2012-11-27,daytime,6,-0.9781449098804323,7.112479593334786e-4,-1.407431765866484,3.1650288105011,0.9517319366742054,0.9396143316271872,low_flow,4087170.csv
4087170,2012-11-27,nighttime,6,-0.30587638433931247,0.5554943761899823,-0.16191275167782346,3.1650288105011,0.9517319366742054,0.9396143316271872,low_flow,4087170.csv
4087170,2012-11-28,daytime,6,0.8625994137095955,0.02702139425469575,0.6363636363630965,2.31555604934692,0.9672062849660754,0.9286513510296394,low_flow,4087170.csv
4087170,2012-11-28,nighttime,6,-0.06210996259858484,0.906954855271666,-0.02538870301119735,2.31555604934692,0.9672062849660754,0.9286513510296394,low_flow,4087170.csv
4087170,2012-11-29,daytime,6,-0.9875130798416196,2.3291126244385143e-4,-1.0606361829025726,1.75592422485352,0.978812046184978,0.9194103876522636,low_flow,4087170.csv
4087170,2012-11-29,nighttime,6,-0.8491210167253755,0.03242936152829234,-0.934931506849328,1.75592422485352,0.978812046184978,0.9194103876522636,low_flow,4087170.csv
4087170,2012-11-30,daytime,6,-0.9940336575866006,5.3289670024136025e-5,-0.8805998908121665,1.41138470172882,0.985477919295322,0.9110145617585208,low_flow,4087170.csv
4087170,2012-11-30,nighttime,6,-0.9943261613335804,4.819734044862786e-5,-0.8685982536336924,1.41138470172882,0.985477919295322,0.9110145617585208,low_flow,4087170.csv
4087170,2012-12-20,daytime,144,-0.934628947059868,1.2438298995043673e-65,-0.8595639530001573,26.627010345459,0.3344244732769908,0.45016069515533863,normal_flow,4087170.csv
4087170,2012-12-20,nighttime,120,-0.8848966016715408,5.799015302893294e-41,-0.5803939547588027,26.627010345459,0.3344244732769908,0.45016069515533863,normal_flow,4087170.csv
4087170,2012-12-21,nighttime,24,-0.7722565346116088,9.821744106036465e-6,-0.3173660122611122,50.4821929931641,0.13075824306630163,0.43986430186882514,normal_flow,4087170.csv
4087170,2012-12-25,daytime,6,-0.9917130688389358,1.0272529694551918e-4,-0.22058047493409044,37.0543212890625,0.21848589453636472,0.44414553822957586,normal_flow,4087170.csv
4087170,2012-12-25,nighttime,6,-0.02088931871437053,0.9686705795979818,-0.0119999999998239,37.0543212890625,0.21848589453636472,0.44414553822957586,normal_flow,4087170.csv
4087170,2012-12-26,daytime,6,0.9760572779942804,8.530182757381033e-4,0.8858111927641807,28.4964218139648,0.3085346982502083,0.45154545093838033,normal_flow,4087170.csv
4087170,2012-12-26,nighttime,6,-0.9117112439990696,0.01134825544637899,-2.533287577213135,28.4964218139648,0.3085346982502083,0.45154545093838033,normal_flow,4087170.csv
4087170,2012-12-27,daytime,6,-0.7125427814008557,0.11207094628562551,-0.5137614678900577,21.2091751098633,0.4276276633734079,0.4659604015394993,normal_flow,4087170.csv
4087170,2012-12-27,nighttime,6,0.7070440366450135,0.1161635860985317,0.5317527519054346,21.2091751098633,0.4276276633734079,0.4659604015394993,normal_flow,4087170.csv
4087170,2012-12-28,daytime,6,0.4116065683108512,0.4174573331595987,0.7216035634744056,16.1138820648193,0.5460064278062136,0.4990556679760346,normal_flow,4087170.csv
4087170,2012-12-28,nighttime,6,-0.923958442682966,0.00845362940928978,-3.3815789473670885,16.1138820648193,0.5460064278062136,0.4990556679760346,normal_flow,4087170.csv
4087170,2012-12-29,daytime,6,-0.8919805826123389,0.01687209601145678,-2.155740432612356,12.8727378845215,0.6465896917033687,0.5461611712891322,normal_flow,4087170.csv
4087170,2012-12-29,nighttime,6,-0.99256834521326,8.26390160413904e-5,-1.093511450381646,12.8727378845215,0.6465896917033687,0.5461611712891322,normal_flow,4087170.csv
4087170,2012-12-30,daytime,6,0.2797622013034445,0.5913047566616472,0.06564319745895439,10.7728385925293,0.7213426972979408,0.593016704360592,normal_flow,4087170.csv
4087170,2012-12-30,nighttime,6,-0.2615228187994487,0.6166590917938494,-0.2061789315597509,10.7728385925293,0.7213426972979408,0.593016704360592,normal_flow,4087170.csv
4087170,2012-12-31,daytime,6,-0.8369376002585345,0.03771615801393382,-0.6567796610169624,9.52275466918945,0.7669920247589572,0.6397492362020394,normal_flow,4087170.csv
4087170,2012-12-31,nighttime,6,-0.2565026984420327,0.6236840747071117,-0.3236574746007118,9.52275466918945,0.7669920247589572,0.6397492362020394,normal_flow,4087170.csv
4087170,2013-01-01,daytime,6,0.32520602534368015,0.5293876873218821,0.02243371855879579,8.78771686553955,0.7943697178907273,0.6860611831924771,normal_flow,4087170.csv
4087170,2013-01-01,nighttime,6,0.24350104246172008,0.6419673604601681,0.05004140541802853,8.78771686553955,0.7943697178907273,0.6860611831924771,normal_flow,4087170.csv
4087170,2013-01-02,daytime,6,-0.7982253600616872,0.05696208198850329,-0.3955223880600457,8.332932472229,0.8102011665277943,0.7284053485696147,normal_flow,4087170.csv
4087170,2013-01-02,nighttime,6,0.9130464643996218,0.01101265178197889,0.392307692307616,8.332932472229,0.8102011665277943,0.7284053485696147,normal_flow,4087170.csv
4087170,2013-01-03,daytime,6,-0.9473834193697782,0.00407992221419498,-0.9589270746018764,8.01966953277588,0.8219259611950959,0.7653850732055708,normal_flow,4087170.csv
4087170,2013-01-03,nighttime,6,0.20508555735849715,0.6966846220354728,0.466666666667198,8.01966953277588,0.8219259611950959,0.7653850732055708,normal_flow,4087170.csv
4087170,2013-01-04,daytime,6,0.820983499037014,0.0452018987914037,0.36984352773816714,7.78434085845947,0.8308534698250208,0.7745466809506805,normal_flow,4087170.csv
4087170,2013-01-04,nighttime,6,-0.8958070422895896,0.01571869029688141,-0.7512487512491243,7.78434085845947,0.8308534698250208,0.7745466809506805,normal_flow,4087170.csv
4087170,2013-01-05,daytime,6,-0.5477225575062752,0.2605745473668609,-0.12000000000052202,7.62707662582397,0.8373407927627663,0.7660834027695116,normal_flow,4087170.csv
4087170,2013-01-05,nighttime,6,-0.9789834459482492,6.579018571755857e-4,-0.6573651452282109,7.62707662582397,0.8373407927627663,0.7660834027695116,normal_flow,4087170.csv
4087170,2013-01-06,daytime,6,-0.7766116645062053,0.06927972137500406,-0.4031823745411086,7.45788955688477,0.8426377812165219,0.7510851882712376,normal_flow,4087170.csv
4087170,2013-01-06,nighttime,6,-0.13141220939236417,0.8040163757231564,-0.2970297029705538,7.45788955688477,0.8426377812165219,0.7510851882712376,normal_flow,4087170.csv
4087170,2013-01-07,daytime,6,0.5130816815302588,0.2979125754088451,0.23264201983768357,7.02805709838867,0.8570408284728008,0.7304646272269174,normal_flow,4087170.csv
4087170,2013-01-07,nighttime,6,0.763775718657109,0.0771119834708458,0.8437978560488215,7.02805709838867,0.8570408284728008,0.7304646272269174,normal_flow,4087170.csv
4087170,2013-01-08,daytime,6,-0.6251972645366777,0.1843900368694974,-0.1520056298381292,6.9048285484314,0.8609689322699678,0.7060865769948023,normal_flow,4087170.csv
4087170,2013-01-08,nighttime,6,-0.50602431370538,0.3057499756664308,-1.300000000000841,6.9048285484314,0.8609689322699678,0.7060865769948023,normal_flow,4087170.csv
4087170,2013-01-09,daytime,6,-0.1471545704866246,0.7808614212105716,-0.10053859964120174,7.13024234771729,0.8536483751934294,0.6817204301075269,normal_flow,4087170.csv
4087170,2013-01-09,nighttime,6,-0.9548533187827284,0.00301132473933739,-0.9767765908033732,7.13024234771729,0.8536483751934294,0.6817204301075269,normal_flow,4087170.csv
4087170,2013-01-10,daytime,6,-0.5971299550376526,0.2107626447856236,-0.2340080971659605,6.82006072998047,0.8632305677895489,0.6608062532238226,normal_flow,4087170.csv
4087170,2013-01-10,nighttime,6,-0.9046397419531084,0.01320678521098156,-0.18589083419143215,6.82006072998047,0.8632305677895489,0.6608062532238226,normal_flow,4087170.csv
4087170,2013-01-11,daytime,6,-0.5439831951316086,0.26451233978472727,-0.881097560975711,15.3904857635498,0.5650517795500536,0.6439749236202039,normal_flow,4087170.csv
4087170,2013-01-11,nighttime,6,0.1706186384568156,0.746555458002213,0.14935064935098305,15.3904857635498,0.5650517795500536,0.6439749236202039,normal_flow,4087170.csv
4087170,2013-01-12,daytime,6,-0.8579005627837324,0.02885372140114226,-2.4361702127658176,21.6589469909668,0.4190572550886799,0.6297543943181367,normal_flow,4087170.csv
4087170,2013-01-12,nighttime,6,-0.8192721839793928,0.04604230015063502,-1.8684834123223633,21.6589469909668,0.4190572550886799,0.6297543943181367,normal_flow,4087170.csv
4087170,2013-01-13,daytime,6,-0.9451173257788016,0.00443550562539368,-0.47884552312234857,21.5314903259277,0.4216164742292584,0.6181962464785938,normal_flow,4087170.csv
4087170,2013-01-13,nighttime,6,-0.8266408065254861,0.04247509748710367,-0.3181208053689157,21.5314903259277,0.4216164742292584,0.6181962464785938,normal_flow,4087170.csv
4087170,2013-01-14,daytime,6,-0.9747785460488828,9.461606515335838e-4,-0.6856672158155418,21.9895248413086,0.41203428163313893,0.6083997936753561,normal_flow,4087170.csv
4087170,2013-01-14,nighttime,6,-0.7932292886110436,0.05971103999601232,-0.5422483468036718,21.9895248413086,0.41203428163313893,0.6083997936753561,normal_flow,4087170.csv
4087170,2013-01-15,daytime,6,0.7297453678417901,0.09968697901049677,0.7607547169807267,22.5686817169189,0.4013212712772289,0.5993492838154189,normal_flow,4087170.csv
4087170,2013-01-15,nighttime,6,0.7427997778153822,0.09072078276682416,0.3842105263161936,22.5686817169189,0.4013212712772289,0.5993492838154189,normal_flow,4087170.csv
4087170,2013-01-16,daytime,6,0.782994615985109,0.0655274682359241,2.1423705722072612,21.1267623901367,0.42887751458159745,0.5903265484267746,normal_flow,4087170.csv
4087170,2013-01-16,nighttime,6,-0.557003419189396,0.2509008089258098,-0.29375000000019863,21.1267623901367,0.42887751458159745,0.5903265484267746,normal_flow,4087170.csv
4087170,2013-01-17,daytime,6,-0.9812288023488078,5.25229702361352e-4,-0.34353923562797817,18.0435771942139,0.4964885132722295,0.5827242788556918,normal_flow,4087170.csv
4087170,2013-01-17,nighttime,6,-0.7490628455536742,0.08655349523463268,-0.2378752886833906,18.0435771942139,0.4964885132722295,0.5827242788556918,normal_flow,4087170.csv
4087170,2013-01-18,daytime,6,-0.9936270530218644,6.079226290084107e-5,-0.9690217391302846,15.2373781204224,0.5694560171408166,0.5758084355037099,normal_flow,4087170.csv
4087170,2013-01-18,nighttime,6,-0.9659905211660867,0.00171529853495089,-0.8991326694507312,15.2373781204224,0.5694560171408166,0.5758084355037099,normal_flow,4087170.csv
4087170,2013-01-19,daytime,6,-0.9308144307935238,0.00701438116983419,-0.9188034188034808,13.6933689117432,0.6175455302940126,0.590001190334484,normal_flow,4087170.csv
4087170,2013-01-19,nighttime,6,-0.8808386121465501,0.02045314226133164,-2.7163375224415085,13.6933689117432,0.6175455302940126,0.590001190334484,normal_flow,4087170.csv
4087170,2013-01-20,daytime,6,0.09905922325731358,0.851897185805699,0.05160142348748064,12.3742256164551,0.6639685751696227,0.6154227671308972,normal_flow,4087170.csv
4087170,2013-01-20,nighttime,6,-0.26756784119406657,0.6082261701854447,-0.1223581757506739,12.3742256164551,0.6639685751696227,0.6154227671308972,normal_flow,4087170.csv
4087170,2013-01-21,daytime,6,-0.9808754873793238,5.451231080716299e-4,-0.9785330948120458,11.5229434967041,0.6956909891679562,0.6414077689163988,normal_flow,4087170.csv
4087170,2013-01-21,nighttime,6,-0.9521442892145656,0.00338045474820106,-0.7413061916880137,11.5229434967041,0.6956909891679562,0.6414077689163988,normal_flow,4087170.csv
4087170,2013-01-22,daytime,6,-0.06323868579956461,0.9052684212071108,-0.02891326021920792,10.780291557312,0.7212831805737412,0.6496924969249692,normal_flow,4087170.csv
4087170,2013-01-22,nighttime,6,-0.9889932109679304,1.810573742247554e-4,-2.001379310345136,10.780291557312,0.7212831805737412,0.6496924969249692,normal_flow,4087170.csv
4087170,2013-01-23,daytime,6,0.9479034513933884,0.00400037923639577,6.749999999999846,10.6432371139526,0.7256279014403048,0.6332182676665477,normal_flow,4087170.csv
4087170,2013-01-23,nighttime,6,-0.46269267018453514,0.3554886608275132,-0.5352112676058707,10.6432371139526,0.7256279014403048,0.6332182676665477,normal_flow,4087170.csv
4087170,2013-01-24,daytime,6,-0.6246343730089414,0.18490464372497828,-0.45873320537404455,10.2732906341553,0.7396143316271873,0.6115621156211563,normal_flow,4087170.csv
4087170,2013-01-24,nighttime,6,-0.9735925058107902,0.0010368259150803,-0.8598277212220596,10.2732906341553,0.7396143316271873,0.6115621156211563,normal_flow,4087170.csv
4087170,2013-01-25,daytime,6,-0.8545454545453288,0.03019684447788708,-9.399999999998771,9.71554756164551,0.7594929175098203,0.5858786652382653,normal_flow,4087170.csv
4087170,2013-01-25,nighttime,6,0.132508008749399,0.8024012993565596,0.21933085501842145,9.71554756164551,0.7594929175098203,0.5858786652382653,normal_flow,4087170.csv
4087170,2013-01-26,daytime,6,0.6279282329240544,0.1819017757857972,0.17677067267768284,9.2096996307373,0.7779431020116653,0.5555648137126533,normal_flow,4087170.csv
4087170,2013-01-26,nighttime,6,NA,NA,NA,9.2096996307373,0.7779431020116653,0.5555648137126533,normal_flow,4087170.csv
4087170,2013-01-27,daytime,6,-0.942074849519504,0.00493580579075406,-1.0763358778629206,8.6052303314209,0.8003809070348769,0.5239852398523985,normal_flow,4087170.csv
4087170,2013-01-27,nighttime,6,-0.9284586488988872,0.00749416715938544,-0.5083798882683213,8.6052303314209,0.8003809070348769,0.5239852398523985,normal_flow,4087170.csv
4087170,2013-01-28,daytime,6,-0.9146446457418236,0.01061737497632603,-0.3358186698478824,8.30164337158203,0.8113915010117844,0.4931992223148038,normal_flow,4087170.csv
4087170,2013-01-28,nighttime,6,-0.5462730305717376,0.2620982753783788,-0.19894281595350669,8.30164337158203,0.8113915010117844,0.4931992223148038,normal_flow,4087170.csv
4087170,2013-01-29,daytime,6,-0.4782386650638898,0.3373315159746955,-0.4916666666668992,16.4784774780273,0.536305201761695,0.4657382057691545,normal_flow,4087170.csv
4087170,2013-01-29,nighttime,6,-0.9853000359834256,3.2254516329633564e-4,-0.8358714043992161,16.4784774780273,0.536305201761695,0.4657382057691545,normal_flow,4087170.csv
4087170,2013-01-30,daytime,6,-0.9100975852533472,0.01176035064162252,-0.8644278606964428,45.9812698364258,0.15420783240090466,0.4423560687219776,normal_flow,4087170.csv
4087170,2013-01-30,nighttime,6,-0.5746547448783408,0.23290144801096113,-0.6604561516223886,45.9812698364258,0.15420783240090466,0.4423560687219776,normal_flow,4087170.csv
4087170,2013-01-31,daytime,6,-0.9084469268679752,0.01218925046340776,-0.4707780566510773,57.5193672180176,0.10403523390072612,0.4238185930246399,normal_flow,4087170.csv
4087170,2013-01-31,nighttime,6,-0.918064042847452,0.00979521304356421,-0.6165533786485045,57.5193672180176,0.10403523390072612,0.4238185930246399,normal_flow,4087170.csv
4087170,2013-02-01,daytime,6,-0.8695778622099261,0.02440566505894744,-1.05863192182406,55.2910919189453,0.1112367575288656,0.4083799547672896,normal_flow,4087170.csv
4087170,2013-02-01,nighttime,6,-0.5280588545291511,0.2815353085013311,-0.1538461538461092,55.2910919189453,0.1112367575288656,0.4083799547672896,normal_flow,4087170.csv
4087170,2013-02-02,daytime,6,-0.6235694699796528,0.1858798233981239,-0.08910891089147915,54.2251853942871,0.11474824425663611,0.3952267587192001,normal_flow,4087170.csv
4087170,2013-02-02,nighttime,6,-0.5538821780464676,0.2541382343013976,-3.5263157894735664,54.2251853942871,0.11474824425663611,0.3952267587192001,normal_flow,4087170.csv
4087170,2013-02-03,daytime,6,-0.9439458985443572,0.00462503069580746,-0.5801335559264025,47.9309692382812,0.14385192239019165,0.3823314684759751,normal_flow,4087170.csv
4087170,2013-02-03,nighttime,6,-0.8106664971477888,0.05037722731976261,-2.007530120482235,47.9309692382812,0.14385192239019165,0.3823314684759751,normal_flow,4087170.csv
4087170,2013-02-04,daytime,6,0.03371152550026966,0.9494518677669044,0.0735294117651958,38.9308242797852,0.2021783121057017,0.35440622148156964,normal_flow,4087170.csv
4087170,2013-02-04,nighttime,6,-0.4300077717441588,0.39474399791596254,-1.5957446808511213,38.9308242797852,0.2021783121057017,0.35440622148156964,normal_flow,4087170.csv
4087170,2013-02-05,daytime,6,0.3846364588541849,0.45149787168884176,0.6000000000009075,30.6130809783936,0.2837757409832163,0.3210847914930762,normal_flow,4087170.csv
4087170,2013-02-05,nighttime,6,-0.5579746476098951,0.24989674439073647,-1.4864864864863814,30.6130809783936,0.2837757409832163,0.3210847914930762,normal_flow,4087170.csv
4087170,2013-02-06,daytime,6,0.5563139931742932,0.2516145003704199,0.5563139931746115,24.3703994750977,0.3705511248660874,0.3068483910645558,normal_flow,4087170.csv
4087170,2013-02-06,nighttime,6,-0.9754208629691912,8.987764198638883e-4,-1.3144590495449604,24.3703994750977,0.3705511248660874,0.3068483910645558,normal_flow,4087170.csv
4087170,2013-02-07,daytime,6,-0.34987113120823543,0.496607132264852,-0.239923224567724,20.1682090759277,0.4475657659802405,0.3177875649724239,normal_flow,4087170.csv
4087170,2013-02-07,nighttime,6,-0.915057029627636,0.01051651746752442,-1.9281767955801865,20.1682090759277,0.4475657659802405,0.3177875649724239,normal_flow,4087170.csv
4087170,2013-02-08,daytime,6,-0.7102005895021286,0.11380633435437508,-0.7384792626728106,17.53515625,0.5080347577669325,0.3330595564020156,normal_flow,4087170.csv
4087170,2013-02-08,nighttime,6,0.10234166043848078,0.8470234631749969,0.19999999999959375,17.53515625,0.5080347577669325,0.3330595564020156,normal_flow,4087170.csv
4087170,2013-02-09,daytime,6,-0.962150878197742,0.00212172353813573,-1.722296395193729,15.4915733337402,0.5621949767884775,0.35119628615640996,normal_flow,4087170.csv
4087170,2013-02-09,nighttime,6,-0.3219689702980061,0.5337348430925966,-1.3576642335772682,15.4915733337402,0.5621949767884775,0.35119628615640996,normal_flow,4087170.csv
4087170,2013-02-10,daytime,6,0.07091378826144473,0.8938076220090089,0.08269525267922553,14.7494649887085,0.5845137483632901,0.3724635956036979,normal_flow,4087170.csv
4087170,2013-02-10,nighttime,6,-0.6682724498039687,0.14681257614350127,-0.6944444444442978,14.7494649887085,0.5845137483632901,0.3724635956036979,normal_flow,4087170.csv
4087170,2013-02-11,daytime,6,-0.91186473700088,0.01130942724456851,-4.174193548387282,23.7294292449951,0.3815022021187954,0.3931674800618974,normal_flow,4087170.csv
4087170,2013-02-11,nighttime,6,-0.9703735474723294,0.00130358807001396,-1.0266006151245914,23.7294292449951,0.3815022021187954,0.3931674800618974,normal_flow,4087170.csv
4087170,2013-02-12,daytime,6,-0.7365093060858364,0.09499428891103906,-0.2788273615635178,28.2368850708008,0.3115700511843828,0.4001864857358251,normal_flow,4087170.csv
4087170,2013-02-12,nighttime,6,-0.9612950885834602,0.00221811391507378,-0.6892120392289192,28.2368850708008,0.3115700511843828,0.4001864857358251,normal_flow,4087170.csv
4087170,2013-02-13,daytime,6,-0.8587704054773039,0.02851022904552186,-1.3489341983317105,27.4412136077881,0.3227591953338888,0.3989088600563425,normal_flow,4087170.csv
4087170,2013-02-13,nighttime,6,0.4760974304361459,0.3398120622217745,0.5776397515528963,27.4412136077881,0.3227591953338888,0.3989088600563425,normal_flow,4087170.csv
4087170,2013-02-14,daytime,6,0.00420624999974645,0.9936906622100016,5.130836326466775e-4,27.7328071594238,0.3182954410189263,0.39389358409713127,normal_flow,4087170.csv
4087170,2013-02-14,nighttime,6,-0.9159315131025012,0.01030418827737126,-0.8980343980346179,27.7328071594238,0.3182954410189263,0.39389358409713127,normal_flow,4087170.csv
4087170,2013-02-15,daytime,6,0.27028729194129175,0.6044420109010458,0.02323094867807005,26.7058982849121,0.3331151053446018,0.38526365908820376,normal_flow,4087170.csv
4087170,2013-02-15,nighttime,6,-0.9369416895493256,0.00583915480266297,-0.7520476545049167,26.7058982849121,0.3331151053446018,0.38526365908820376,normal_flow,4087170.csv
4087170,2013-02-16,daytime,6,-0.7957442260361733,0.05831981333544037,-0.09872611464983808,23.6121788024902,0.3832877038447804,0.3755306907907789,normal_flow,4087170.csv
4087170,2013-02-16,nighttime,6,-0.6542647482498712,0.15863593398802897,-0.7750000000002717,23.6121788024902,0.3832877038447804,0.3755306907907789,normal_flow,4087170.csv
4087170,2013-02-17,daytime,6,-0.500069356143841,0.31242197794605175,-0.10579857578843938,20.9279403686523,0.4337578859659565,0.36562314010236874,normal_flow,4087170.csv
4087170,2013-02-17,nighttime,6,NA,NA,NA,20.9279403686523,0.4337578859659565,0.36562314010236874,normal_flow,4087170.csv
4087170,2013-02-18,daytime,6,-0.764718316883178,0.07652390620981621,-0.8054711246203686,19.8459625244141,0.45441018926318294,0.35770741578383525,normal_flow,4087170.csv
4087170,2013-02-18,nighttime,6,-0.4007094794020328,0.431106358148614,-0.09841269841228872,19.8459625244141,0.45441018926318294,0.35770741578383525,normal_flow,4087170.csv
4087170,2013-02-19,daytime,6,0.6902843766641962,0.12903110631048031,1.3042836041354684,28.5440979003906,0.3074633972146173,0.36583740030948697,normal_flow,4087170.csv
4087170,2013-02-19,nighttime,6,0.8381676219165727,0.03716540567333171,0.40152768936976446,28.5440979003906,0.3074633972146173,0.36583740030948697,normal_flow,4087170.csv
4087170,2013-02-22,daytime,6,-0.17180203318618764,0.7448323993527513,-0.1785714285715906,27.7442760467529,0.3181168908463278,0.4079355632266,normal_flow,4087170.csv
4087170,2013-02-22,nighttime,6,-0.8697419166939534,0.02434569699108049,-1.7470817120628548,27.7442760467529,0.3181168908463278,0.4079355632266,normal_flow,4087170.csv
4087170,2013-02-23,daytime,6,0.00711972202739357,0.9893205974098368,0.00838323353283482,24.8994579315186,0.3620402333055589,0.4229893266674602,normal_flow,4087170.csv
4087170,2013-02-23,nighttime,6,-0.4750153949217989,0.34106805550501484,-0.8061855670110052,24.8994579315186,0.3620402333055589,0.4229893266674602,normal_flow,4087170.csv
4087170,2013-02-24,daytime,6,-0.8653102614478806,0.02599026330103345,-0.5086009174314001,21.9066123962402,0.4135817164623259,0.4356782922667936,normal_flow,4087170.csv
4087170,2013-02-24,nighttime,6,NA,NA,NA,21.9066123962402,0.4135817164623259,0.4356782922667936,normal_flow,4087170.csv
4087170,2013-02-25,daytime,6,0.5133166702972343,0.297652926943725,0.5084269662917266,19.3040409088135,0.4657778835852875,0.4454469705987382,normal_flow,4087170.csv
4087170,2013-02-25,nighttime,6,0.6086807353701031,0.19973464076373976,0.5564648117838973,19.3040409088135,0.4657778835852875,0.4454469705987382,normal_flow,4087170.csv
4087170,2013-02-26,daytime,6,-0.9146977321819184,0.01060436535193082,-2.0062695924765706,17.7324256896973,0.503451970003571,0.4514819664325675,normal_flow,4087170.csv
4087170,2013-02-26,nighttime,6,-0.8427847696459337,0.0351320277491151,-2.8987068965518232,17.7324256896973,0.503451970003571,0.4514819664325675,normal_flow,4087170.csv
4087170,2013-02-27,daytime,6,NA,NA,NA,17.2195835113525,0.515950482085466,0.46387334841090344,normal_flow,4087170.csv
4087170,2013-02-27,nighttime,6,NA,NA,NA,17.2195835113525,0.515950482085466,0.46387334841090344,normal_flow,4087170.csv
4087170,2013-02-28,daytime,6,0.9169171853146304,0.0100673810243751,20.749999999994355,16.7708492279053,0.5283894774431616,0.4790699519898425,normal_flow,4087170.csv
4087170,2013-02-28,nighttime,6,-0.793774393250994,0.05940821681314356,-1.8202247191003451,16.7708492279053,0.5283894774431616,0.4790699519898425,normal_flow,4087170.csv
4087170,2013-03-01,daytime,6,NA,NA,NA,16.3591194152832,0.539757171765266,0.4934134825219219,normal_flow,4087170.csv
4087170,2013-03-01,nighttime,6,0.3772057410508311,0.4610265915200925,1.2953020134226114,16.3591194152832,0.539757171765266,0.4934134825219219,normal_flow,4087170.csv
4087170,2013-03-02,daytime,6,-0.8424627341977629,0.03527210602184126,-0.3631245601686852,15.6155843734741,0.558921556957505,0.5081537912153316,normal_flow,4087170.csv
4087170,2013-03-02,nighttime,6,NA,NA,NA,15.6155843734741,0.558921556957505,0.5081537912153316,normal_flow,4087170.csv
4087170,2013-03-03,daytime,6,0.20084804425114705,0.7027790323370118,0.04327731092423783,15.1195840835571,0.5736221878347816,0.5169503630520176,normal_flow,4087170.csv
4087170,2013-03-03,nighttime,6,NA,NA,NA,15.1195840835571,0.5736221878347816,0.5169503630520176,normal_flow,4087170.csv
4087170,2013-03-04,daytime,6,-0.7653701267809059,0.07611844072245161,-0.5340762966136052,14.8891906738281,0.5802880609451255,0.5058643812244574,normal_flow,4087170.csv
4087170,2013-03-04,nighttime,6,-0.8089485184762972,0.05126424948301054,-4.624999999999292,14.8891906738281,0.5802880609451255,0.5058643812244574,normal_flow,4087170.csv
4087170,2013-03-05,daytime,6,0.24196089525940723,0.6441414664709098,0.9666666666672272,16.1621379852295,0.5449351267706225,0.4886759512756418,normal_flow,4087170.csv
4087170,2013-03-05,nighttime,6,0.4101261971823554,0.419303034641326,8.117647058823623,16.1621379852295,0.5449351267706225,0.4886759512756418,normal_flow,4087170.csv
4087170,2013-03-06,daytime,6,-0.23891934294059883,0.6484400366032479,-0.1395348837208469,18.1723136901855,0.493334126889656,0.4691901757727255,normal_flow,4087170.csv
4087170,2013-03-06,nighttime,6,-0.9571774510367392,0.00271139268177843,-2.7352758834469735,18.1723136901855,0.493334126889656,0.4691901757727255,normal_flow,4087170.csv
4087170,2013-03-07,daytime,6,-0.7352246623878657,0.0958778019282886,-0.7748344370862345,18.2164211273193,0.49256040947506247,0.4472919890489227,normal_flow,4087170.csv
4087170,2013-03-07,nighttime,6,-0.7564900711329744,0.08172591365442926,-0.08415841584119571,18.2164211273193,0.49256040947506247,0.4472919890489227,normal_flow,4087170.csv
4087170,2013-03-08,daytime,6,-0.03266952477006261,0.9510131469016588,-0.05023923444971942,17.4525737762451,0.510474943459112,0.4251636709915486,normal_flow,4087170.csv
4087170,2013-03-08,nighttime,6,-0.94317653890353,0.00475161979687874,-1.1815866797256798,17.4525737762451,0.510474943459112,0.4251636709915486,normal_flow,4087170.csv
4087170,2013-03-09,daytime,6,0.3339496806748569,0.5176969121222469,0.4658925979681054,16.3855171203613,0.5392215212474706,0.4047573701543467,normal_flow,4087170.csv
4087170,2013-03-09,nighttime,6,0.28928592965536487,0.5781757471658848,0.9814126394051848,16.3855171203613,0.5392215212474706,0.4047573701543467,normal_flow,4087170.csv
4087170,2013-03-11,daytime,6,0.24295281403533933,0.6427410538324624,0.05902606984755749,33.820671081543,0.24729198904892272,0.3730270205927866,normal_flow,4087170.csv
4087170,2013-03-11,nighttime,6,0.8990873824403325,0.01476122000005276,2.292571829011851,33.820671081543,0.24729198904892272,0.3730270205927866,normal_flow,4087170.csv
4087170,2013-03-12,daytime,6,0.9118907853961288,0.01130284433520308,0.5223048327141389,38.2303199768066,0.2079514343530532,0.36222275125977066,normal_flow,4087170.csv
4087170,2013-03-12,nighttime,6,0.40425862488122655,0.42664505279814946,0.2518159806296704,38.2303199768066,0.2079514343530532,0.36222275125977066,normal_flow,4087170.csv
4087170,2013-03-13,daytime,6,-0.2115062747791419,0.6874714443087622,-0.13917525773198497,37.7881889343262,0.2111653374598262,0.35633456334563346,normal_flow,4087170.csv
4087170,2013-03-13,nighttime,6,0.593356438600065,0.2144173955480752,3.214285714285704,37.7881889343262,0.2111653374598262,0.35633456334563346,normal_flow,4087170.csv
4087170,2013-03-14,daytime,6,-0.6741581718428769,0.14196156003933888,-0.33762057877791346,40.9562530517578,0.18747768122842515,0.3558544617704242,normal_flow,4087170.csv
4087170,2013-03-14,nighttime,6,0.44073189618695313,0.3817070521118284,0.06474820143857303,40.9562530517578,0.18747768122842515,0.3558544617704242,normal_flow,4087170.csv
4087170,2013-03-15,daytime,6,0.4087425164824542,0.42103062229101246,0.7697929354442365,39.6837501525879,0.1964647065825497,0.3568027615760029,normal_flow,4087170.csv
4087170,2013-03-15,nighttime,6,-0.6299793831011814,0.18004215147919012,-1.0952380952386618,39.6837501525879,0.1964647065825497,0.3568027615760029,normal_flow,4087170.csv
4087170,2013-03-16,daytime,6,-0.17358145205244285,0.7422428716707866,-0.391213389121792,35.2795944213867,0.2336626592072372,0.35744157441574415,normal_flow,4087170.csv
4087170,2013-03-16,nighttime,6,-0.2796021099736321,0.5915261096338733,-0.15862068965525267,35.2795944213867,0.2336626592072372,0.35744157441574415,normal_flow,4087170.csv
4087170,2013-03-17,daytime,6,0.8845012254477647,0.01923957546851127,2.4373309287643576,29.5569038391113,0.2948458516843233,0.35753680117446335,normal_flow,4087170.csv
4087170,2013-03-17,nighttime,6,0.3346276600621885,0.5167935882717329,0.26109903756604547,29.5569038391113,0.2948458516843233,0.35753680117446335,normal_flow,4087170.csv
4087170,2013-03-18,daytime,6,-0.549068754984382,0.2591625301480494,-0.755122950819956,24.9151268005371,0.3617426496845614,0.36103241677578063,normal_flow,4087170.csv
4087170,2013-03-18,nighttime,6,0.9246660928612568,0.00829902894401325,2.1595547309831944,24.9151268005371,0.3617426496845614,0.36103241677578063,normal_flow,4087170.csv
4087170,2013-03-19,daytime,6,0.8035591030889679,0.05409330753167644,0.7155396327810557,21.685998916626,0.4182240209498869,0.38134745863587666,normal_flow,4087170.csv
4087170,2013-03-19,nighttime,6,-0.9683077316374182,0.00149068395577431,-4.738095238095631,21.685998916626,0.4182240209498869,0.38134745863587666,normal_flow,4087170.csv
4087170,2013-03-20,daytime,6,-0.7953106772481879,0.0585585704249108,-0.5762055963484735,19.7459163665771,0.45661230805856445,0.4019402452089037,normal_flow,4087170.csv
4087170,2013-03-20,nighttime,6,-0.808286117529459,0.0516081726878995,-1.8420523138833456,19.7459163665771,0.45661230805856445,0.4019402452089037,normal_flow,4087170.csv
4087170,2013-03-21,daytime,6,-0.8065929961381383,0.05249208649395143,-0.25499516596846705,18.4711437225342,0.48613260326151647,0.4106812681030036,normal_flow,4087170.csv
4087170,2013-03-21,nighttime,6,0.852522746248325,0.03102052931883452,0.4518916842711577,18.4711437225342,0.48613260326151647,0.4106812681030036,normal_flow,4087170.csv
4087170,2013-03-22,daytime,6,-0.644110126453707,0.1674483241429534,-0.16416030233838733,17.588586807251,0.506784906558743,0.411744633575368,normal_flow,4087170.csv
4087170,2013-03-22,nighttime,6,-0.6636632718173715,0.15065998402396572,-0.17779590172288512,17.588586807251,0.506784906558743,0.411744633575368,normal_flow,4087170.csv
4087170,2013-03-23,daytime,6,-0.8637936988253955,0.02656477441304665,-0.60639766799628,17.0583839416504,0.5200571360552315,0.406070705868349,normal_flow,4087170.csv
4087170,2013-03-23,nighttime,6,-0.35597374972003715,0.4885933935046804,-0.208178438661566,17.0583839416504,0.5200571360552315,0.406070705868349,normal_flow,4087170.csv
4087170,2013-03-24,daytime,6,-0.216147588307922,0.680827801417334,-0.3631178707226848,16.319881439209,0.5406499226282585,0.3959488949728207,normal_flow,4087170.csv
4087170,2013-03-24,nighttime,6,-0.08542953026727583,0.8721674456962532,-0.08064516129060509,16.319881439209,0.5406499226282585,0.3959488949728207,normal_flow,4087170.csv
4087170,2013-03-25,daytime,6,-0.5992008308930359,0.2087677768916176,-0.3948339483397754,16.1012535095215,0.54642304487561,0.38081577589969445,normal_flow,4087170.csv
4087170,2013-03-25,nighttime,6,0.5756777782277988,0.23187455217194924,0.6926829268291368,16.1012535095215,0.54642304487561,0.38081577589969445,normal_flow,4087170.csv
4087170,2013-03-26,daytime,6,-0.6575743733015187,0.1558073532553784,-0.2579599056603335,15.8821983337402,0.552017616950363,0.36069515533865015,normal_flow,4087170.csv
4087170,2013-03-26,nighttime,6,-0.7609675177579734,0.07887604834468775,-1.6698369565216793,15.8821983337402,0.552017616950363,0.36069515533865015,normal_flow,4087170.csv
4087170,2013-03-27,daytime,6,-0.8664866366881082,0.02554873480459031,-0.37593052109186664,17.1831645965576,0.5168432329484585,0.336622624290759,normal_flow,4087170.csv
4087170,2013-03-27,nighttime,6,0.9143351501138054,0.01069337544321967,0.5286103542234245,17.1831645965576,0.5168432329484585,0.336622624290759,normal_flow,4087170.csv
4087170,2013-03-29,daytime,6,0.7482653744196369,0.0870792304690754,0.3001137656427273,38.7829856872559,0.2034281633138912,0.28294647462603656,normal_flow,4087170.csv
4087170,2013-03-29,nighttime,6,-0.8650136722555392,0.02610214924433612,-0.604896064681979,38.7829856872559,0.2034281633138912,0.28294647462603656,normal_flow,4087170.csv
4087170,2013-03-30,daytime,6,0.1263584390910287,0.8114710895374486,0.13097121164202188,55.2763786315918,0.1113557909772646,0.255072808792604,normal_flow,4087170.csv
4087170,2013-03-30,nighttime,6,0.5902230634836723,0.2174714214132666,0.12906910336960856,55.2763786315918,0.1113557909772646,0.255072808792604,normal_flow,4087170.csv
4087170,2013-03-31,daytime,6,-0.8979068451065112,0.01510245931077824,-0.09544761380961644,64.9071578979492,0.08183549577431258,0.2265762012458834,high_flow,4087170.csv
4087170,2013-03-31,nighttime,6,0.02793677432131859,0.958105740332392,0.00820832153958165,64.9071578979492,0.08183549577431258,0.2265762012458834,high_flow,4087170.csv
4087170,2013-04-01,daytime,6,0.9133425644742974,0.01093888920946624,0.36590038314171314,70.910774230957,0.06784906558743006,0.1958417648692616,high_flow,4087170.csv
4087170,2013-04-01,nighttime,6,-0.9701190774532154,0.00132596441570168,-0.46496746203896744,70.910774230957,0.06784906558743006,0.1958417648692616,high_flow,4087170.csv
4087170,2013-04-02,daytime,6,0.9669742452815698,0.00161804010890814,0.15383036935694305,74.9525909423828,0.05993334126889656,0.16301233980081736,high_flow,4087170.csv
4087170,2013-04-02,nighttime,6,-0.9601052930899684,0.00235563349795749,-0.2854791012469098,74.9525909423828,0.05993334126889656,0.16301233980081736,high_flow,4087170.csv
4087170,2013-04-03,daytime,6,0.9298937313173812,0.00720005110171354,0.31092310016624397,76.7175750732422,0.05713605523152006,0.12779431020116652,high_flow,4087170.csv
4087170,2013-04-03,nighttime,6,0.26533995096899793,0.6113307415890913,0.01408105791605247,76.7175750732422,0.05713605523152006,0.12779431020116652,high_flow,4087170.csv
4087170,2013-04-04,daytime,6,0.7481650537458456,0.08714546829635636,0.23240456857917915,74.2290496826172,0.06136174264968456,0.0940681664881165,high_flow,4087170.csv
4087170,2013-04-04,nighttime,6,0.8369704821524077,0.03770138543184211,0.556897210546379,74.2290496826172,0.06136174264968456,0.0940681664881165,high_flow,4087170.csv
4087170,2013-04-05,daytime,6,0.7558837700110822,0.08211532386784373,0.2714508580345216,67.4957733154297,0.07624092369955958,0.07160258699361187,high_flow,4087170.csv
4087170,2013-04-05,nighttime,6,0.9596710390864024,0.00240684161564682,0.5657826982492038,67.4957733154297,0.07624092369955958,0.07160258699361187,high_flow,4087170.csv
4087170,2013-04-06,daytime,6,-0.6540448020219648,0.15882467474862166,-0.523028057173109,62.5706329345703,0.08867991905725509,0.05827877633615046,high_flow,4087170.csv
4087170,2013-04-06,nighttime,6,0.5040294359943225,0.3079790944838871,1.1280464216637591,62.5706329345703,0.08867991905725509,0.05827877633615046,high_flow,4087170.csv
4087170,2013-04-07,daytime,6,-0.7372544920208,0.09448345834073169,-0.2613593691324799,61.2773895263672,0.09260802285442209,0.05111296274253065,high_flow,4087170.csv
4087170,2013-04-07,nighttime,6,-0.7803314227907268,0.06708145078497647,-0.861046878284602,61.2773895263672,0.09260802285442209,0.05111296274253065,high_flow,4087170.csv
4087170,2013-04-08,daytime,6,-0.97265070693106,0.00111174733254865,-0.18127465857365288,65.9907379150391,0.07963337697893108,0.04605007340395985,high_flow,4087170.csv
4087170,2013-04-08,nighttime,6,0.7688072651199447,0.07399648582815428,0.4145896056464148,65.9907379150391,0.07963337697893108,0.04605007340395985,high_flow,4087170.csv
4087170,2013-04-09,daytime,6,-0.9653981176917688,0.00177522114058894,-0.466522988505737,78.5050506591797,0.05398166884894655,0.04210213069872634,high_flow,4087170.csv
4087170,2013-04-09,nighttime,6,-0.07037582175591961,0.8946105445129766,-0.02413544668602038,78.5050506591797,0.05398166884894655,0.04210213069872634,high_flow,4087170.csv
4087170,2013-04-10,daytime,6,-0.6695265823785165,0.14577307586861263,-0.5830570902394572,108.08097076416,0.02374717295560052,0.03887632424711344,high_flow,4087170.csv
4087170,2013-04-10,nighttime,6,-0.6648488182352279,0.14966632341032698,-0.42024539877301104,108.08097076416,0.02374717295560052,0.03887632424711344,high_flow,4087170.csv
4087170,2013-04-11,daytime,6,-0.9203399076843553,0.00926584473054331,-1.339152119700641,155.055419921875,0.01095107725270801,0.03567432448518033,high_flow,4087170.csv
4087170,2013-04-11,nighttime,6,-0.5103909430219159,0.30089172883688314,-0.5481927710842354,155.055419921875,0.01095107725270801,0.03567432448518033,high_flow,4087170.csv
4087170,2013-04-12,daytime,6,-0.4187213548264859,0.40862466721020174,-0.1346559729843144,204.941513061523,0.0052969884537555,0.03189699638931873,high_flow,4087170.csv
4087170,2013-04-12,nighttime,6,-0.7923335020363886,0.06021021382964025,-0.7174770039416385,204.941513061523,0.0052969884537555,0.03189699638931873,high_flow,4087170.csv
4087170,2013-04-13,daytime,6,-0.4312450878489071,0.3932321942138484,-0.06893004115235649,229.323150634766,0.00357100345197,0.02709598063722572,high_flow,4087170.csv
4087170,2013-04-13,nighttime,6,-0.7850136564053269,0.06436045123917042,-0.8684085510686488,229.323150634766,0.00357100345197,0.02709598063722572,high_flow,4087170.csv
4087170,2013-04-14,daytime,6,0.9099077779949528,0.0118092910527953,0.2776995559405591,224.716430664062,0.0038685870729675,0.02150934412569932,high_flow,4087170.csv
4087170,2013-04-14,nighttime,6,-0.4654822443956996,0.352205518114577,-1.8823529411762905,224.716430664062,0.0038685870729675,0.02150934412569932,high_flow,4087170.csv
4087170,2013-04-15,daytime,6,-0.5632366470303458,0.24448436491348413,-0.09652106557101008,199.748794555664,0.0058921556957505,0.01575209300480101,high_flow,4087170.csv
4087170,2013-04-15,nighttime,6,-0.5880304520187042,0.21961885169399084,-0.12012480499223632,199.748794555664,0.0058921556957505,0.01575209300480101,high_flow,4087170.csv
4087170,2013-04-16,daytime,6,-0.4761637777788614,0.3397351026566761,-0.0768958603608755,169.714019775391,0.0086299250089275,0.01107407848272031,high_flow,4087170.csv
4087170,2013-04-16,nighttime,6,-0.9688246837954928,0.00144270086046009,-0.8886820551004291,169.714019775391,0.0086299250089275,0.01107407848272031,high_flow,4087170.csv
4087170,2013-04-17,daytime,6,-0.4356492172468929,0.3878671589844722,-0.49196715458794094,152.167633056641,0.01154624449470301,0.008451374836329,high_flow,4087170.csv
4087170,2013-04-17,nighttime,6,-0.8214942180713417,0.04495248911360681,-0.4088050314466683,152.167633056641,0.01154624449470301,0.008451374836329,high_flow,4087170.csv
4087170,2013-04-18,daytime,6,-0.0759000073924633,0.886368611714685,-0.05319148936157086,168.114196777344,0.00910605880252351,0.0082648891005039,high_flow,4087170.csv
4087170,2013-04-18,nighttime,6,0.01759388232443877,0.973611899559813,0.00799697752040402,168.114196777344,0.00910605880252351,0.0082648891005039,high_flow,4087170.csv
4087170,2013-04-19,daytime,6,0.5567442281986602,0.25116902943300595,1.3805970149251598,215.44694519043,0.0047018212117605,0.00984803396421061,high_flow,4087170.csv
4087170,2013-04-19,nighttime,6,-0.25396001173265603,0.6272496451856424,-0.24487804878052927,215.44694519043,0.0047018212117605,0.00984803396421061,high_flow,4087170.csv
4087170,2013-04-20,daytime,6,0.5124790279095501,0.2985788598603401,0.6430687382868114,218.338836669922,0.0042256874181645,0.01298654922033091,high_flow,4087170.csv
4087170,2013-04-20,nighttime,6,-0.7049186549790859,0.11776269126506288,-0.2899441340781682,218.338836669922,0.0042256874181645,0.01298654922033091,high_flow,4087170.csv
4087170,2013-04-21,daytime,6,-0.6139989189110722,0.19473878228516583,-0.33085896076358356,212.48713684082,0.004880371384359,0.01779550053565052,high_flow,4087170.csv
4087170,2013-04-21,nighttime,6,0.5748580939851443,0.232697187375048,0.58318739054291735,212.48713684082,0.004880371384359,0.01779550053565052,high_flow,4087170.csv
4087170,2013-04-22,daytime,6,0.7817906233676684,0.0662279421129906,0.15471666712895332,195.290313720703,0.0062492560409475,0.02438598579534182,high_flow,4087170.csv
4087170,2013-04-22,nighttime,6,0.12569970485408097,0.8124434965202199,0.10270270270269324,195.290313720703,0.0062492560409475,0.02438598579534182,high_flow,4087170.csv
4087170,2013-04-23,daytime,6,-0.8393955247493186,0.03661939655208035,-0.4386938775510896,164.679443359375,0.00946315914772051,0.03251993810260683,high_flow,4087170.csv
4087170,2013-04-23,nighttime,6,0.9396895728742896,0.00534633643584242,1.4576523031205448,164.679443359375,0.00946315914772051,0.03251993810260683,high_flow,4087170.csv
4087170,2013-04-24,daytime,6,0.36837022732836194,0.47243795719309206,0.5625000000001812,136.701477050781,0.01464111415307701,0.04225687418164504,high_flow,4087170.csv
4087170,2013-04-24,nighttime,6,-0.19684797438580912,0.708541881805971,-0.2539942646456789,136.701477050781,0.01464111415307701,0.04225687418164504,high_flow,4087170.csv
4087170,2013-04-25,daytime,6,0.05960017426942001,0.910705593892422,0.00566238717271779,113.967384338379,0.02094988691822402,0.05316430583660675,high_flow,4087170.csv
4087170,2013-04-25,nighttime,6,0.9390884496109408,0.00545232792221276,0.840852130325797,113.967384338379,0.02094988691822402,0.05316430583660675,high_flow,4087170.csv
4087170,2013-04-26,daytime,6,0.5165230127960574,0.2941186235417935,0.07278067885121609,93.8085784912109,0.03469825020830854,0.06616672618339087,high_flow,4087170.csv
4087170,2013-04-26,nighttime,6,0.8725077008308092,0.0233452813522745,0.9581497797356604,93.8085784912109,0.03469825020830854,0.06616672618339087,high_flow,4087170.csv
4087170,2013-04-27,daytime,6,0.9571332800979536,0.00271694852052498,0.4562890276538862,79.6366806030273,0.05237471729556005,0.07497520136491688,high_flow,4087170.csv
4087170,2013-04-27,nighttime,6,0.05916883560952559,0.9113503201859866,0.05989341416923179,79.6366806030273,0.05237471729556005,0.07497520136491688,high_flow,4087170.csv
4087170,2013-04-28,daytime,6,0.7852258874822471,0.06423833763513347,0.5035752118644388,67.6512985229492,0.07570527318176408,0.08137920088878309,high_flow,4087170.csv
4087170,2013-04-28,nighttime,6,-0.2216236784367102,0.673007233529167,-0.23148542566779612,67.6512985229492,0.07570527318176408,0.08137920088878309,high_flow,4087170.csv
4087170,2013-04-29,daytime,6,0.4624727427452633,0.35574796096430295,0.6107491856675012,58.0139617919922,0.1027258659683371,0.08628337896282189,high_flow,4087170.csv
4087170,2013-04-29,nighttime,6,-0.5942265239758822,0.2135724404823025,-0.3978102189780343,58.0139617919922,0.1027258659683371,0.08628337896282189,high_flow,4087170.csv
4087170,2013-04-30,daytime,6,0.6415649439897159,0.16968843860672356,0.38014527845030954,51.0465202331543,0.12790144030472564,0.09042574296710708,high_flow,4087170.csv
4087170,2013-04-30,nighttime,6,0.1062554301252444,0.8412166782136802,0.05442919525884547,51.0465202331543,0.12790144030472564,0.09042574296710708,high_flow,4087170.csv
4087170,2013-05-01,daytime,6,-0.06105441764707592,0.908532168032521,-0.00437168475804191,45.8948593139648,0.15468396619450064,0.094603817005912,high_flow,4087170.csv
4087170,2013-05-01,nighttime,6,0.47640740113241953,0.33945256582028616,0.11768504318344974,45.8948593139648,0.15468396619450064,0.094603817005912,high_flow,4087170.csv
4087170,2013-05-02,daytime,6,0.6451879753733195,0.16650343731173148,0.40630975143398873,42.6325454711914,0.17515771931912869,0.0993929294131651,high_flow,4087170.csv
4087170,2013-05-02,nighttime,6,-0.6821036371979016,0.1355241454134635,-0.07743667770517935,42.6325454711914,0.17515771931912869,0.0993929294131651,high_flow,4087170.csv
4087170,2013-05-03,daytime,6,0.9568300864231885,0.0027552355374308,0.528459273797869,38.6833686828613,0.2041423640042852,0.1037098758084355,high_flow,4087170.csv
4087170,2013-05-03,nighttime,6,-0.203509572552813,0.6989499322676775,-0.14969986020887627,38.6833686828613,0.2041423640042852,0.1037098758084355,high_flow,4087170.csv
4087170,2013-05-04,daytime,6,-0.701451918729783,0.12039149717348543,-0.46515209857525297,49.2988319396973,0.13682894893465064,0.1066301630758243,high_flow,4087170.csv
4087170,2013-05-04,nighttime,6,-0.8409363346262801,0.03593961970987829,-0.7921895640687592,49.2988319396973,0.13682894893465064,0.1066301630758243,high_flow,4087170.csv
4087170,2013-05-05,daytime,6,-0.17571118092413668,0.739145718934153,-0.26288659793882635,58.7478256225586,0.1002856802761576,0.1087489584573265,high_flow,4087170.csv
4087170,2013-05-05,nighttime,6,-0.951488956642585,0.00347290095495831,-4.58415032679795,58.7478256225586,0.1002856802761576,0.1087489584573265,high_flow,4087170.csv
4087170,2013-05-06,daytime,6,0.7454044715537294,0.08897702575856735,0.404644791731451,66.6380996704102,0.07844304249494108,0.10821727572114433,high_flow,4087170.csv
4087170,2013-05-06,nighttime,6,-0.7862037950254228,0.06367704006010119,-2.7499999999999107,66.6380996704102,0.07844304249494108,0.10821727572114433,high_flow,4087170.csv
4087170,2013-05-07,daytime,6,0.6775146056730348,0.13922651503755412,0.4016477857878533,70.667350769043,0.06838471610522556,0.1051700194421299,high_flow,4087170.csv
4087170,2013-05-07,nighttime,6,0.4443425807207883,0.37735170159117304,0.4896933647831709,70.667350769043,0.06838471610522556,0.1051700194421299,high_flow,4087170.csv
4087170,2013-05-08,daytime,6,0.6592461335382201,0.1543867857638219,0.4704433497537295,69.1367721557617,0.07213426972979407,0.1008411697020196,high_flow,4087170.csv
4087170,2013-05-08,nighttime,6,-0.8335902634945204,0.03923417471950615,-1.1726423621574389,69.1367721557617,0.07213426972979407,0.1008411697020196,high_flow,4087170.csv
4087170,2013-05-09,daytime,6,-0.7173827720510245,0.10852207437919624,-0.434655617443303,63.2265014648438,0.08647780026187359,0.0960044439154069,high_flow,4087170.csv
4087170,2013-05-09,nighttime,6,-0.01731627918165505,0.9740281774011912,-0.02109305760704297,63.2265014648438,0.08647780026187359,0.0960044439154069,high_flow,4087170.csv
4087170,2013-05-10,daytime,6,0.9047278398227429,0.01318279432364162,0.33398687238940633,63.5014762878418,0.08570408284728008,0.091627980795937,high_flow,4087170.csv
4087170,2013-05-10,nighttime,6,0.59254710757116,0.21520456078897485,0.19355387362870943,63.5014762878418,0.08570408284728008,0.091627980795937,high_flow,4087170.csv
4087170,2013-05-11,daytime,6,-0.9910780701636498,1.1904615148810332e-4,-2.093191489361795,66.6322784423828,0.07850255921914058,0.08647383248026029,high_flow,4087170.csv
4087170,2013-05-11,nighttime,6,-0.9485900503274124,0.00389653657841841,-1.4720626256822948,66.6322784423828,0.07850255921914058,0.08647383248026029,high_flow,4087170.csv
4087170,2013-05-12,daytime,6,0.4463373198767541,0.3749530118069302,0.14219474497681617,64.1315383911133,0.08415664801809308,0.08723564655001388,high_flow,4087170.csv
4087170,2013-05-12,nighttime,6,-0.8310944683198741,0.04038425835086563,-0.7385141436120941,64.1315383911133,0.08415664801809308,0.08723564655001388,high_flow,4087170.csv
4087170,2013-05-13,daytime,6,0.5638991451690296,0.24380624057372935,2.4513677811546692,70.9448013305664,0.06773003213903107,0.09097329682974248,high_flow,4087170.csv
4087170,2013-05-13,nighttime,6,-0.07074714115542867,0.8940563385759741,-0.37411526794793,70.9448013305664,0.06773003213903107,0.09097329682974248,high_flow,4087170.csv
4087170,2013-05-14,daytime,6,0.9859807707492104,2.9343052201095254e-4,0.6303991252050356,76.7312316894531,0.05701702178312105,0.0953418243859858,high_flow,4087170.csv
4087170,2013-05-14,nighttime,6,-0.2559705200955317,0.6244299301978816,-0.9485294117642415,76.7312316894531,0.05701702178312105,0.0953418243859858,high_flow,4087170.csv
4087170,2013-05-15,daytime,6,-0.01007241392892985,0.9848918900475412,-0.0067310896367328,73.5502395629883,0.06296869420307107,0.0994960917351109,high_flow,4087170.csv
4087170,2013-05-15,nighttime,6,-0.4756760722431915,0.3403009631545211,-1.1873489121681864,73.5502395629883,0.06296869420307107,0.0994960917351109,high_flow,4087170.csv
4087170,2013-05-16,daytime,6,0.5757287964045317,0.2318233886654945,0.48683153289896464,64.8055419921875,0.08213307939531009,0.10138475578304172,high_flow,4087170.csv
4087170,2013-05-16,nighttime,6,-0.1475254972739822,0.7803171097579726,-0.24390628697647831,64.8055419921875,0.08213307939531009,0.10138475578304172,high_flow,4087170.csv
4087170,2013-05-17,daytime,6,-0.6152905645019222,0.19353326678207236,-0.6022044088176748,55.851806640625,0.10951077252708012,0.1013252390588422,high_flow,4087170.csv
4087170,2013-05-17,nighttime,6,0.7574245584086496,0.08112735275626222,0.5704381586245181,55.851806640625,0.10951077252708012,0.1013252390588422,high_flow,4087170.csv
4087170,2013-05-18,daytime,6,0.7385558621751465,0.09359430536484972,0.9116778523490344,51.3713417053223,0.12683013926913464,0.1015355314843471,high_flow,4087170.csv
4087170,2013-05-18,nighttime,6,0.8617718195070125,0.0273399798359681,9.036585365861214,51.3713417053223,0.12683013926913464,0.1015355314843471,high_flow,4087170.csv
4087170,2013-05-19,daytime,6,0.3039783909173822,0.558076650299383,0.08580265770581372,47.1297492980957,0.14825615998095465,0.1017299527833988,high_flow,4087170.csv
4087170,2013-05-19,nighttime,6,-0.37376968161370466,0.4654539953105518,-0.2535680304471521,47.1297492980957,0.14825615998095465,0.1017299527833988,high_flow,4087170.csv
4087170,2013-05-20,daytime,6,-0.4275176214458319,0.39779254711191286,-0.13168822633167693,45.5983276367188,0.15635043447208666,0.1017220172201722,high_flow,4087170.csv
4087170,2013-05-20,nighttime,6,0.9809151587409178,5.428711018352904e-4,1.4571484604825025,45.5983276367188,0.15635043447208666,0.1017220172201722,high_flow,4087170.csv
4087170,2013-05-21,daytime,6,-0.730525117841192,0.0991408782018472,-0.29197027804411296,47.9246826171875,0.14397095583859065,0.1027258659683371,high_flow,4087170.csv
4087170,2013-05-21,nighttime,6,-0.16294727362015268,0.7577423624186458,-0.14052343559835273,47.9246826171875,0.14397095583859065,0.1027258659683371,high_flow,4087170.csv
4087170,2013-05-22,daytime,6,-0.5416608990118739,0.2669693654551258,-0.4376122082585039,50.5121116638184,0.13069872634210214,0.1031266119112804,high_flow,4087170.csv
4087170,2013-05-22,nighttime,6,-0.8282530619960365,0.04171250543542865,-0.7219085262563442,50.5121116638184,0.13069872634210214,0.1031266119112804,high_flow,4087170.csv
4087170,2013-05-23,daytime,6,-0.8740801795455532,0.02278542195584015,-1.470509532835234,58.7226715087891,0.1004642304487561,0.1040272983374995,high_flow,4087170.csv
4087170,2013-05-23,nighttime,6,-0.9215240941151216,0.00899605603676984,-0.5801641013355624,58.7226715087891,0.1004642304487561,0.1040272983374995,high_flow,4087170.csv
4087170,2013-05-24,daytime,6,-0.6040180025850101,0.2041572798626954,-0.9538461538468924,63.5274925231934,0.08558504939888109,0.104681982303694,high_flow,4087170.csv
4087170,2013-05-24,nighttime,6,0.05746395195547703,0.9138989480905688,0.2282608695646867,63.5274925231934,0.08558504939888109,0.104681982303694,high_flow,4087170.csv
4087170,2013-05-25,daytime,6,-0.9431458810219888,0.00475669890031292,-1.2924350094449408,62.478328704834,0.08885846922985359,0.1035908423600365,high_flow,4087170.csv
4087170,2013-05-25,nighttime,6,0.14250395528784163,0.7876910078596772,0.5214501510573817,62.478328704834,0.08885846922985359,0.1035908423600365,high_flow,4087170.csv
4087170,2013-05-26,daytime,6,-0.5343298257404979,0.27478307822727976,-0.6549295774643002,65.0229644775391,0.08141887870491608,0.1020553108756894,high_flow,4087170.csv
4087170,2013-05-26,nighttime,6,0.25676548696896195,0.6233158532144254,2.078680203043534,65.0229644775391,0.08141887870491608,0.1020553108756894,high_flow,4087170.csv
4087170,2013-05-27,daytime,6,0.8963903307153611,0.01554632234131088,2.3374999999999986,64.1580429077148,0.08403761456969408,0.1003094869658374,high_flow,4087170.csv
4087170,2013-05-27,nighttime,6,0.6025999723863544,0.20551011916758827,1.5705445544549397,64.1580429077148,0.08403761456969408,0.1003094869658374,high_flow,4087170.csv
4087170,2013-05-28,daytime,6,-0.9545819018254272,0.00304736115353373,-1.3428571428573308,64.5685195922852,0.08278776336150458,0.0989842479069952,high_flow,4087170.csv
4087170,2013-05-28,nighttime,6,-0.9670951157974118,0.00160628353083669,-3.4740484429069323,64.5685195922852,0.08278776336150458,0.0989842479069952,high_flow,4087170.csv
4087170,2013-05-29,daytime,6,-0.14813363449168965,0.7794248389230332,-0.04310344827587579,73.5293121337891,0.06302821092727057,0.0990318612863548,high_flow,4087170.csv
4087170,2013-05-29,nighttime,6,-0.35823559405236866,0.4856332867481241,-0.37254901960788206,73.5293121337891,0.06302821092727057,0.0990318612863548,high_flow,4087170.csv
4087170,2013-05-30,daytime,6,0.7164169077734103,0.10922626845753083,0.19001773498862273,67.3848114013672,0.07647899059635757,0.1008530730468595,high_flow,4087170.csv
4087170,2013-05-30,nighttime,6,-0.5583302707322579,0.24952949284296308,-0.8234724910146926,67.3848114013672,0.07647899059635757,0.1008530730468595,high_flow,4087170.csv
4087170,2013-05-31,daytime,6,0.34597916936563766,0.5017383735364063,0.05207725660229197,61.4373550415039,0.0919533388882276,0.106507161845812,high_flow,4087170.csv
4087170,2013-05-31,nighttime,6,-0.02561354245552539,0.9615880882445312,-0.01684651812748631,61.4373550415039,0.0919533388882276,0.106507161845812,high_flow,4087170.csv
4087170,2013-06-01,daytime,6,-0.31113609950734317,0.5483557204019354,-0.11741515255399786,60.9773788452148,0.0931436733722176,0.11569257628060152,high_flow,4087170.csv
4087170,2013-06-01,nighttime,6,-0.880112128059797,0.02069807246123595,-0.5024180772116713,60.9773788452148,0.0931436733722176,0.11569257628060152,high_flow,4087170.csv
4087170,2013-06-02,daytime,6,0.5473686226766431,0.2609462818355003,0.3157389635316361,57.5392723083496,0.1037971670039281,0.12659207237233663,high_flow,4087170.csv
4087170,2013-06-02,nighttime,6,-0.28383730639133103,0.5856775203631825,-0.07858080261552175,57.5392723083496,0.1037971670039281,0.12659207237233663,high_flow,4087170.csv
4087170,2013-06-03,daytime,6,-0.1743089006903157,0.7411847142997392,-0.00868102653139055,52.6365699768066,0.12206880133317462,0.13959449271912075,high_flow,4087170.csv
4087170,2013-06-03,nighttime,6,-0.5012563061291516,0.3110878403249392,-0.1653012397593098,52.6365699768066,0.12206880133317462,0.13959449271912075,high_flow,4087170.csv
4087170,2013-06-04,daytime,6,0.04385082945206124,0.9342659160975996,0.01114058355437689,49.3323860168457,0.13647184858945363,0.15414831567670514,high_flow,4087170.csv
4087170,2013-06-04,nighttime,6,0.625551615281271,0.18406638700284045,0.12302534900808156,49.3323860168457,0.13647184858945363,0.15414831567670514,high_flow,4087170.csv
4087170,2013-06-05,daytime,6,0.235709324917276,0.6529838863628643,0.15474683544309945,47.8360710144043,0.14468515652898464,0.17013054001507755,high_flow,4087170.csv
4087170,2013-06-05,nighttime,6,-0.2068129804849571,0.6942033912306345,-0.22505091649691297,47.8360710144043,0.14468515652898464,0.17013054001507755,high_flow,4087170.csv
4087170,2013-06-06,daytime,6,0.8878309021998667,0.0181672092015158,0.6386363636364599,45.2749900817871,0.15801690274967264,0.1799190572550887,high_flow,4087170.csv
4087170,2013-06-06,nighttime,6,0.8940136108221468,0.0162543934037813,1.0750728862977716,45.2749900817871,0.15801690274967264,0.1799190572550887,high_flow,4087170.csv
4087170,2013-06-07,daytime,6,-0.7858421248343437,0.06388436816381984,-0.206092028515848,41.2626342773438,0.1852755624330437,0.1853033369043368,high_flow,4087170.csv
4087170,2013-06-07,nighttime,6,0.18167773948210683,0.7304816912755667,0.26136363636383797,41.2626342773438,0.1852755624330437,0.1853033369043368,high_flow,4087170.csv
4087170,2013-06-08,daytime,6,0.76434913919807,0.07675398964952357,1.083682008367894,36.5065231323242,0.22336626592072373,0.18895766377018608,high_flow,4087170.csv
4087170,2013-06-08,nighttime,6,0.9972178050942452,1.1600144799653808e-5,1.1485941392811037,36.5065231323242,0.22336626592072373,0.18895766377018608,high_flow,4087170.csv
4087170,2013-06-09,daytime,6,0.0126698121945263,0.9809962986135704,0.01630434782597896,33.3830146789551,0.2523509106058803,0.1889933738047058,high_flow,4087170.csv
4087170,2013-06-09,nighttime,6,-0.2584399142338594,0.6209708832623662,-0.1888967719049928,33.3830146789551,0.2523509106058803,0.1889933738047058,high_flow,4087170.csv
4087170,2013-06-10,daytime,6,-0.6921199413932696,0.12759320026658172,-0.14879903040988207,31.2400245666504,0.2764551839066778,0.18691028845772328,high_flow,4087170.csv
4087170,2013-06-10,nighttime,6,0.6869936483500161,0.13162638234371277,0.8719101123596478,31.2400245666504,0.2764551839066778,0.18691028845772328,high_flow,4087170.csv
4087170,2013-06-11,daytime,6,0.9555788656938098,0.0029160290428319,0.15560679102913436,28.9702949523926,0.3023449589334603,0.1843947149148911,high_flow,4087170.csv
4087170,2013-06-11,nighttime,6,0.8633838361192271,0.02672106393235605,0.7277945397012466,28.9702949523926,0.3023449589334603,0.1843947149148911,high_flow,4087170.csv
4087170,2013-06-12,daytime,6,-0.7629143784844293,0.07765114487527447,-0.6762731291960241,27.4796371459961,0.3225211284370908,0.18233940403920168,high_flow,4087170.csv
4087170,2013-06-12,nighttime,6,-0.6113383071056913,0.1972316554763094,-0.3257180515129949,27.4796371459961,0.3225211284370908,0.18233940403920168,high_flow,4087170.csv
4087170,2013-06-13,daytime,6,-0.8839427426669989,0.01942232621694252,-0.7371389891696355,37.9664916992188,0.2098559695274372,0.18197436813077808,high_flow,4087170.csv
4087170,2013-06-13,nighttime,6,-0.8499788887483696,0.03207128812673476,-0.7340213439661939,37.9664916992188,0.2098559695274372,0.18197436813077808,high_flow,4087170.csv
4087170,2013-06-14,daytime,6,0.06682387991857114,0.899913378832181,0.04403639909002352,45.4474792480469,0.15724318533507917,0.1828393445224775,high_flow,4087170.csv
4087170,2013-06-14,nighttime,6,-0.5379785685136691,0.2708832787774592,-0.26538128249570087,45.4474792480469,0.15724318533507917,0.1828393445224775,high_flow,4087170.csv
4087170,2013-06-15,daytime,6,0.3478953312710247,0.49921009110905235,0.09854711175162788,47.3951454162598,0.14676824187596715,0.17981192715152958,high_flow,4087170.csv
4087170,2013-06-15,nighttime,6,0.7313054404995715,0.09859571029783792,1.0013812154696702,47.3951454162598,0.14676824187596715,0.17981192715152958,high_flow,4087170.csv
4087170,2013-06-16,daytime,6,0.9763630216663912,8.314570475050749e-4,0.7800175284838015,60.8098449707031,0.0936793238900131,0.17250724120144428,high_flow,4087170.csv
4087170,2013-06-16,nighttime,6,-0.4354512830038362,0.3881077369655685,-0.7534400692341505,60.8098449707031,0.0936793238900131,0.17250724120144428,high_flow,4087170.csv
4087170,2013-06-17,daytime,6,0.62232471733507,0.18702238830348347,0.2584762988860788,68.8478851318359,0.07255088679919057,0.16485339046938857,high_flow,4087170.csv
4087170,2013-06-17,nighttime,6,0.8410470496680176,0.03589100479493973,0.4156968876860625,68.8478851318359,0.07255088679919057,0.16485339046938857,high_flow,4087170.csv
4087170,2013-06-18,daytime,6,0.8291347250016047,0.04129821238660954,0.8895191439989566,64.0375823974609,0.08433519819069159,0.15414038011347855,high_flow,4087170.csv
4087170,2013-06-18,nighttime,6,0.3860223168065805,0.4497277407508699,0.3505268996118618,64.0375823974609,0.08433519819069159,0.15414038011347855,high_flow,4087170.csv
4087170,2013-06-19,daytime,6,-0.5263889771735306,0.283343872620084,-0.34956858317881373,57.0629692077637,0.1056421854541126,0.1382454469705987,high_flow,4087170.csv
4087170,2013-06-19,nighttime,6,0.11357606216037366,0.8303684452097809,0.14415781487120516,57.0629692077637,0.1056421854541126,0.1382454469705987,high_flow,4087170.csv
4087170,2013-06-20,daytime,6,0.7840119495950771,0.06493824511077705,0.15256114744617952,48.9106063842773,0.13920961790263064,0.12153711859699244,high_flow,4087170.csv
4087170,2013-06-20,nighttime,6,-0.3951632703566995,0.4381082591476295,-0.4129692832764179,48.9106063842773,0.13920961790263064,0.12153711859699244,high_flow,4087170.csv
4087170,2013-06-21,daytime,6,-0.3543879318722833,0.49067203523731984,-0.4273304211654194,43.1899566650391,0.17099154862516366,0.11369281434749832,high_flow,4087170.csv
4087170,2013-06-21,nighttime,6,0.8939656134575246,0.01626884895534437,1.7975460122695457,43.1899566650391,0.17099154862516366,0.11369281434749832,high_flow,4087170.csv
4087170,2013-06-22,daytime,6,0.31408399605766546,0.5443660037498146,0.3699926572571964,48.8036804199219,0.13986430186882515,0.11028845772328692,high_flow,4087170.csv
4087170,2013-06-22,nighttime,6,-0.9708413604658652,0.00126294366871107,-0.8444828749789548,48.8036804199219,0.13986430186882515,0.11028845772328692,high_flow,4087170.csv
4087170,2013-06-23,daytime,6,-0.24151598230304216,0.6447698365112802,-0.2382990949576772,54.4538345336914,0.11379597666944412,0.1095544181248264,high_flow,4087170.csv
4087170,2013-06-23,nighttime,6,0.5517953818716826,0.2563117439121189,0.13109475620975916,54.4538345336914,0.11379597666944412,0.1095544181248264,high_flow,4087170.csv
4087170,2013-06-24,daytime,6,0.28216022067402796,0.5879916759330277,0.07434619534503065,49.1559448242188,0.13754314962504463,0.11569654406221482,high_flow,4087170.csv
4087170,2013-06-24,nighttime,6,-0.10950256087347532,0.836402670936634,-0.06299350763287061,49.1559448242188,0.13754314962504463,0.11569654406221482,high_flow,4087170.csv
4087170,2013-06-25,daytime,6,-0.7751363084929965,0.0701605517939367,-0.21841488530643127,53.9588470458984,0.1157600285680276,0.12634606991231204,high_flow,4087170.csv
4087170,2013-06-25,nighttime,6,-0.4610228941865343,0.35745904782577487,-0.15744457186543925,53.9588470458984,0.1157600285680276,0.12634606991231204,high_flow,4087170.csv
4087170,2013-06-26,daytime,6,-0.8878887501595487,0.01814883915423923,-0.22745216056572545,73.0710067749023,0.06392096179026306,0.13734079276276634,high_flow,4087170.csv
4087170,2013-06-26,nighttime,6,-0.6686755942382749,0.14647808168226736,-0.3831775700935434,73.0710067749023,0.06392096179026306,0.13734079276276634,high_flow,4087170.csv
4087170,2013-06-27,daytime,6,0.719842656807994,0.1067376914573879,0.2578758096283389,69.188232421875,0.07189620283299607,0.14654207832400903,high_flow,4087170.csv
4087170,2013-06-27,nighttime,6,-0.14490372270494709,0.784165694113017,-0.05150356591427759,69.188232421875,0.07189620283299607,0.14654207832400903,high_flow,4087170.csv
4087170,2013-06-28,daytime,6,-0.7728503513353429,0.0715353283365753,-0.397340968177154,61.3813705444336,0.0921914057850256,0.15504106653969765,high_flow,4087170.csv
4087170,2013-06-28,nighttime,6,0.1416222857932756,0.7889868213275348,0.07302904564313231,61.3813705444336,0.0921914057850256,0.15504106653969765,high_flow,4087170.csv
4087170,2013-06-29,daytime,6,0.2940034555538661,0.5717013567008478,0.04479125176520492,56.8776664733887,0.10617783597190812,0.16323453557116216,high_flow,4087170.csv
4087170,2013-06-29,nighttime,6,0.12297155767412168,0.8164724516821379,0.04768370607029563,56.8776664733887,0.10617783597190812,0.16323453557116216,high_flow,4087170.csv
4087170,2013-06-30,daytime,6,-0.45101667414594426,0.3693470017761102,-0.172045809474233,49.480541229248,0.13575764789905964,0.17599095345792168,high_flow,4087170.csv
4087170,2013-06-30,nighttime,6,0.20253986131146243,0.7003445431723285,0.13468414779504434,49.480541229248,0.13575764789905964,0.17599095345792168,high_flow,4087170.csv
4087170,2013-07-01,daytime,6,-0.432989944894886,0.3911036233909343,-0.31267813786547355,41.1881523132324,0.1858112129508392,0.1929333809467127,high_flow,4087170.csv
4087170,2013-07-01,nighttime,6,-0.7876510902085531,0.06285046439798857,-1.0766550522654743,41.1881523132324,0.1858112129508392,0.1929333809467127,high_flow,4087170.csv
4087170,2013-07-02,daytime,6,-0.2929386008581409,0.5731610722871299,-0.3427689140502736,35.4392509460449,0.23229377455064873,0.2075943340078562,high_flow,4087170.csv
4087170,2013-07-02,nighttime,6,-0.9420599767829878,0.00493831576557904,-0.34122035408083384,35.4392509460449,0.23229377455064873,0.2075943340078562,high_flow,4087170.csv
4087170,2013-07-03,daytime,6,0.00971121076355964,0.985433641775221,0.00769785903299766,33.6382598876953,0.24925604094750625,0.2216958298615244,high_flow,4087170.csv
4087170,2013-07-03,nighttime,6,-0.6069523321397782,0.20136943059599272,-0.3932664190310291,33.6382598876953,0.24925604094750625,0.2216958298615244,high_flow,4087170.csv
4087170,2013-07-04,daytime,6,0.9486041663517176,0.00389441571226642,0.5632981239161553,34.1910858154297,0.24366146887275325,0.24049914692695315,high_flow,4087170.csv
4087170,2013-07-04,nighttime,6,-0.2319039282167552,0.6583799384348978,-0.2941328508656162,34.1910858154297,0.24366146887275325,0.24049914692695315,high_flow,4087170.csv
4087170,2013-07-05,daytime,6,0.834997172047717,0.03859272185989536,0.17822887030001117,32.1079406738281,0.26669444113795976,0.26087370551124867,normal_flow,4087170.csv
4087170,2013-07-05,nighttime,6,0.7770702642827009,0.06900695670797259,1.3010501750291037,32.1079406738281,0.26669444113795976,0.26087370551124867,normal_flow,4087170.csv
4087170,2013-07-06,daytime,6,0.897319809934488,0.01527354215756988,0.22497549500097888,29.6145191192627,0.2938935840971313,0.2815656866246082,normal_flow,4087170.csv
4087170,2013-07-06,nighttime,6,-0.950001710622879,0.00368724982557382,-0.487228056106693,29.6145191192627,0.2938935840971313,0.2815656866246082,normal_flow,4087170.csv
4087170,2013-07-07,daytime,6,0.17995764554409965,0.7329774737416088,0.07751802445771032,26.8509082794189,0.3312105701702178,0.3036662302106892,normal_flow,4087170.csv
4087170,2013-07-07,nighttime,6,-0.9511105959150604,0.00352683366052315,-0.33203268453910906,26.8509082794189,0.3312105701702178,0.3036662302106892,normal_flow,4087170.csv
4087170,2013-07-08,daytime,6,-0.3331284863279976,0.5187916688358161,-0.1337134991642621,24.525447845459,0.36793238900130937,0.3266595246597627,normal_flow,4087170.csv
4087170,2013-07-08,nighttime,6,-0.17709091273852473,0.7371405218947574,-0.09301270417424788,24.525447845459,0.36793238900130937,0.3266595246597627,normal_flow,4087170.csv
4087170,2013-07-10,daytime,6,-0.3683498218776778,0.4724644121730232,-0.03264960481746306,27.1556777954102,0.3272824663730508,0.37094790302741737,normal_flow,4087170.csv
4087170,2013-07-10,nighttime,6,-0.7453511215705325,0.08901258981287691,-0.2729280242909345,27.1556777954102,0.3272824663730508,0.37094790302741737,normal_flow,4087170.csv
4087170,2013-07-11,daytime,6,-0.2670190552022455,0.6089905364815262,-0.13941531290099973,25.9049777984619,0.34597071777169386,0.3935761615680673,normal_flow,4087170.csv
4087170,2013-07-11,nighttime,6,-0.905570098488573,0.01295449343586942,-1.0663366336633224,25.9049777984619,0.34597071777169386,0.3935761615680673,normal_flow,4087170.csv
4087170,2013-07-12,daytime,6,0.8586515999537836,0.02855702928789648,0.1870506308836177,23.9417285919189,0.3775145815974289,0.418053406340515,normal_flow,4087170.csv
4087170,2013-07-12,nighttime,6,0.16771829453221143,0.7507814679060294,0.11917293233076973,23.9417285919189,0.3775145815974289,0.418053406340515,normal_flow,4087170.csv
4087170,2013-07-13,daytime,6,0.9505837393386768,0.0036026137922257,0.475277678251512,22.5239238739014,0.4025711224854184,0.4424076498829505,normal_flow,4087170.csv
4087170,2013-07-13,nighttime,6,0.5149294154740595,0.29587323696612666,0.4880829015544109,22.5239238739014,0.4025711224854184,0.4424076498829505,normal_flow,4087170.csv
4087170,2013-07-14,daytime,6,0.7142762233312189,0.11079414505433358,0.5302133909992834,20.6797885894775,0.43768598976312345,0.46525810419394514,normal_flow,4087170.csv
4087170,2013-07-14,nighttime,6,-0.3934892111092021,0.4402288902282123,-0.10088801184013751,20.6797885894775,0.43768598976312345,0.46525810419394514,normal_flow,4087170.csv
4087170,2013-07-15,daytime,6,0.8561094694320633,0.02956713753010605,0.9721960519580888,18.6990966796875,0.4806570646351625,0.47556640082529855,normal_flow,4087170.csv
4087170,2013-07-15,nighttime,6,0.09618010451200582,0.8561747056707059,0.04865929120570268,18.6990966796875,0.4806570646351625,0.47556640082529855,normal_flow,4087170.csv
4087170,2013-07-16,daytime,6,0.4723346637764887,0.344186944252069,0.13975786496995338,16.957555770874,0.522735388644209,0.48060151569257625,normal_flow,4087170.csv
4087170,2013-07-16,nighttime,6,-0.6346753575735864,0.17581464559547838,-0.3584876222176072,16.957555770874,0.522735388644209,0.48060151569257625,normal_flow,4087170.csv
4087170,2013-07-17,daytime,6,0.6655683213552208,0.14906464160760816,2.0588126502682393,15.5925722122192,0.5596952743720985,0.4879974606197675,normal_flow,4087170.csv
4087170,2013-07-17,nighttime,6,-0.6306446775294217,0.179440685357591,-0.5147287280474647,15.5925722122192,0.5596952743720985,0.4879974606197675,normal_flow,4087170.csv
4087170,2013-07-18,daytime,6,0.1529479537614332,0.772367030953854,0.1751087853019025,14.5963935852051,0.5886799190572551,0.4966551600999881,normal_flow,4087170.csv
4087170,2013-07-18,nighttime,6,-0.8937392611998076,0.0163371036053717,-0.26538077818423594,14.5963935852051,0.5886799190572551,0.4966551600999881,normal_flow,4087170.csv
4087170,2013-07-19,daytime,6,-0.9895944226673762,1.6185072208602596e-4,-0.2885233057297435,13.9060792922974,0.6108201404594691,0.5033686465896917,normal_flow,4087170.csv
4087170,2013-07-19,nighttime,6,-0.5187765754165871,0.2916440824273106,-0.1221279527982959,13.9060792922974,0.6108201404594691,0.5033686465896917,normal_flow,4087170.csv
4087170,2013-07-20,daytime,6,-0.5188660022037125,0.29154604950090596,-0.4473988439306889,13.271595954895,0.6320080942744911,0.5036582946474626,normal_flow,4087170.csv
4087170,2013-07-20,nighttime,6,-0.949828331046944,0.00371264857693185,-0.22284912396556764,13.271595954895,0.6320080942744911,0.5036582946474626,normal_flow,4087170.csv
4087170,2013-07-21,daytime,6,0.02212653277477683,0.96681561722999,0.00524350973183257,13.1424007415771,0.6366503987620521,0.5046899178669206,normal_flow,4087170.csv
4087170,2013-07-21,nighttime,6,-0.9892717209363252,1.7202656665054876e-4,-0.7240746996091245,13.1424007415771,0.6366503987620521,0.5046899178669206,normal_flow,4087170.csv
4087170,2013-07-22,daytime,6,-0.2729779662204257,0.6007037961348264,-0.06518097517199009,18.4806938171387,0.485835019640519,0.5085346982502084,normal_flow,4087170.csv
4087170,2013-07-22,nighttime,6,-0.7936861119603456,0.05945721190787764,-0.6156983052116138,18.4806938171387,0.485835019640519,0.5085346982502084,normal_flow,4087170.csv
4087170,2013-07-23,daytime,6,-0.989759148207292,1.5677556326176457e-4,-2.1195112546391894,20.3754940032959,0.44345911201047494,0.5132563583700354,normal_flow,4087170.csv
4087170,2013-07-23,nighttime,6,-0.953155646286762,0.0032401927401564,-0.3324490976562998,20.3754940032959,0.44345911201047494,0.5132563583700354,normal_flow,4087170.csv
4087170,2013-07-25,daytime,6,0.8244359384988308,0.04352842685282562,0.399208250859462,19.725564956665,0.45714795857636,0.5101892631829544,normal_flow,4087170.csv
4087170,2013-07-25,nighttime,6,-0.5540249403888757,0.2539898038401832,-0.30942184154173286,19.725564956665,0.45714795857636,0.5101892631829544,normal_flow,4087170.csv
4087170,2013-07-26,daytime,6,-0.5992507318757834,0.2087198024513769,-0.9299492385789028,20.1981658935547,0.44667301511724794,0.503491647819704,normal_flow,4087170.csv
4087170,2013-07-26,nighttime,6,-0.16535047775985595,0.754234688918838,-0.18335962145127233,20.1981658935547,0.44667301511724794,0.503491647819704,normal_flow,4087170.csv
4087170,2013-07-27,daytime,6,-0.5793006449089164,0.2282525634015007,-0.3525226390684787,23.7135753631592,0.3818593024639923,0.496270285283498,normal_flow,4087170.csv
4087170,2013-07-27,nighttime,6,-0.9461590765090782,0.0042702293164642,-0.7723805700522091,23.7135753631592,0.3818593024639923,0.496270285283498,normal_flow,4087170.csv
4087170,2013-07-28,daytime,6,0.6033085647475906,0.2048336478917014,1.3862725450896227,21.6891021728516,0.4180454707772884,0.489723445621553,normal_flow,4087170.csv
4087170,2013-07-28,nighttime,6,-0.5042623159474233,0.30771855877954096,-0.46428884665985615,21.6891021728516,0.4180454707772884,0.489723445621553,normal_flow,4087170.csv
4087170,2013-07-29,daytime,6,0.7455712532299854,0.08886588715824693,3.933600802407331,18.0986480712891,0.495357695512439,0.4840653890409872,normal_flow,4087170.csv
4087170,2013-07-29,nighttime,6,-0.8729908170296075,0.02317258515395111,-0.5684363950444071,18.0986480712891,0.495357695512439,0.4840653890409872,normal_flow,4087170.csv
4087170,2013-07-30,daytime,6,0.944937985596292,0.00446426893753778,1.1503072317629657,15.8926277160645,0.5514819664325675,0.4908939411974765,normal_flow,4087170.csv
4087170,2013-07-30,nighttime,6,-0.13159052150415054,0.80375353277866,-0.6566523605159378,15.8926277160645,0.5514819664325675,0.4908939411974765,normal_flow,4087170.csv
4087170,2013-07-31,daytime,6,-0.6227895635695269,0.18659536480198805,-0.3487525987526009,16.0762805938721,0.5471372455660041,0.5035352934174503,normal_flow,4087170.csv
4087170,2013-07-31,nighttime,6,-0.3806255053028729,0.4566334496330835,-1.3646342918509482,16.0762805938721,0.5471372455660041,0.5035352934174503,normal_flow,4087170.csv
4087170,2013-08-02,daytime,6,-0.7093825619792896,0.114415187163653,-0.4726633272939938,18.3963623046875,0.488215688608499,0.5339602428282347,normal_flow,4087170.csv
4087170,2013-08-02,nighttime,6,-0.8876141166348316,0.01823613034332146,-0.5828705856607336,18.3963623046875,0.488215688608499,0.5339602428282347,normal_flow,4087170.csv
4087170,2013-08-03,daytime,6,-0.9704902184865296,0.00129339184718177,-7.099826889786544,17.7827396392822,0.502499702416379,0.5491846208784669,normal_flow,4087170.csv
4087170,2013-08-03,nighttime,6,-0.5595531907766594,0.2482682024280759,-0.2352415026833771,17.7827396392822,0.502499702416379,0.5491846208784669,normal_flow,4087170.csv
4087170,2013-08-05,daytime,6,-0.27488083770082977,0.5980636693319543,-0.3639906469213805,15.8862018585205,0.551779550053565,0.5679839701622823,normal_flow,4087170.csv
4087170,2013-08-05,nighttime,6,-0.4781592676720368,0.33742337785369053,-0.5860759493670683,15.8862018585205,0.551779550053565,0.5679839701622823,normal_flow,4087170.csv
4087170,2013-08-06,daytime,6,0.817240107456522,0.04704956960323228,0.36608442503638616,14.6100730895996,0.5882633019878586,0.5631472443756695,normal_flow,4087170.csv
4087170,2013-08-06,nighttime,6,-0.7866391052020657,0.06342790685253404,-1.2833723653395543,14.6100730895996,0.5882633019878586,0.5631472443756695,normal_flow,4087170.csv
4087170,2013-08-07,daytime,6,0.31805448002824016,0.5390052612310554,0.16155460085922368,13.24693775177,0.6330793953100822,0.5625163670991549,normal_flow,4087170.csv
4087170,2013-08-07,nighttime,6,-0.99275212103374,7.860725238316286e-5,-0.7154064957519508,13.24693775177,0.6330793953100822,0.5625163670991549,normal_flow,4087170.csv
4087170,2013-08-08,daytime,6,-0.760994202261065,0.07885920075821787,-1.0238832853025983,12.0131044387817,0.6781335555291037,0.5685116851168511,normal_flow,4087170.csv
4087170,2013-08-08,nighttime,6,-0.6959167046022459,0.12464119390464516,-1.9761834754481813,12.0131044387817,0.6781335555291037,0.5685116851168511,normal_flow,4087170.csv
4087170,2013-08-09,daytime,6,-0.2919193260901158,0.5745592398448118,-0.20572929332231735,11.308443069458,0.7037852636590882,0.5826568265682657,normal_flow,4087170.csv
4087170,2013-08-09,nighttime,6,-0.5087733314223792,0.3026880683055651,-0.3076292042657762,11.308443069458,0.7037852636590882,0.5826568265682657,normal_flow,4087170.csv
4087170,2013-08-10,daytime,6,-0.7781938615399431,0.06834073948478282,-7.359828141782098,12.0881690979004,0.6750386858707297,0.5999920644367734,normal_flow,4087170.csv
4087170,2013-08-10,nighttime,6,-0.6737253222396131,0.14231593563660064,-0.8679820107354049,12.0881690979004,0.6750386858707297,0.5999920644367734,normal_flow,4087170.csv
4087170,2013-08-11,daytime,6,-0.7954034541749194,0.05850744006732322,-0.6091778202676106,13.2021627426147,0.6348053803118676,0.618819188191882,normal_flow,4087170.csv
4087170,2013-08-11,nighttime,6,-0.9440188760356164,0.00461311012341881,-1.730025115226534,13.2021627426147,0.6348053803118676,0.618819188191882,normal_flow,4087170.csv
4087170,2013-08-12,daytime,6,0.9135165469445304,0.01089565984313648,10.555369127517457,20.1847305297852,0.4470896321866445,0.6375471174066579,normal_flow,4087170.csv
4087170,2013-08-12,nighttime,6,-0.9615527144143958,0.00218887438435961,-3.4231625835181605,20.1847305297852,0.4470896321866445,0.6375471174066579,normal_flow,4087170.csv
4087170,2013-08-13,daytime,6,0.12353355211063548,0.8156422660978788,0.20135983263630627,21.4703712463379,0.4228068087132485,0.65662024362179106,normal_flow,4087170.csv
4087170,2013-08-13,nighttime,6,-0.7155229963763262,0.1098797895965554,-6.122641509432857,21.4703712463379,0.4228068087132485,0.65662024362179106,normal_flow,4087170.csv
4087170,2013-08-14,daytime,6,-0.5787434674093533,0.22880812516928775,-2.5568463647047137,16.2662220001221,0.5420188072848471,0.6742292584216165,normal_flow,4087170.csv
4087170,2013-08-14,nighttime,6,-0.9709016207882718,0.00125775448225921,-2.0560623697248777,16.2662220001221,0.5420188072848471,0.6742292584216165,normal_flow,4087170.csv
4087170,2013-08-15,daytime,6,0.9344269405786112,0.00630876280592559,1.1001446238304975,13.1340780258179,0.6370670158314486,0.6778677141610125,normal_flow,4087170.csv
4087170,2013-08-15,nighttime,6,0.8863028775280855,0.01865567010936471,1.4781132075471988,13.1340780258179,0.6370670158314486,0.6778677141610125,normal_flow,4087170.csv
4087170,2013-08-16,daytime,6,0.38173139909022297,0.455215633716154,4.679509632220615,11.3678932189941,0.7014641114153077,0.6610284489941674,normal_flow,4087170.csv
4087170,2013-08-16,nighttime,6,0.9399218640572798,0.00530565114372843,4.102702702701794,11.3678932189941,0.7014641114153077,0.6610284489941674,normal_flow,4087170.csv
4087170,2013-08-17,daytime,6,0.5872460515736738,0.22038915007065335,1.9243510601588325,10.0474128723145,0.7482442566361147,0.6483593223029005,normal_flow,4087170.csv
4087170,2013-08-17,nighttime,6,0.15540581401176096,0.7687678793274885,0.40917030567671536,10.0474128723145,0.7482442566361147,0.6483593223029005,normal_flow,4087170.csv
4087170,2013-08-18,daytime,6,0.9580017169632749,0.00260874420994843,10.689999999998808,9.01542949676514,0.7849065587430067,0.6447248343451176,normal_flow,4087170.csv
4087170,2013-08-18,nighttime,6,-0.5128718188040652,0.29814453296032717,-3.480278422275803,9.01542949676514,0.7849065587430067,0.6447248343451176,normal_flow,4087170.csv
4087170,2013-08-19,daytime,6,0.7230807253330614,0.10440874877683998,8.975722956090436,8.20357036590576,0.8147244375669563,0.6492084275681467,normal_flow,4087170.csv
4087170,2013-08-19,nighttime,6,0.4615264917606032,0.35686438044460467,2.768721344880086,8.20357036590576,0.8147244375669563,0.6492084275681467,normal_flow,4087170.csv
4087170,2013-08-20,daytime,6,0.7820487618685686,0.06607747256564223,6.115174672489456,7.6129789352417,0.8378764432805619,0.670360671348649,normal_flow,4087170.csv
4087170,2013-08-20,nighttime,6,-0.9429835479160144,0.00478363700999223,-4.763037249283602,7.6129789352417,0.8378764432805619,0.670360671348649,normal_flow,4087170.csv
4087170,2013-08-21,daytime,6,-0.2233333067407973,0.6705697230844246,-0.47762975825495096,7.16606760025024,0.8523985239852399,0.6964091576399635,normal_flow,4087170.csv
4087170,2013-08-21,nighttime,6,-0.8185415768299238,0.04640328380245966,-0.5909217101610341,7.16606760025024,0.8523985239852399,0.6964091576399635,normal_flow,4087170.csv
4087170,2013-08-22,daytime,6,-0.9880580443085292,2.1306393562944972e-4,-0.6613129143710935,11.7681045532227,0.6876562314010237,0.7177121771217713,normal_flow,4087170.csv
4087170,2013-08-22,nighttime,6,-0.23807695266834392,0.6496317474721821,-0.248464833066656,11.7681045532227,0.6876562314010237,0.7177121771217713,normal_flow,4087170.csv
4087170,2013-08-23,daytime,6,0.5529485114512679,0.2551098050296939,0.27303109715341245,21.329345703125,0.4255445780264254,0.7342736975756854,normal_flow,4087170.csv
4087170,2013-08-23,nighttime,6,-0.9650286533790636,0.00181310773421497,-1.0260642919200529,21.329345703125,0.4255445780264254,0.7342736975756854,normal_flow,4087170.csv
4087170,2013-08-24,daytime,6,0.8020305290464069,0.05490846615877477,1.6960399242181643,17.2824726104736,0.5137483632900846,0.7453755505296988,normal_flow,4087170.csv
4087170,2013-08-24,nighttime,6,-0.9317709713310962,0.00682399063047749,-1.7956081081084618,17.2824726104736,0.5137483632900846,0.7453755505296988,normal_flow,4087170.csv
4087170,2013-08-25,daytime,6,0.479328950472708,0.33607098364459365,0.8029164329782079,13.5991430282593,0.6205213665039876,0.7529222711581954,low_flow,4087170.csv
4087170,2013-08-25,nighttime,6,-0.5411850328257953,0.26747392243664847,-0.7904185543308327,13.5991430282593,0.6205213665039876,0.7529222711581954,low_flow,4087170.csv
4087170,2013-08-26,daytime,6,-0.29295344769350273,0.5731407132087027,-0.08270474251265522,11.3592052459717,0.7020592786573027,0.759278657302702,low_flow,4087170.csv
4087170,2013-08-26,nighttime,6,-0.9782484766590286,7.045475157627934e-4,-0.3796832070601903,11.3592052459717,0.7020592786573027,0.759278657302702,low_flow,4087170.csv
4087170,2013-08-27,daytime,6,-0.6388836834970936,0.1720618055154512,-0.43165062975833257,9.59271144866943,0.7643732888941792,0.761036384557394,low_flow,4087170.csv
4087170,2013-08-27,nighttime,6,0.035370204810045,0.9469668177568488,0.02599212359894145,9.59271144866943,0.7643732888941792,0.761036384557394,low_flow,4087170.csv
4087170,2013-08-28,daytime,6,-0.5333802540626441,0.2758014920303539,-0.974520686175654,8.2222261428833,0.8135341030829664,0.7612863547990318,low_flow,4087170.csv
4087170,2013-08-28,nighttime,6,0.6850698886085043,0.13315392482964142,0.6999999999998725,8.2222261428833,0.8135341030829664,0.7612863547990318,low_flow,4087170.csv
4087170,2013-08-29,daytime,6,0.3842455864652508,0.45199752684638184,0.08502547176580849,6.89092540740967,0.8615640995119629,0.7586596833710273,low_flow,4087170.csv
4087170,2013-08-29,nighttime,6,-0.5990964309100874,0.20886816075085252,-0.5743962607114006,6.89092540740967,0.8615640995119629,0.7586596833710273,low_flow,4087170.csv
4087170,2013-08-30,daytime,6,0.8191638746434695,0.04609573160783168,0.6589056449969847,6.14466333389282,0.885489822640162,0.767372931793834,low_flow,4087170.csv
4087170,2013-08-30,nighttime,6,-0.4229611680760964,0.403391310106632,-0.5676895306862825,6.14466333389282,0.885489822640162,0.767372931793834,low_flow,4087170.csv
4087170,2013-08-31,daytime,6,-0.3649639987432825,0.4768603706935232,-1.494570582427544,6.68429851531982,0.8679919057255089,0.7918898543824148,low_flow,4087170.csv
4087170,2013-08-31,nighttime,6,-0.96970652796768,0.00136264159611551,-1.066424410837559,6.68429851531982,0.8679919057255089,0.7918898543824148,low_flow,4087170.csv
4087170,2013-09-01,daytime,6,-0.15491001161701834,0.7694936790005202,-0.5040566909725825,6.89209461212158,0.8614450660635639,0.796218704122525,low_flow,4087170.csv
4087170,2013-09-01,nighttime,6,-0.49445646647003433,0.3187594381156994,-0.7101547882292438,6.89209461212158,0.8614450660635639,0.796218704122525,low_flow,4087170.csv
4087170,2013-09-02,daytime,6,-0.7872416536096136,0.0630837991614639,-0.4524092409241225,6.30950450897217,0.8802523509106058,0.7966829345712811,low_flow,4087170.csv
4087170,2013-09-02,nighttime,6,-0.04753651899559999,0.9287489311331216,-0.03436937289602654,6.30950450897217,0.8802523509106058,0.7966829345712811,low_flow,4087170.csv
4087170,2013-09-03,daytime,6,0.7929202904513906,0.05988301247538229,0.5082453127572751,7.50262403488159,0.8410903463873348,0.7967900646748403,low_flow,4087170.csv
4087170,2013-09-03,nighttime,6,-0.7538295526069312,0.08344088284011725,-1.501572327043751,7.50262403488159,0.8410903463873348,0.7967900646748403,low_flow,4087170.csv
4087170,2013-09-04,daytime,6,-0.7943036839022819,0.05911485589618884,-0.3414829659318594,7.48503589630127,0.8416259969051303,0.796627385628695,low_flow,4087170.csv
4087170,2013-09-04,nighttime,6,-0.5627465763763303,0.24498647201528345,-0.7078687278257351,7.48503589630127,0.8416259969051303,0.796627385628695,low_flow,4087170.csv
4087170,2013-09-05,daytime,6,0.7152719537025187,0.11006363057446424,0.5083820412357029,8.24342060089111,0.8129984525651708,0.7953735666388921,low_flow,4087170.csv
4087170,2013-09-05,nighttime,6,0.47951533913064626,0.33585566157589347,0.9058171745151982,8.24342060089111,0.8129984525651708,0.7953735666388921,low_flow,4087170.csv
4087170,2013-09-06,daytime,6,0.8228660812692928,0.0442857231747357,0.4973283462463963,8.10925102233887,0.8183549577431258,0.7915922707614172,low_flow,4087170.csv
4087170,2013-09-06,nighttime,6,-0.8549511172508816,0.03003291292067123,-3.1726027397264613,8.10925102233887,0.8183549577431258,0.7915922707614172,low_flow,4087170.csv
4087170,2013-09-07,daytime,6,-0.6199537559105299,0.18920670378098672,-0.560842263113438,8.81555843353271,0.7932984168551362,0.7861484743879696,low_flow,4087170.csv
4087170,2013-09-07,nighttime,6,-0.7927345693815077,0.05998648455421084,-1.9285985567793236,8.81555843353271,0.7932984168551362,0.7861484743879696,low_flow,4087170.csv
4087170,2013-09-08,daytime,6,-0.8730333157766196,0.02315742266783577,-0.986773633998296,14.9417400360107,0.5786811093917391,0.7794984724040789,low_flow,4087170.csv
4087170,2013-09-08,nighttime,6,-0.7801640220826539,0.0671796849076505,-0.9515908052975078,14.9417400360107,0.5786811093917391,0.7794984724040789,low_flow,4087170.csv
4087170,2013-09-09,daytime,6,-0.8752293211568861,0.02238038580881531,-0.8296246648793457,13.3866281509399,0.6274848232353292,0.7662064039995239,low_flow,4087170.csv
4087170,2013-09-09,nighttime,6,0.3403961969656717,0.5091264851921743,0.4283319362948006,13.3866281509399,0.6274848232353292,0.7662064039995239,low_flow,4087170.csv
4087170,2013-09-10,daytime,6,0.5276338120213527,0.2819952331214199,0.5219350961537921,11.3103456497192,0.7036662302106892,0.7547831607348332,low_flow,4087170.csv
4087170,2013-09-10,nighttime,6,-0.95638519469489,0.00281189370392766,-1.604806644479177,11.3103456497192,0.7036662302106892,0.7547831607348332,low_flow,4087170.csv
4087170,2013-09-11,daytime,6,0.6187876405093676,0.19028485879112447,0.38812154696127577,9.64989471435547,0.7619331032019998,0.7501845018450185,low_flow,4087170.csv
4087170,2013-09-11,nighttime,6,-0.5421398643333177,0.26646189406434195,-0.2939786369221879,9.64989471435547,0.7619331032019998,0.7501845018450185,low_flow,4087170.csv
4087170,2013-09-12,daytime,6,-0.9672555113400932,0.00159074796085362,-5.986350759722278,8.78075981140137,0.7947268182359243,0.7426020711820022,normal_flow,4087170.csv
4087170,2013-09-12,nighttime,6,-0.11360592079815372,0.830324235148238,-0.049829114864519,8.78075981140137,0.7947268182359243,0.7426020711820022,normal_flow,4087170.csv
4087170,2013-09-13,daytime,6,-0.9588963228103444,0.00249954583411515,-1.632256006804153,8.47350788116455,0.8048446613498393,0.7276792445343808,normal_flow,4087170.csv
4087170,2013-09-13,nighttime,6,-0.9729272101024252,0.00108948261872755,-2.0058021785539104,8.47350788116455,0.8048446613498393,0.7276792445343808,normal_flow,4087170.csv
4087170,2013-09-14,daytime,6,0.15681119319392153,0.7667111842524142,0.48615702479325706,8.50434494018555,0.8038328770384479,0.7107725270801095,normal_flow,4087170.csv
4087170,2013-09-14,nighttime,6,-0.32023507359058834,0.5360675234487317,-0.4085106382977919,8.50434494018555,0.8038328770384479,0.7107725270801095,normal_flow,4087170.csv
4087170,2013-09-15,daytime,6,-0.712512005633849,0.11209367286835986,-0.78368536052436,9.4827241897583,0.7682418759671468,0.7001825179542118,normal_flow,4087170.csv
4087170,2013-09-15,nighttime,6,-0.6128732387111104,0.19579190576308483,-9.95953757225243,9.4827241897583,0.7682418759671468,0.7001825179542118,normal_flow,4087170.csv
4087170,2013-09-16,daytime,6,0.8400924483615861,0.03631118557276008,0.18783311891198676,12.4255142211914,0.6620640399952387,0.7043486886481768,normal_flow,4087170.csv
4087170,2013-09-16,nighttime,6,-0.8841203616665081,0.01936411473047399,-2.64295523207927,12.4255142211914,0.6620640399952387,0.7043486886481768,normal_flow,4087170.csv
4087170,2013-09-17,daytime,6,-0.7745703714634871,0.07049977638054403,-0.5063485956137338,11.1531610488892,0.7089037019402452,0.7069991667658612,normal_flow,4087170.csv
4087170,2013-09-17,nighttime,6,0.7435971098584203,0.09018538703319694,1.1535665606541563,11.1531610488892,0.7089037019402452,0.7069991667658612,normal_flow,4087170.csv
4087170,2013-09-18,daytime,6,0.9210009340625556,0.00911476787260629,0.7716879036481094,9.36879730224609,0.7721104630401143,0.70952267587192,normal_flow,4087170.csv
4087170,2013-09-18,nighttime,6,0.46642296251731746,0.35110080258367954,1.422029702971339,9.36879730224609,0.7721104630401143,0.70952267587192,normal_flow,4087170.csv
4087170,2013-09-19,daytime,6,0.9839885699477572,3.8249644620048614e-4,1.303143336127364,10.5662536621094,0.7278895369598857,0.7144347895091854,normal_flow,4087170.csv
4087170,2013-09-19,nighttime,6,0.985240512105728,3.2515610260712695e-4,1.060037523451957,10.5662536621094,0.7278895369598857,0.7144347895091854,normal_flow,4087170.csv
4087170,2013-09-20,daytime,6,0.40629312524139344,0.4240945488656842,0.5760963026654545,14.5790481567383,0.589156052850851,0.7215014085624727,normal_flow,4087170.csv
4087170,2013-09-20,nighttime,6,0.15053351206342036,0.7759053020558404,0.5192660550461088,14.5790481567383,0.589156052850851,0.7215014085624727,normal_flow,4087170.csv
4087170,2013-09-21,daytime,6,-0.1607103846109395,0.7610098231470082,-0.5425531914887567,15.3972768783569,0.5647541959290561,0.7305162083878903,normal_flow,4087170.csv
4087170,2013-09-21,nighttime,6,-0.9314251582972528,0.00689252646962453,-2.866969500325164,15.3972768783569,0.5647541959290561,0.7305162083878903,normal_flow,4087170.csv
4087170,2013-09-22,daytime,6,-0.94932260987287,0.0037872220224527,-4.10830357142845,13.2117204666138,0.6344482799666706,0.7393842002936158,normal_flow,4087170.csv
4087170,2013-09-22,nighttime,6,-0.6371579565771756,0.17359665629974572,-0.38603094939353993,13.2117204666138,0.6344482799666706,0.7393842002936158,normal_flow,4087170.csv
4087170,2013-09-23,daytime,6,0.6461171953522491,0.1656906495248332,0.21194500298897215,13.0139865875244,0.6411736698012142,0.7505931833511883,low_flow,4087170.csv
4087170,2013-09-23,nighttime,6,-0.778696643933529,0.06804357776874759,-3.5242966751913634,13.0139865875244,0.6411736698012142,0.7505931833511883,low_flow,4087170.csv
4087170,2013-09-24,daytime,6,0.9506910419139646,0.00358711577805315,2.2206485277674473,12.2929201126099,0.6672419950005952,0.7698885053366663,low_flow,4087170.csv
4087170,2013-09-24,nighttime,6,-0.792512334741323,0.06011040749844987,-0.5244592346089703,12.2929201126099,0.6672419950005952,0.7698885053366663,low_flow,4087170.csv
4087170,2013-09-25,daytime,6,0.7823523742662966,0.06590069625228841,5.0917070217915805,10.2243518829346,0.7415188668015712,0.7851446256398048,low_flow,4087170.csv
4087170,2013-09-25,nighttime,6,0.9508113111020464,0.00356978398996727,2.3321364452421713,10.2243518829346,0.7415188668015712,0.7851446256398048,low_flow,4087170.csv
4087170,2013-09-26,daytime,6,0.7268856248419362,0.1017011926200416,0.8914985958642884,7.68019819259644,0.8356148077609808,0.7954687933976113,low_flow,4087170.csv
4087170,2013-09-26,nighttime,6,0.7967809674712528,0.05775069549194697,1.7309184993527411,7.68019819259644,0.8356148077609808,0.7954687933976113,low_flow,4087170.csv
4087170,2013-09-27,daytime,6,0.9040867392127204,0.01335786039206449,1.673679215438166,5.44490385055542,0.900726104035234,0.798849343332143,low_flow,4087170.csv
4087170,2013-09-27,nighttime,6,-0.7752480322277051,0.07009367221820356,-4.154411764703439,5.44490385055542,0.900726104035234,0.798849343332143,low_flow,4087170.csv
4087170,2013-09-28,daytime,6,0.7705556971161246,0.07292752030501198,1.871140939597717,3.79909944534302,0.9400666587311034,0.8005991350236084,low_flow,4087170.csv
4087170,2013-09-28,nighttime,6,-0.5606798758980661,0.24710838820671968,-7.857142857150805,3.79909944534302,0.9400666587311034,0.8005991350236084,low_flow,4087170.csv
4087170,2013-09-29,daytime,6,0.8266394820131246,0.04247572662929366,2.3947368421046096,3.91001343727112,0.9368527556243303,0.7827163432924652,low_flow,4087170.csv
4087170,2013-09-29,nighttime,6,0.9614688560368712,0.0021983709694225,1.13316062176162,3.91001343727112,0.9368527556243303,0.7827163432924652,low_flow,4087170.csv
4087170,2013-09-30,daytime,6,0.7554759643669794,0.08237771494477907,1.1194573546038211,3.93100619316101,0.9363766218307344,0.7606197674879974,low_flow,4087170.csv
4087170,2013-09-30,nighttime,6,0.9191701164754964,0.00953615529346913,0.3885754583920992,3.93100619316101,0.9363766218307344,0.7606197674879974,low_flow,4087170.csv
4087170,2013-10-01,daytime,6,-0.7503358330915457,0.08571723643445989,-1.2599501138707592,3.17136716842651,0.9514938697774076,0.7431456572630243,normal_flow,4087170.csv
4087170,2013-10-01,nighttime,6,0.06070820890563704,0.9090495562876264,0.01903521514804458,3.17136716842651,0.9514938697774076,0.7431456572630243,normal_flow,4087170.csv
4087170,2013-10-02,daytime,6,-0.8840195993177006,0.01939712753943312,-0.3768968690323408,3.87836933135986,0.9377455064873228,0.7277308256953537,normal_flow,4087170.csv
4087170,2013-10-02,nighttime,6,0.02349341840013609,0.9647663558867898,0.01025423728813598,3.87836933135986,0.9377455064873228,0.7277308256953537,normal_flow,4087170.csv
4087170,2013-10-03,daytime,6,-0.8008774524240082,0.05552709993612856,-0.5192286273448986,4.34994125366211,0.9269729794072136,0.7114986311153434,normal_flow,4087170.csv
4087170,2013-10-03,nighttime,6,0.4944300466799919,0.3187893793678253,0.24021808851825197,4.34994125366211,0.9269729794072136,0.7114986311153434,normal_flow,4087170.csv
4087170,2013-10-04,daytime,6,-0.8038896500979898,0.0539177736245403,-0.37576231430804113,9.18999671936035,0.7785977859778598,0.6952227909375868,normal_flow,4087170.csv
4087170,2013-10-04,nighttime,6,-0.44171166472609497,0.3805235065201786,-0.730103477738151,9.18999671936035,0.7785977859778598,0.6952227909375868,normal_flow,4087170.csv
4087170,2013-10-05,daytime,6,-0.945004378068884,0.00445361001129166,-0.5263714253922361,13.751615524292,0.6154029282228306,0.6826409554418125,normal_flow,4087170.csv
4087170,2013-10-05,nighttime,6,-0.1832157953075752,0.728251403480055,-0.09024229854830083,13.751615524292,0.6154029282228306,0.6826409554418125,normal_flow,4087170.csv
4087170,2013-10-06,daytime,6,-0.9587544018546506,0.00251671555683631,-0.3733229096009281,29.4498462677002,0.2965123199619093,0.6692695314049915,normal_flow,4087170.csv
4087170,2013-10-06,nighttime,6,-0.9160679943837696,0.01027123942033162,-0.4020927528743379,29.4498462677002,0.2965123199619093,0.6692695314049915,normal_flow,4087170.csv
4087170,2013-10-07,daytime,6,-0.6379243116197189,0.1729143613010056,-0.3053958835527768,28.9331016540527,0.3029996428996548,0.661433162718724,normal_flow,4087170.csv
4087170,2013-10-07,nighttime,6,-0.32881869947331227,0.5245481752828742,-0.1092640692640661,28.9331016540527,0.3029996428996548,0.661433162718724,normal_flow,4087170.csv
4087170,2013-10-08,daytime,6,0.1362091460199394,0.7969498204452221,0.01280413579597548,23.8788414001465,0.37906201642661586,0.6574891877951038,normal_flow,4087170.csv
4087170,2013-10-08,nighttime,6,-0.7390673314415626,0.09324587403451531,-0.202266579610101,23.8788414001465,0.37906201642661586,0.6574891877951038,normal_flow,4087170.csv
4087170,2013-10-09,daytime,6,0.7489807801548984,0.0866075311541897,0.5552403739423831,20.8121795654297,0.4360195214855374,0.6489981351426417,normal_flow,4087170.csv
4087170,2013-10-09,nighttime,6,-0.7539416359409593,0.08336831058897423,-0.22510266940453297,20.8121795654297,0.4360195214855374,0.6489981351426417,normal_flow,4087170.csv
4087170,2013-10-10,daytime,6,-0.8869845062440076,0.0184370074430193,-0.43515922605952456,17.9549999237061,0.4980359481014165,0.6415506090544777,normal_flow,4087170.csv
4087170,2013-10-10,nighttime,6,-0.9955767775252896,2.930407564497872e-5,-0.5792831472056686,17.9549999237061,0.4980359481014165,0.6415506090544777,normal_flow,4087170.csv
4087170,2013-10-11,daytime,6,-0.7710486857290059,0.07262739083795504,-0.3277936252015453,14.495436668396,0.5914772050946316,0.6346030234495893,normal_flow,4087170.csv
4087170,2013-10-11,nighttime,6,-0.906811644323836,0.01262147736557339,-0.6272202364585889,14.495436668396,0.5914772050946316,0.6346030234495893,normal_flow,4087170.csv
4087170,2013-10-12,daytime,6,-0.8572381802948057,0.02911659590978285,-0.7515651469397577,11.0631732940674,0.7119985715986192,0.6378447010276554,normal_flow,4087170.csv
4087170,2013-10-12,nighttime,6,-0.9309728967072672,0.00698266334927351,-0.3757531760435695,11.0631732940674,0.7119985715986192,0.6378447010276554,normal_flow,4087170.csv
4087170,2013-10-13,daytime,6,0.5141158042342022,0.2967705685122507,0.1845156889495286,10.2750730514526,0.7394952981787882,0.6510415426734912,normal_flow,4087170.csv
4087170,2013-10-13,nighttime,6,0.27819921621056515,0.5934667625760515,0.1281185424122088,10.2750730514526,0.7394952981787882,0.6510415426734912,normal_flow,4087170.csv
4087170,2013-10-14,daytime,6,-0.6572367201207465,0.15609494155450032,-0.4165162454873031,8.08908557891846,0.8193072253303179,0.6842042613974527,normal_flow,4087170.csv
4087170,2013-10-14,nighttime,6,-0.744376071943613,0.08966369598624327,-0.8481902792139626,8.08908557891846,0.8193072253303179,0.6842042613974527,normal_flow,4087170.csv
4087170,2013-10-15,daytime,6,-0.08359700897561849,0.8748965937094695,-0.03612012987016524,6.40266942977905,0.8772169979764314,0.7147284053485696,normal_flow,4087170.csv
4087170,2013-10-15,nighttime,6,-0.838459467213387,0.03703528773453627,-0.5483870967741474,6.40266942977905,0.8772169979764314,0.7147284053485696,normal_flow,4087170.csv
4087170,2013-10-16,daytime,6,0.2155057345049448,0.6817457346584778,0.1991388589881481,7.94848537445068,0.8241280799904773,0.7415902868706107,normal_flow,4087170.csv
4087170,2013-10-16,nighttime,6,-0.9387399177783528,0.00551424816367526,-0.7121624247134309,7.94848537445068,0.8241280799904773,0.7415902868706107,normal_flow,4087170.csv
4087170,2013-10-17,daytime,6,-0.9776902564743924,7.410349295547342e-4,-0.5805651958354131,7.89936876296997,0.8260326151648614,0.7661865650914573,low_flow,4087170.csv
4087170,2013-10-17,nighttime,6,-0.9973327936084792,1.0661497662742843e-5,-0.6946769403310434,7.89936876296997,0.8260326151648614,0.7661865650914573,low_flow,4087170.csv
4087170,2013-10-18,daytime,6,-0.8058157211937422,0.05290019604242684,-0.3107494322483357,8.00607967376709,0.8227591953338889,0.7898186723802721,low_flow,4087170.csv
4087170,2013-10-18,nighttime,6,-0.9350253309058538,0.00619540940790331,-0.48896870189838376,8.00607967376709,0.8227591953338889,0.7898186723802721,low_flow,4087170.csv
4087170,2013-10-19,daytime,6,-0.9320204219508754,0.00677476015172133,-0.3631399317405924,7.86657762527466,0.8272229496488513,0.8104154267349125,low_flow,4087170.csv
4087170,2013-10-19,nighttime,6,-0.9978165210719624,7.1461653882923954e-6,-0.5238497765970199,7.86657762527466,0.8272229496488513,0.8104154267349125,low_flow,4087170.csv
4087170,2013-10-20,daytime,6,-0.7856501599832161,0.0639945376547502,-0.586132952108759,8.2282829284668,0.8133555529103678,0.8254215767964131,low_flow,4087170.csv
4087170,2013-10-20,nighttime,6,-0.6203810904724892,0.1888122361492279,-0.5639097744360352,8.2282829284668,0.8133555529103678,0.8254215767964131,low_flow,4087170.csv
4087170,2013-10-21,daytime,6,-0.4331067022625972,0.3909613307522794,-0.21428571428566817,8.79792022705078,0.7939531008213307,0.8400785620759433,low_flow,4087170.csv
4087170,2013-10-21,nighttime,6,-0.9826815303968328,4.4729692508706486e-4,-0.9317365269461516,8.79792022705078,0.7939531008213307,0.8400785620759433,low_flow,4087170.csv
4087170,2013-10-22,daytime,6,-0.05336383603569427,0.9200302280176212,-0.05653382761806594,9.67440605163574,0.7608618021664088,0.8504463754314963,low_flow,4087170.csv
4087170,2013-10-22,nighttime,6,-0.17806114244870458,0.7357310691812271,-0.6249999999988644,9.67440605163574,0.7608618021664088,0.8504463754314963,low_flow,4087170.csv
4087170,2013-10-23,daytime,6,-0.881540478250345,0.02021783644459361,-2.1847887323944564,9.09170341491699,0.7819902392572313,0.8576002856802761,low_flow,4087170.csv
4087170,2013-10-23,nighttime,6,-0.941961063877861,0.00495502455568887,-1.2406088082899962,9.09170341491699,0.7819902392572313,0.8576002856802761,low_flow,4087170.csv
4087170,2013-10-24,daytime,6,-0.98030742671357185,5.778777991822617e-4,-2.471798780487787,8.47086620330811,0.8049636947982383,0.8630718565250168,low_flow,4087170.csv
4087170,2013-10-24,nighttime,6,-0.9966937167452664,1.6379192108284162e-5,-1.149756394640666,8.47086620330811,0.8049636947982383,0.8630718565250168,low_flow,4087170.csv
4087170,2013-10-25,daytime,6,-0.8377714385341678,0.03734238498187242,-1.1765453005927722,7.16379261016846,0.8525175574336389,0.8527159465143038,low_flow,4087170.csv
4087170,2013-10-25,nighttime,6,-0.3772302154909325,0.460995103687,-0.05670971364404369,7.16379261016846,0.8525175574336389,0.8527159465143038,low_flow,4087170.csv
4087170,2013-10-26,daytime,6,-0.9817344937114196,4.973961312258521e-4,-3.441967717140473,5.45783281326294,0.9004285204142364,0.8419116771812879,low_flow,4087170.csv
4087170,2013-10-26,nighttime,6,-0.9098794758187032,0.01181659698736889,-1.0504889697520992,5.45783281326294,0.9004285204142364,0.8419116771812879,low_flow,4087170.csv
4087170,2013-10-27,daytime,6,-0.9347851326740364,0.0062407896524994,-1.1015174685331577,3.90412378311157,0.9370908225211284,0.8310439233424592,low_flow,4087170.csv
4087170,2013-10-27,nighttime,6,0.02789292929640179,0.95817145662113,0.02256244963735403,3.90412378311157,0.9370908225211284,0.8310439233424592,low_flow,4087170.csv
4087170,2013-10-28,daytime,6,-0.997437015049121,9.844919802159928e-6,-1.0252418379686568,2.7396764755249,0.9593500773717416,0.8175693369836924,low_flow,4087170.csv
4087170,2013-10-28,nighttime,6,-0.9495846698582447,0.00374848780866512,-0.9626633478530998,2.7396764755249,0.9593500773717416,0.8175693369836924,low_flow,4087170.csv
4087170,2013-10-29,daytime,6,-0.7065777784088708,0.11651357234537411,-0.3994169096210762,1.96179223060608,0.9748244256636116,0.8019719874618101,low_flow,4087170.csv
4087170,2013-10-29,nighttime,6,-0.967781666348964,0.00154030988104228,-1.3210106833983133,1.96179223060608,0.9748244256636116,0.8019719874618101,low_flow,4087170.csv
4087170,2013-10-30,daytime,6,-0.7039331956071957,0.11850737931288637,-0.5558912386706707,1.45935153961182,0.98452565170813,0.7863032178708884,low_flow,4087170.csv
4087170,2013-10-30,nighttime,6,-0.929141535588298,0.00735349555750283,-1.3041806823642872,1.45935153961182,0.98452565170813,0.7863032178708884,low_flow,4087170.csv
4087170,2013-10-31,daytime,6,-0.9250580817499204,0.00821398885184774,-0.7903982834919017,5.22050905227661,0.906201642661588,0.7675792564377256,low_flow,4087170.csv
4087170,2013-10-31,nighttime,6,-0.8882173374264373,0.01804466296862778,-17.23529411765194,5.22050905227661,0.906201642661588,0.7675792564377256,low_flow,4087170.csv
4087170,2013-11-01,daytime,6,-0.8262683700187212,0.04265217585175859,-1.2069126576367109,12.1938428878784,0.6706939650041662,0.7524024917668531,low_flow,4087170.csv
4087170,2013-11-01,nighttime,6,-0.06881671105819505,0.8969378824287163,-0.06942392909920361,12.1938428878784,0.6706939650041662,0.7524024917668531,low_flow,4087170.csv
4087170,2013-11-02,daytime,6,-0.8787015378568039,0.02117762401984865,-0.44203886805317993,12.4605236053467,0.6606951553386502,0.7378169265563623,normal_flow,4087170.csv
4087170,2013-11-02,nighttime,6,-0.7437759800578377,0.09006547325995197,-0.9983544512093738,12.4605236053467,0.6606951553386502,0.7378169265563623,normal_flow,4087170.csv
4087170,2013-11-04,daytime,6,0.3538102687971327,0.4914298833826587,0.2571012381645961,13.8861742019653,0.6112367575288656,0.7076855929849621,normal_flow,4087170.csv
4087170,2013-11-04,nighttime,6,0.7567165725586567,0.08158065214885998,0.7726920093095856,13.8861742019653,0.6112367575288656,0.7076855929849621,normal_flow,4087170.csv
4087170,2013-11-05,daytime,6,0.542512532940494,0.2660673038136565,1.1049056603773422,15.5728378295898,0.5599928579930961,0.6915049795659247,normal_flow,4087170.csv
4087170,2013-11-05,nighttime,6,-0.7262424018085996,0.10215669554588187,-0.8795483061482687,15.5728378295898,0.5599928579930961,0.6915049795659247,normal_flow,4087170.csv
4087170,2013-11-06,daytime,6,0.8371110042293178,0.0376382848097949,0.2772521596051013,16.8591575622559,0.525830258302583,0.6790183708288696,normal_flow,4087170.csv
4087170,2013-11-06,nighttime,6,NA,NA,NA,16.8591575622559,0.525830258302583,0.6790183708288696,normal_flow,4087170.csv
4087170,2013-11-07,daytime,6,0.6593975295405956,0.15425841072254,1.1082474226808965,17.8348331451416,0.5011308177597905,0.6700868944173313,normal_flow,4087170.csv
4087170,2013-11-07,nighttime,6,0.7564643229123715,0.08174243405716324,0.4930875576037257,17.8348331451416,0.5011308177597905,0.6700868944173313,normal_flow,4087170.csv
4087170,2013-11-08,daytime,6,0.32857142857128674,0.5248790087465454,0.22999999999987575,14.9891157150269,0.5773122247351505,0.6684878784271714,normal_flow,4087170.csv
4087170,2013-11-08,nighttime,6,0.867451555977992,0.02518925724695307,0.6090047393366055,14.9891157150269,0.5773122247351505,0.6684878784271714,normal_flow,4087170.csv
4087170,2013-11-09,daytime,6,-0.6985437212990369,0.12261627844707455,-0.9665427509293514,13.2278728485107,0.6337340792762767,0.6845296194897433,normal_flow,4087170.csv
4087170,2013-11-09,nighttime,6,-0.9493173043155352,0.00378800823935138,-0.8424606151537762,13.2278728485107,0.6337340792762767,0.6845296194897433,normal_flow,4087170.csv
4087170,2013-11-10,daytime,6,0.809008875444043,0.05123296464376658,0.912087912087837,12.3484687805176,0.6650398762052137,0.689195730666984,normal_flow,4087170.csv
4087170,2013-11-10,nighttime,6,-0.7504753839065632,0.08562578360362477,-0.5404040404040308,12.3484687805176,0.6650398762052137,0.689195730666984,normal_flow,4087170.csv
4087170,2013-11-11,daytime,6,-0.24102768446736303,0.6454596459883538,-0.32692307692303535,10.7955150604248,0.7205094631591478,0.665984208229179,normal_flow,4087170.csv
4087170,2013-11-11,nighttime,6,-0.5756673483476491,0.23188501231595865,-0.29228441754913304,10.7955150604248,0.7205094631591478,0.665984208229179,normal_flow,4087170.csv
4087170,2013-11-12,daytime,6,-0.450257138286385,0.3702549429644794,-0.24217844727721344,10.9036149978638,0.7166408760861802,0.6507796690870135,normal_flow,4087170.csv
4087170,2013-11-12,nighttime,6,-0.958591608039486,0.00253648183553268,-0.5839588688946021,10.9036149978638,0.7166408760861802,0.6507796690870135,normal_flow,4087170.csv
4087170,2013-11-13,daytime,6,NA,NA,NA,8.94880199432373,0.7875252946077848,0.6435940165853271,normal_flow,4087170.csv
4087170,2013-11-13,nighttime,6,0.3743282917694984,0.4647333150348163,0.62018348623836,8.94880199432373,0.7875252946077848,0.6435940165853271,normal_flow,4087170.csv
4087170,2013-11-14,daytime,6,-0.8867988141504854,0.01849645393872528,-1.309432648798992,7.22721576690674,0.8505535055350554,0.636344879577828,normal_flow,4087170.csv
4087170,2013-11-14,nighttime,6,-0.956264038262762,0.00282742169867119,-0.45929828048899746,7.22721576690674,0.8505535055350554,0.636344879577828,normal_flow,4087170.csv
4087170,2013-11-15,daytime,6,0.48229282374702065,0.3326529553625024,0.2089314194577376,6.25134325027466,0.8822164028091893,0.6300321390310677,normal_flow,4087170.csv
4087170,2013-11-15,nighttime,6,-0.8469766977395118,0.03333258970350968,-0.4557305812062128,6.25134325027466,0.8822164028091893,0.6300321390310677,normal_flow,4087170.csv
4087170,2013-11-16,daytime,6,-0.6162732395094034,0.19261818128869743,-1.7812499999991778,5.00244998931885,0.9113200809427447,0.6234535571162163,normal_flow,4087170.csv
4087170,2013-11-16,nighttime,6,-0.8020107346711927,0.0549190590070118,-1.0591966173358247,5.00244998931885,0.9113200809427447,0.6234535571162163,normal_flow,4087170.csv
4087170,2013-11-17,daytime,6,-0.9997798701575932,7.268038784503031e-8,-0.7676385167118434,10.4875288009644,0.7306868229972622,0.6206126254810935,normal_flow,4087170.csv
4087170,2013-11-17,nighttime,6,-0.5813342543957621,0.22622943316637065,-0.49944751381222247,10.4875288009644,0.7306868229972622,0.6206126254810935,normal_flow,4087170.csv
4087170,2013-11-18,daytime,6,-0.03520868697441658,0.9472087927916232,-0.08284714119014878,27.9377765655518,0.3160338054993453,0.6225528706899972,normal_flow,4087170.csv
4087170,2013-11-18,nighttime,6,-0.9883473703350872,2.0288454812101544e-4,-0.9889381633365006,27.9377765655518,0.3160338054993453,0.6225528706899972,normal_flow,4087170.csv
4087170,2013-11-19,daytime,6,-0.971703928756544,0.00118967359731965,-1.3757575757575402,23.6161460876465,0.38316867039638136,0.6262032297742333,normal_flow,4087170.csv
4087170,2013-11-19,nighttime,6,0.18627216394984583,0.7238233264277516,0.07244897959187305,23.6161460876465,0.38316867039638136,0.6262032297742333,normal_flow,4087170.csv
4087170,2013-11-20,daytime,6,-0.9158784165739352,0.01031702049468372,-1.9258620689653625,19.9440059661865,0.4522080704678014,0.635432289806769,normal_flow,4087170.csv
4087170,2013-11-20,nighttime,6,0.8148055264767591,0.04826968275211222,0.2533333333333493,19.9440059661865,0.4522080704678014,0.635432289806769,normal_flow,4087170.csv
4087170,2013-11-21,daytime,6,-0.9691160641340196,0.00141599742269585,-1.4506155489347292,21.7333221435547,0.4170932031900964,0.6431932706423839,normal_flow,4087170.csv
4087170,2013-11-21,nighttime,6,0.0477213572232117,0.928472302755138,0.02429149797572957,21.7333221435547,0.4170932031900964,0.6431932706423839,normal_flow,4087170.csv
4087170,2013-11-22,daytime,6,-0.7217205821050189,0.10538425126914493,-1.8751914241960688,22.3240070343018,0.40643970955838593,0.6486569059238979,normal_flow,4087170.csv
4087170,2013-11-22,nighttime,6,-0.6691323267088685,0.1460995184207217,-0.5425531914897096,22.3240070343018,0.40643970955838593,0.6486569059238979,normal_flow,4087170.csv
4087170,2013-11-23,daytime,6,-0.7024159338746312,0.1196579462098027,-2.9509981851180456,18.7925643920898,0.4786334960123795,0.653128595802087,normal_flow,4087170.csv
4087170,2013-11-23,nighttime,6,-0.8032578285690866,0.05425352599747128,-0.9324577861164528,18.7925643920898,0.4786334960123795,0.653128595802087,normal_flow,4087170.csv
4087170,2013-11-24,daytime,6,-0.9169554638359972,0.01005823851860464,-0.8189926547742536,14.5063238143921,0.5911201047494345,0.6560766575407689,normal_flow,4087170.csv
4087170,2013-11-24,nighttime,6,-0.03538286598735772,0.9469478497590608,-0.03920000000005438,14.5063238143921,0.5911201047494345,0.6560766575407689,normal_flow,4087170.csv
4087170,2013-11-25,daytime,6,-0.5892256197775735,0.21844725817160032,-0.07808700351250719,11.5665798187256,0.6941435543387692,0.6702614768083165,normal_flow,4087170.csv
4087170,2013-11-25,nighttime,6,-0.9042339518899712,0.01331756223162587,-0.5734731647131105,11.5665798187256,0.6941435543387692,0.6702614768083165,normal_flow,4087170.csv
4087170,2013-11-26,daytime,6,-0.9681889348440862,0.00150182029339733,-0.8886989228927834,9.28338527679443,0.7752648494226878,0.710871721620442,normal_flow,4087170.csv
4087170,2013-11-26,nighttime,6,-0.6432774855421769,0.16817978864209782,-1.221374045801522,9.28338527679443,0.7752648494226878,0.710871721620442,normal_flow,4087170.csv
4087170,2013-11-27,daytime,6,-0.996667079530848,1.664402664223671e-5,-0.6766131203446268,7.08629751205444,0.8550767765742173,0.740800698329564,normal_flow,4087170.csv
4087170,2013-11-27,nighttime,6,-0.7204439104675612,0.10630353194299492,-0.27583749109026695,7.08629751205444,0.8550767765742173,0.740800698329564,normal_flow,4087170.csv
4087170,2013-11-28,daytime,6,-0.9011053387455258,0.01418662852731426,-0.4018944519618633,5.31847763061523,0.903940007142007,0.7605562829821847,low_flow,4087170.csv
4087170,2013-11-28,nighttime,6,-0.8064025988339527,0.05259191978759697,-0.7996422182469318,5.31847763061523,0.903940007142007,0.7605562829821847,low_flow,4087170.csv
4087170,2013-11-29,daytime,6,-0.9882842207569882,2.0508517400397253e-4,-0.6391006097560925,4.10136413574219,0.9325080347577668,0.78055787009483,low_flow,4087170.csv
4087170,2013-11-29,nighttime,6,-0.9608345778407698,0.00227085692562374,-0.29040697674427846,4.10136413574219,0.9325080347577668,0.78055787009483,low_flow,4087170.csv
4087170,2013-11-30,daytime,6,0.8159809009968277,0.04767882117245131,0.342105263158079,3.31005692481995,0.949291750982026,0.8004562948855295,low_flow,4087170.csv
4087170,2013-11-30,nighttime,6,-0.845098064620193,0.03413350864496087,-1.1424148606810638,3.31005692481995,0.949291750982026,0.8004562948855295,low_flow,4087170.csv
4087170,2013-12-01,daytime,6,-0.6440447770127983,0.1675056843764288,-0.44085401038693967,2.95496535301208,0.9555410070229736,0.8143038527159465,low_flow,4087170.csv
4087170,2013-12-01,nighttime,6,-0.827332882040123,0.04214695743985432,-0.597667638483637,2.95496535301208,0.9555410070229736,0.8143038527159465,low_flow,4087170.csv
4087170,2013-12-02,daytime,6,0.18752289237544256,0.7220127672368455,0.17582417582426638,3.62623453140259,0.9434591120104748,0.8228464865293814,low_flow,4087170.csv
4087170,2013-12-02,nighttime,6,-0.5864716912052674,0.221150652125248,-0.11464968152857842,3.62623453140259,0.9434591120104748,0.8228464865293814,low_flow,4087170.csv
4087170,2013-12-03,daytime,6,-0.2984703047404438,0.5655890852249897,-0.39597315436265945,4.4344310760498,0.9251874776812284,0.8295718763639249,low_flow,4087170.csv
4087170,2013-12-03,nighttime,6,-0.8254214101372556,0.04305615050683779,-10.09090909090654,4.4344310760498,0.9251874776812284,0.8295718763639249,low_flow,4087170.csv
4087170,2013-12-04,daytime,6,-0.908781800851554,0.012101637419028,-1.1924812030077945,7.75576400756836,0.8321033210332104,0.8358131968416458,low_flow,4087170.csv
4087170,2013-12-04,nighttime,6,-0.41348838481514366,0.41511502406280193,-0.6250000000002013,7.75576400756836,0.8321033210332104,0.8358131968416458,low_flow,4087170.csv
4087170,2013-12-05,daytime,6,0.6210076441429314,0.18823448618241945,0.7152847152843523,10.0394706726074,0.7485418402571122,0.839610363845574,low_flow,4087170.csv
4087170,2013-12-05,nighttime,6,0.8049081246779854,0.05337857941690914,0.9595141700404926,10.0394706726074,0.7485418402571122,0.839610363845574,low_flow,4087170.csv
4087170,2013-12-06,daytime,6,0.1655531196702656,0.7539390468242362,0.07563850687592616,10.8857593536377,0.7171170098797762,0.8420227750664604,low_flow,4087170.csv
4087170,2013-12-06,nighttime,6,0.00922494861505367,0.9861629695974928,0.0017492711372029,10.8857593536377,0.7171170098797762,0.8420227750664604,low_flow,4087170.csv
4087170,2013-12-07,daytime,6,-0.8393736652440884,0.03662908359734183,-0.6544117647060562,11.2686042785645,0.7049160814188787,0.8434234019759552,low_flow,4087170.csv
4087170,2013-12-07,nighttime,6,-0.31056181510814723,0.5491339098451234,-0.1119691119691023,11.2686042785645,0.7049160814188787,0.8434234019759552,low_flow,4087170.csv
4087170,2013-12-08,daytime,6,-0.9505441529379284,0.00360833965933878,-1.1268213707502064,11.7959480285645,0.6863468634686347,0.8443240884021743,low_flow,4087170.csv
4087170,2013-12-08,nighttime,6,-0.9356497785222656,0.00607819094922474,-0.704735376044598,11.7959480285645,0.6863468634686347,0.8443240884021743,low_flow,4087170.csv
4087170,2013-12-09,daytime,6,-0.5973482891845301,0.21055196147322944,-0.2060470324747793,10.8224287033081,0.7192596119509582,0.8451612903225807,low_flow,4087170.csv
4087170,2013-12-09,nighttime,6,-0.4864430756803929,0.32788813669241795,-0.06779039941363252,10.8224287033081,0.7192596119509582,0.8451612903225807,low_flow,4087170.csv
4087170,2013-12-10,daytime,6,-0.9464811497389972,0.00421975485263137,-2.1319999999997896,8.77715301513672,0.7950244018569218,0.8470975677498711,low_flow,4087170.csv
4087170,2013-12-10,nighttime,6,-0.7802791348323687,0.06711212737235915,-1.2059891107079117,8.77715301513672,0.7950244018569218,0.8470975677498711,low_flow,4087170.csv
4087170,2013-12-11,daytime,6,-0.8669496815333381,0.02537592673589772,-1.0780346820810287,6.66232442855835,0.8688846565885013,0.8504106653969765,low_flow,4087170.csv
4087170,2013-12-11,nighttime,6,0.7169281790990905,0.10885325989617656,0.8484848484850092,6.66232442855835,0.8688846565885013,0.8504106653969765,low_flow,4087170.csv
4087170,2013-12-12,daytime,6,-0.6630385218154852,0.15118474174643584,-0.8181818181816876,4.97547817230225,0.9120342816331388,0.8600523747172956,low_flow,4087170.csv
4087170,2013-12-12,nighttime,6,-0.809097611404061,0.05118698617059661,-1.4607645875247846,4.97547817230225,0.9120342816331388,0.8600523747172956,low_flow,4087170.csv
4087170,2013-12-13,daytime,6,-0.5913508901108728,0.2163701483778263,-1.3343872908151913,3.79827761650085,0.940126175455303,0.8753481728365671,low_flow,4087170.csv
4087170,2013-12-13,nighttime,6,-0.8387686311869278,0.03689768203344321,-0.9826714801442538,3.79827761650085,0.940126175455303,0.8753481728365671,low_flow,4087170.csv
4087170,2013-12-14,daytime,6,-0.9258200997730122,0.008049893100739,-0.8571428571438211,3.03710794448853,0.9535174384001904,0.8928143474983137,low_flow,4087170.csv
4087170,2013-12-14,nighttime,6,-0.8243358918255316,0.04357650746247066,-0.30929264909866255,3.03710794448853,0.9535174384001904,0.8928143474983137,low_flow,4087170.csv
4087170,2013-12-15,daytime,6,-0.16530571122002552,0.7543000032973843,-0.13163481953291933,2.56488990783691,0.9628020473753124,0.9110820140459468,low_flow,4087170.csv
4087170,2013-12-15,nighttime,6,0.6030226891552327,0.20510645520435863,1.0909090909085957,2.56488990783691,0.9628020473753124,0.9110820140459468,low_flow,4087170.csv
4087170,2013-12-16,daytime,6,0.7006610026438892,0.12099479189254884,0.4371257485024357,2.27504062652588,0.968099035829068,0.9306074673649962,low_flow,4087170.csv
4087170,2013-12-16,nighttime,6,0.5051232539304134,0.3067560923633067,19.200000000004703,2.27504062652588,0.968099035829068,0.9306074673649962,low_flow,4087170.csv
4087170,2013-12-17,daytime,6,0.01493147247843753,0.9776044557598048,0.01724137930964515,2.09636664390564,0.972503273419831,0.9479903186128636,low_flow,4087170.csv
4087170,2013-12-17,nighttime,6,-0.4469074359283062,0.37426842065015864,-0.3806104129261755,2.09636664390564,0.972503273419831,0.9479903186128636,low_flow,4087170.csv
4087170,2013-12-18,daytime,6,0.09505390535032668,0.857848559632343,0.11827956989251544,1.96115028858185,0.974883942387811,0.9603856683728128,low_flow,4087170.csv
4087170,2013-12-18,nighttime,6,-0.7786486411041447,0.0680719236014318,-0.19318181818151292,1.96115028858185,0.974883942387811,0.9603856683728128,low_flow,4087170.csv
4087170,2013-12-19,daytime,6,0.2568098542995842,0.623253690585038,0.27208480565337767,1.87672853469849,0.9767289608379954,0.9679204856564696,low_flow,4087170.csv
4087170,2013-12-19,nighttime,6,-0.6295576678450745,0.18042384063724015,-0.815999999999572,1.87672853469849,0.9767289608379954,0.9679204856564696,low_flow,4087170.csv
4087170,2013-12-20,daytime,6,-0.5928190501570906,0.21493993613919876,-0.8749999999995838,1.80105555057526,0.977978812046185,0.97261040352339,low_flow,4087170.csv
4087170,2013-12-20,nighttime,6,-0.06612801549257301,0.9009525628378264,-0.1284046692601434,1.80105555057526,0.977978812046185,0.97261040352339,low_flow,4087170.csv
4087170,2013-12-21,daytime,6,-0.6545424957609206,0.1583977283236837,-2.2307692307691767,1.74712646007538,0.9791096298059756,0.9752648494226878,low_flow,4087170.csv
4087170,2013-12-21,nighttime,6,-0.6192210029192676,0.1898838900258862,-1.057750759878523,1.74712646007538,0.9791096298059756,0.9752648494226878,low_flow,4087170.csv
4087170,2013-12-22,daytime,6,-0.22488959025028937,0.6683525469977549,-0.08108108108097072,1.75284111499786,0.978931079633377,0.9727611792246956,low_flow,4087170.csv
4087170,2013-12-22,nighttime,6,-0.2925006002287168,0.57376177824956,-0.2020905923343588,1.75284111499786,0.978931079633377,0.9727611792246956,low_flow,4087170.csv
4087170,2013-12-23,daytime,6,-0.5315873232053154,0.27772833890228416,-0.8673718470299894,1.74514317512512,0.9792286632543744,0.9697099551640678,low_flow,4087170.csv
4087170,2013-12-23,nighttime,6,-0.9718496480755978,0.00117750970519959,-0.7334183673470569,1.74514317512512,0.9792286632543744,0.9697099551640678,low_flow,4087170.csv
4087170,2013-12-24,daytime,6,-0.7231178800903518,0.1043821574478192,-0.5690376569034904,1.69548463821411,0.980002380668968,0.9680791969210014,low_flow,4087170.csv
4087170,2013-12-24,nighttime,6,-0.9242403353045824,0.00839187787940236,-3.0592105263156557,1.69548463821411,0.980002380668968,0.9680791969210014,low_flow,4087170.csv
4087170,2013-12-25,daytime,6,-0.8646609800022411,0.0262354967480112,-0.8067542213887667,1.65623307228088,0.98095464825616,0.9652501686307186,low_flow,4087170.csv
4087170,2013-12-25,nighttime,6,-0.98284378866557,4.3897853925750857e-4,-1.3462897526497626,1.65623307228088,0.98095464825616,0.9652501686307186,low_flow,4087170.csv
4087170,2013-12-26,daytime,6,-0.49670446793598017,0.3162156010750961,-5.2000000000034845,1.62124216556549,0.981906915843352,0.9614688727532436,low_flow,4087170.csv
4087170,2013-12-26,nighttime,6,-0.2199706725311981,0.6753658623127883,-0.24999999999918449,1.62124216556549,0.981906915843352,0.9614688727532436,low_flow,4087170.csv
4087170,2013-12-27,daytime,6,-0.4131369603905031,0.4155521113314745,-1.400000000000354,1.59366011619568,0.982383049636948,0.9581041939451652,low_flow,4087170.csv
4087170,2013-12-27,nighttime,6,-0.9344446481056204,0.00630539404419029,-1.4440298507467166,1.59366011619568,0.982383049636948,0.9581041939451652,low_flow,4087170.csv
4087170,2013-12-28,daytime,6,-0.739887811488602,0.09268814509387947,-0.4012605042015813,1.70693099498749,0.9799428639447684,0.955798912827838,low_flow,4087170.csv
4087170,2013-12-28,nighttime,6,-0.934719542804431,0.00625320956000373,-1.576923076923532,1.70693099498749,0.9799428639447684,0.955798912827838,low_flow,4087170.csv
4087170,2013-12-29,daytime,6,-0.4637725580370614,0.3542164199252191,-0.20590909090895904,4.81115865707397,0.915962385430306,0.9543268658493036,low_flow,4087170.csv
4087170,2013-12-29,nighttime,6,-0.44859297536465714,0.3722469881371416,-0.27272727272730946,4.81115865707397,0.915962385430306,0.9543268658493036,low_flow,4087170.csv
4087170,2013-12-30,daytime,6,-0.8768327275902521,0.02182103082819389,-0.6583442838367958,4.7753472328186,0.9170336864658968,0.953537277308257,low_flow,4087170.csv
4087170,2013-12-30,nighttime,6,0.32327290144026544,0.5319825247345389,1.4000000000001658,4.7753472328186,0.9170336864658968,0.953537277308257,low_flow,4087170.csv
4087170,2013-12-31,daytime,6,-0.10284114183129932,0.8462821266605282,-0.34146341463250807,3.62329173088074,0.9436376621830734,0.9532555648137128,low_flow,4087170.csv
4087170,2013-12-31,nighttime,6,-0.13120425732291524,0.8043229256079529,-0.398230088496665,3.62329173088074,0.9436376621830734,0.9532555648137128,low_flow,4087170.csv
4087170,2014-01-01,daytime,6,0.3612394131939901,0.4817106526042211,0.6413373860176514,4.20277118682861,0.9300678490655876,0.9522596516287744,low_flow,4087170.csv
4087170,2014-01-01,nighttime,6,-0.9144693668860898,0.01066038458985542,-4.171875000000082,4.20277118682861,0.9300678490655876,0.9522596516287744,low_flow,4087170.csv
4087170,2014-01-02,daytime,6,-0.909501627754608,0.01191434425331441,-3.7113402061856537,4.71671772003174,0.9181645042256874,0.9508431535928262,low_flow,4087170.csv
4087170,2014-01-02,nighttime,6,-0.46662826262813306,0.3508598765857419,-1.499999999997608,4.71671772003174,0.9181645042256874,0.9508431535928262,low_flow,4087170.csv
4087170,2014-01-03,daytime,6,-0.16609095970813462,0.753154470226894,-0.8000000000042119,4.37787437438965,0.9262587787168194,0.9492719120739594,low_flow,4087170.csv
4087170,2014-01-03,nighttime,6,-0.8906366679360603,0.01728649637016618,-3.463414634147597,4.37787437438965,0.9262587787168194,0.9492719120739594,low_flow,4087170.csv
4087170,2014-01-04,daytime,6,-0.8455740563369026,0.03392973164597814,-1.8042226487524629,3.62857437133789,0.9433995952862756,0.9339007261040352,low_flow,4087170.csv
4087170,2014-01-04,nighttime,6,-0.3766108489169848,0.4617921642521486,-0.6865671641788983,3.62857437133789,0.9433995952862756,0.9339007261040352,low_flow,4087170.csv
4087170,2014-01-05,daytime,6,-0.7381288811941544,0.09388562415117328,-2.8307692307683556,2.860435962677,0.957028925127961,0.9183628933063523,low_flow,4087170.csv
4087170,2014-01-05,nighttime,6,-0.348155311911626,0.49886735406662674,-1.000000000000368,2.860435962677,0.957028925127961,0.9183628933063523,low_flow,4087170.csv
4087170,2014-01-06,daytime,6,-0.6699727025586023,0.1454040661787972,-4.609756097561103,2.32247829437256,0.9670872515176764,0.9139070745546164,low_flow,4087170.csv
4087170,2014-01-06,nighttime,6,NA,NA,NA,2.32247829437256,0.9670872515176764,0.9139070745546164,low_flow,4087170.csv
4087170,2014-01-07,daytime,6,-0.8530578182023428,0.0308016190404626,-1.849999999999832,1.95837295055389,0.97500297583621,0.9108994960917352,low_flow,4087170.csv
4087170,2014-01-07,nighttime,6,-0.1736423056520174,0.7421543425616813,-2.599999999997025,1.95837295055389,0.97500297583621,0.9108994960917352,low_flow,4087170.csv
4087170,2014-01-08,daytime,6,-0.7689064445081709,0.07393566022968763,-8.103448275864956,2.43232917785645,0.9650636828948934,0.9071499424671666,low_flow,4087170.csv
4087170,2014-01-08,nighttime,6,7.121161350842245e-13,0.9999999999989316,1.2425981715555882e-12,2.43232917785645,0.9650636828948934,0.9071499424671666,low_flow,4087170.csv
4087170,2014-01-09,daytime,6,-0.0650281653778229,0.9025952430087044,-0.2233502538075092,2.72338628768921,0.9597071777169384,0.9048208546601596,low_flow,4087170.csv
4087170,2014-01-09,nighttime,6,NA,NA,NA,2.72338628768921,0.9597071777169384,0.9048208546601596,low_flow,4087170.csv
4087170,2014-01-10,daytime,6,0.3002858752325314,0.563109817095368,3.3999999999993227,2.79347538948059,0.95833829306035,0.9032694520493592,low_flow,4087170.csv
4087170,2014-01-10,nighttime,6,NA,NA,NA,2.79347538948059,0.95833829306035,0.9032694520493592,low_flow,4087170.csv
4087170,2014-01-11,daytime,6,-0.8571362523811228,0.02915714743211188,-1.2442333785618946,9.93797302246094,0.7518152600880847,0.9020315041860096,low_flow,4087170.csv
4087170,2014-01-11,nighttime,6,-0.7969394636219714,0.05766391556979794,-0.7659574468086442,9.93797302246094,0.7518152600880847,0.9020315041860096,low_flow,4087170.csv
4087170,2014-01-12,daytime,6,-0.3882901373571177,0.4468358966265474,-0.23333333333278505,10.0920400619507,0.7468753719795262,0.901122882196564,low_flow,4087170.csv
4087170,2014-01-12,nighttime,6,-0.4644847319304485,0.35337827896549256,-0.9690721649484784,10.0920400619507,0.7468753719795262,0.901122882196564,low_flow,4087170.csv
4087170,2014-01-13,daytime,6,0.5169106163462559,0.2936924512749293,0.6147389969293588,7.26815938949585,0.8491251041542673,0.9006507161845813,low_flow,4087170.csv
4087170,2014-01-13,nighttime,6,-0.1200060004512868,0.8208551289392987,-0.07920792079290305,7.26815938949585,0.8491251041542673,0.9006507161845813,low_flow,4087170.csv
4087170,2014-01-14,daytime,6,-0.8857564870708683,0.01883184118127108,-0.8076923076918966,6.5758843421936,0.8719200095226759,0.90039677816133,low_flow,4087170.csv
4087170,2014-01-14,nighttime,6,-0.8074327774057856,0.05205280093311165,-0.8733918791923528,6.5758843421936,0.8719200095226759,0.90039677816133,low_flow,4087170.csv
4087170,2014-01-15,daytime,6,-0.9941488805970112,5.1253239115398345e-5,-0.8519379844961521,6.03366136550903,0.8873943578145459,0.900158711264532,low_flow,4087170.csv
4087170,2014-01-15,nighttime,6,0.05159393703688928,0.9226777642810066,0.04761904761917929,6.03366136550903,0.8873943578145459,0.900158711264532,low_flow,4087170.csv
4087170,2014-01-16,daytime,6,-0.5405899027195747,0.2681054513408453,-1.7777777777782475,5.7025899887085,0.8951315319604809,0.900436455977463,low_flow,4087170.csv
4087170,2014-01-16,nighttime,6,0.06269075692933652,0.906087056049743,0.0314410480349879,5.7025899887085,0.8951315319604809,0.900436455977463,low_flow,4087170.csv
4087170,2014-01-17,daytime,6,0.23858567901854652,0.6489120028342287,0.371859296482319,5.70592737197876,0.894893465063683,0.9011189144149506,low_flow,4087170.csv
4087170,2014-01-17,nighttime,6,NA,NA,NA,5.70592737197876,0.894893465063683,0.9011189144149506,low_flow,4087170.csv
4087170,2014-01-18,daytime,6,-0.4824626042900692,0.33245754345699774,-1.4895104895108255,5.16356134414673,0.9076895607665754,0.9021783121057017,low_flow,4087170.csv
4087170,2014-01-18,nighttime,6,-0.9041011332329736,0.01335391756430761,-4.210810810809929,5.16356134414673,0.9076895607665754,0.9021783121057017,low_flow,4087170.csv
4087170,2014-01-19,daytime,6,-0.4983645408007452,0.3143418954570529,-1.0714285714286491,4.22416877746582,0.92977026544459,0.917259850017855,low_flow,4087170.csv
4087170,2014-01-19,nighttime,6,0.5651617503612241,0.24251591127216665,1.339055793991167,4.22416877746582,0.92977026544459,0.917259850017855,low_flow,4087170.csv
4087170,2014-01-20,daytime,6,-0.7492414915190265,0.08643591822444571,-1.9775280898882024,3.26407074928284,0.9499464349482204,0.9329087807007104,low_flow,4087170.csv
4087170,2014-01-20,nighttime,6,-0.4632117182468499,0.35487695600845465,-1.8461538461543572,3.26407074928284,0.9499464349482204,0.9329087807007104,low_flow,4087170.csv
4087170,2014-01-21,daytime,6,0.08671099695241836,0.8702594857629229,0.4285714285714425,2.53382515907288,0.9632781811689084,0.9418839027099948,low_flow,4087170.csv
4087170,2014-01-21,nighttime,6,-0.3952847075206304,0.4379545564940383,-0.8333333333318227,2.53382515907288,0.9632781811689084,0.9418839027099948,low_flow,4087170.csv
4087170,2014-01-22,daytime,6,-0.895828017529443,0.01571247603745994,-4.4137931034484,2.13813900947571,0.97143197238424,0.9494028488671984,low_flow,4087170.csv
4087170,2014-01-22,nighttime,6,0.8279281525017421,0.04186566741561518,1.428571428572327,2.13813900947571,0.97143197238424,0.9494028488671984,low_flow,4087170.csv
4087170,2014-01-23,daytime,6,-0.00777122536778452,0.9883433966080256,-0.01127819548891742,2.22818064689636,0.9692298535888584,0.9559496885291432,low_flow,4087170.csv
4087170,2014-01-23,nighttime,6,-0.7211102550929629,0.10582328368481182,-2.200000000000601,2.22818064689636,0.9692298535888584,0.9559496885291432,low_flow,4087170.csv
4087170,2014-01-24,daytime,6,0.1368972212819299,0.7959369531667151,1.0666666666663864,2.18724894523621,0.9699440542792525,0.962016426615879,low_flow,4087170.csv
4087170,2014-01-24,nighttime,6,0.7511185688544103,0.08520484748488513,3.0000000000007407,2.18724894523621,0.9699440542792525,0.962016426615879,low_flow,4087170.csv
4087170,2014-01-25,daytime,6,-0.9385335470667084,0.00555107328809061,-2.52283105022814,1.99989664554596,0.9742292584216165,0.9681149069555212,low_flow,4087170.csv
4087170,2014-01-25,nighttime,6,-0.8819872663330109,0.02006872597726387,-2.6058823529411836,1.99989664554596,0.9742292584216165,0.9681149069555212,low_flow,4087170.csv
4087170,2014-01-26,daytime,6,-0.582847414403685,0.22472874900450457,-0.7044145873324026,1.7947838306427,0.9780383287703844,0.9733801531563704,low_flow,4087170.csv
4087170,2014-01-26,nighttime,6,0.49541508402188295,0.31767374837547524,0.6470588235289922,1.7947838306427,0.9780383287703844,0.9733801531563704,low_flow,4087170.csv
4087170,2014-01-27,daytime,6,0.02723402319242831,0.9591590648401844,0.02464065708401956,1.6328991651535,0.9816093322223544,0.9771812879419116,low_flow,4087170.csv
4087170,2014-01-27,nighttime,6,-0.9799068924825528,6.015433295772034e-4,-2.305851063829808,1.6328991651535,0.9816093322223544,0.9771812879419116,low_flow,4087170.csv
4087170,2014-01-28,daytime,6,0.356753034007689,0.4875729147891278,0.28000000000077513,1.52209949493408,0.9837519342935364,0.9796492481053842,low_flow,4087170.csv
4087170,2014-01-28,nighttime,6,-0.4453237565843264,0.3761711654531276,-0.6080218778484036,1.52209949493408,0.9837519342935364,0.9796492481053842,low_flow,4087170.csv
4087170,2014-01-29,daytime,6,-0.9074700185066126,0.01244658473178628,-1.802690582959968,1.45072102546692,0.9847042018807284,0.9812482640955442,low_flow,4087170.csv
4087170,2014-01-29,nighttime,6,NA,NA,NA,1.45072102546692,0.9847042018807284,0.9812482640955442,low_flow,4087170.csv
4087170,2014-01-30,daytime,6,-0.4384286482813166,0.3844943347354785,-0.13043478260858166,1.40537464618683,0.9855969527437208,0.9823235329127484,low_flow,4087170.csv
4087170,2014-01-30,nighttime,6,-0.9379517002007588,0.00565554454830904,-1.0651162790696087,1.40537464618683,0.9855969527437208,0.9823235329127484,low_flow,4087170.csv
4087170,2014-01-31,daytime,6,-0.854098397154697,0.03037799259998537,-2.092105263158159,1.37592649459839,0.9861326032615164,0.9835694163393248,low_flow,4087170.csv
4087170,2014-01-31,nighttime,6,NA,NA,NA,1.37592649459839,0.9861326032615164,0.9835694163393248,low_flow,4087170.csv
4087170,2014-02-01,daytime,6,0.2471557663714057,0.6368152256601125,0.7500000000000837,1.35573482513428,0.9863706701583144,0.9847835575129944,low_flow,4087170.csv
4087170,2014-02-01,nighttime,6,-0.8303141415966598,0.04074702870217295,-0.6237623762366766,1.35573482513428,0.9863706701583144,0.9847835575129944,low_flow,4087170.csv
4087170,2014-02-02,daytime,6,-0.9418570400606338,0.00497262653038485,-2.2560975609741845,1.34057366847992,0.986668253779312,0.9857318573185732,low_flow,4087170.csv
4087170,2014-02-02,nighttime,6,-0.44565651782141114,0.37577108402469167,-0.5263157894741166,1.34057366847992,0.986668253779312,0.9857318573185732,low_flow,4087170.csv
4087170,2014-02-03,daytime,6,0.5095246653647397,0.30185322293765127,0.74999999999997,1.32838726043701,0.986787287227711,0.9864381224457406,low_flow,4087170.csv
4087170,2014-02-03,nighttime,6,-0.4332303210823158,0.39081069534128554,-1.3214285714280258,1.32838726043701,0.986787287227711,0.9864381224457406,low_flow,4087170.csv
4087170,2014-02-04,daytime,6,0.24231301312659875,0.6436442568422851,1.000000000001761,1.31659042835236,0.9869658374003096,0.9869221918025632,low_flow,4087170.csv
4087170,2014-02-04,nighttime,6,-0.6476356484030151,0.16436606336685022,-1.1818181818188027,1.31659042835236,0.9869658374003096,0.9869221918025632,low_flow,4087170.csv
4087170,2014-02-05,daytime,6,0.1511417309808477,0.7750137309921509,0.6461538461547388,1.30590653419495,0.987263421021307,0.9872872277109868,low_flow,4087170.csv
4087170,2014-02-05,nighttime,6,-0.974157244284088,9.931425178316862e-4,-1.6578947368421455,1.30590653419495,0.987263421021307,0.9872872277109868,low_flow,4087170.csv
4087170,2014-02-06,daytime,6,-0.9190620154411948,0.00956132537446716,-1.455353691534481,1.29599034786224,0.9875610046423045,0.987620521366504,low_flow,4087170.csv
4087170,2014-02-06,nighttime,6,-0.8692667352620754,0.02451958645826887,-2.980519480519057,1.29599034786224,0.9875610046423045,0.987620521366504,low_flow,4087170.csv
4087170,2014-02-07,daytime,6,-0.5362835347159389,0.27269227815723013,-0.3060556464809225,1.28620612621307,0.9879181049875014,0.9879141372058882,low_flow,4087170.csv
4087170,2014-02-07,nighttime,6,-0.621392224743583,0.18788022363049775,-0.4638554216865758,1.28620612621307,0.9879181049875014,0.9879141372058882,low_flow,4087170.csv
4087170,2014-02-08,daytime,6,0.04289830996811106,0.93569200717699,0.02392344497582067,1.27592420578003,0.9881561718842996,0.988176010792366,low_flow,4087170.csv
4087170,2014-02-08,nighttime,6,-0.479617686048437,0.3357374484357936,-0.3588516746414055,1.27592420578003,0.9881561718842996,0.988176010792366,low_flow,4087170.csv
4087170,2014-02-09,daytime,6,0.08918825850172853,0.8665723382755403,0.3181818181820634,1.26512885093689,0.988453755505297,0.988425981034004,low_flow,4087170.csv
4087170,2014-02-09,nighttime,6,-0.7495838950966542,0.08621076359299967,-0.93220338983113,1.26512885093689,0.988453755505297,0.988425981034004,low_flow,4087170.csv
4087170,2014-02-10,daytime,6,-0.9237637152024442,0.00849641513684144,-1.6042780748664969,1.25407326221466,0.9886323056778956,0.9886719834940284,low_flow,4087170.csv
4087170,2014-02-10,nighttime,6,-0.7561192663153091,0.0819639721475951,-3.359550561797175,1.25407326221466,0.9886323056778956,0.9886719834940284,low_flow,4087170.csv
4087170,2014-02-11,daytime,6,0.03478285023509867,0.9478467656051252,0.06930693069365816,1.24306702613831,0.9888703725746936,0.9889219537356664,low_flow,4087170.csv
4087170,2014-02-11,nighttime,6,-0.8680331276060412,0.02497376472000197,-1.822580645161723,1.24306702613831,0.9888703725746936,0.9889219537356664,low_flow,4087170.csv
4087170,2014-02-12,daytime,6,-0.6205593689086404,0.1886477698282984,-1.8301886792458133,1.23218560218811,0.9892274729198904,0.9892116017934371,low_flow,4087170.csv
4087170,2014-02-12,nighttime,6,-0.9079593845004592,0.01231735247023842,-1.2682926829252277,1.23218560218811,0.9892274729198904,0.9892116017934371,low_flow,4087170.csv
4087170,2014-02-13,daytime,6,-0.9220529258468968,0.00887682622716298,-1.1041666666665413,1.22145509719849,0.9897036067134865,0.9893782486211958,low_flow,4087170.csv
4087170,2014-02-13,nighttime,6,-0.9769031461477264,7.940363091908069e-4,-0.6594464500600327,1.22145509719849,0.9897036067134865,0.9893782486211958,low_flow,4087170.csv
4087170,2014-02-14,daytime,6,-0.09180366685885195,0.862681356381823,-0.22727272727346695,1.21087408065796,0.990001190334484,0.9781811689084632,low_flow,4087170.csv
4087170,2014-02-14,nighttime,6,0.5951612113282766,0.2126662529656844,4.199999999995075,1.21087408065796,0.990001190334484,0.9781811689084632,low_flow,4087170.csv
4087170,2014-02-15,daytime,6,0.0955636965139262,0.8570908191401371,0.10000000000039796,1.20038557052612,0.9900607070586837,0.9620203943974924,low_flow,4087170.csv
4087170,2014-02-15,nighttime,6,0.35049981861565244,0.49577974496436994,0.13513513513462283,1.20038557052612,0.9900607070586837,0.9620203943974924,low_flow,4087170.csv
4087170,2014-02-16,daytime,6,-0.6366621571480657,0.174038670583002,-1.3699421965311962,1.18954908847809,0.990120223782883,0.9447764155060904,low_flow,4087170.csv
4087170,2014-02-16,nighttime,6,-0.05469028176537161,0.9180463674044425,-0.0169491525434635,1.18954908847809,0.990120223782883,0.9447764155060904,low_flow,4087170.csv
4087170,2014-02-17,daytime,6,-0.8886962164896407,0.01789335308126131,-1.739436619717966,1.1779773235321,0.990358290679681,0.9261516486132604,low_flow,4087170.csv
4087170,2014-02-17,nighttime,6,0.140372481268966,0.7908242582075802,1.0000000000029354,1.1779773235321,0.990358290679681,0.9261516486132604,low_flow,4087170.csv
4087170,2014-02-18,daytime,6,-0.476805558016701,0.3389909947376443,-0.5111111111110165,1.1696161031723,0.9905368408522794,0.9101218108955283,low_flow,4087170.csv
4087170,2014-02-18,nighttime,6,-0.8116662971066667,0.0498643164542492,-2.275862068966932,1.1696161031723,0.9905368408522794,0.9101218108955283,low_flow,4087170.csv
4087170,2014-02-19,daytime,6,-0.9567113561318864,0.0027703005922824,-1.593110871905297,1.09126377105713,0.991310558266873,0.8993215093441257,low_flow,4087170.csv
4087170,2014-02-19,nighttime,6,-0.701088741692884,0.12066835787661576,-0.7999999999997646,1.09126377105713,0.991310558266873,0.8993215093441257,low_flow,4087170.csv
4087170,2014-02-20,daytime,6,0.1339524471202597,0.8002731009848103,0.06185286103543089,1.21956622600555,0.989763123437686,0.8930365432686584,low_flow,4087170.csv
4087170,2014-02-20,nighttime,6,-0.6894737073271759,0.12966837370246803,-0.6136363636361014,1.21956622600555,0.989763123437686,0.8930365432686584,low_flow,4087170.csv
4087170,2014-02-21,daytime,6,-0.9316457192642478,0.00684877542642246,-1.2145015105738275,8.08347034454346,0.8196048089513153,0.8893822164028092,low_flow,4087170.csv
4087170,2014-02-21,nighttime,6,-0.956030830552356,0.00285742926207762,-0.604922515952639,8.08347034454346,0.8196048089513153,0.8893822164028092,low_flow,4087170.csv
4087170,2014-02-22,daytime,6,-0.2250851264106154,0.6680740896168871,-0.10948905109490906,10.1259870529175,0.7455064873229378,0.8873229377455065,low_flow,4087170.csv
4087170,2014-02-22,nighttime,6,-0.8770356825380029,0.02175071108012765,-0.3827160493827497,10.1259870529175,0.7455064873229378,0.8873229377455065,low_flow,4087170.csv
4087170,2014-02-23,daytime,6,-0.3865842380777097,0.4490106423205474,-0.3110814419230518,10.5221138000488,0.7294964885132722,0.8858112129508392,low_flow,4087170.csv
4087170,2014-02-23,nighttime,6,-0.6940066928317445,0.12612248806207896,-0.5892857142860876,10.5221138000488,0.7294964885132722,0.8858112129508392,low_flow,4087170.csv
4087170,2014-02-24,daytime,6,-0.9651867699208028,0.00179684534445004,-1.084532374100588,11.1468324661255,0.7090822521128437,0.8849263976510733,low_flow,4087170.csv
4087170,2014-02-24,nighttime,6,NA,NA,NA,11.1468324661255,0.7090822521128437,0.8849263976510733,low_flow,4087170.csv
4087170,2014-02-25,daytime,6,-0.28490144114951316,0.584210396763975,-0.19480519480558947,10.0489025115967,0.7481847399119153,0.8840534856961473,low_flow,4087170.csv
4087170,2014-02-25,nighttime,6,-0.9820815467588544,4.787299022820352e-4,-1.1990171990171898,10.0489025115967,0.7481847399119153,0.8840534856961473,low_flow,4087170.csv
4087170,2014-02-26,daytime,6,-0.650280961529695,0.1620691940518878,-0.6386036960985413,7.88251066207886,0.8268658493036544,0.8831289925802484,low_flow,4087170.csv
4087170,2014-02-26,nighttime,6,-0.4447697870668478,0.37683753539565806,-0.9428571428562996,7.88251066207886,0.8268658493036544,0.8831289925802484,low_flow,4087170.csv
4087170,2014-02-27,daytime,6,0.8259439649122707,0.04280669742860713,0.2495145631066709,5.70590353012085,0.8949529817878824,0.8822124350275761,low_flow,4087170.csv
4087170,2014-02-27,nighttime,6,-0.24951775442249477,0.63349074499759,-0.4122562674094023,5.70590353012085,0.8949529817878824,0.8822124350275761,low_flow,4087170.csv
4087170,2014-02-28,daytime,6,0.944836028234746,0.0044806619291314,1.6385911179173964,4.00714778900146,0.934888703725747,0.8814228464865294,low_flow,4087170.csv
4087170,2014-02-28,nighttime,6,-0.6597058791435803,0.15399708834633052,-0.8846153846148425,4.00714778900146,0.934888703725747,0.8814228464865294,low_flow,4087170.csv
4087170,2014-03-01,daytime,6,-0.640127986936134,0.17095867049583743,-0.5697356426617105,2.75794124603271,0.9591120104749434,0.8846327818116891,low_flow,4087170.csv
4087170,2014-03-01,nighttime,6,0.49754074731176745,0.31527118778041374,0.4207317073171856,2.75794124603271,0.9591120104749434,0.8846327818116891,low_flow,4087170.csv
4087170,2014-03-02,daytime,6,-0.9546169268690043,0.00304269897218839,-2.820746887966542,2.29469084739685,0.967384835138674,0.8826925366027853,low_flow,4087170.csv
4087170,2014-03-02,nighttime,6,-0.8286302194427199,0.041535042803971,-1.5274390243903648,2.29469084739685,0.967384835138674,0.8826925366027853,low_flow,4087170.csv
4087170,2014-03-03,daytime,6,-0.9828636250038624,4.3796692793083577e-4,-2.4720812182743637,1.8645157814025899,0.97684799428639435,0.8611197079712732,low_flow,4087170.csv
4087170,2014-03-03,nighttime,6,-0.8400692843033327,0.03632141010021108,-1.435294117647238,1.8645157814025899,0.97684799428639435,0.8611197079712732,low_flow,4087170.csv
4087170,2014-03-04,daytime,6,-0.00558319530628449,0.9916252940604502,-0.00625000000027109,1.83740973472595,0.977264611355791,0.8281037971670039,low_flow,4087170.csv
4087170,2014-03-04,nighttime,6,-0.7227047517991655,0.10467799813071398,-3.3000000000003644,1.83740973472595,0.977264611355791,0.8281037971670039,low_flow,4087170.csv
4087170,2014-03-05,daytime,6,-0.2873293224423558,0.5808667034838392,-0.1651162790701738,1.8848443031311,0.976669444113796,0.7913819783359124,low_flow,4087170.csv
4087170,2014-03-05,nighttime,6,-0.23150132983999971,0.6589514150817911,-0.892857142856674,1.8848443031311,0.976669444113796,0.7913819783359124,low_flow,4087170.csv
4087170,2014-03-06,daytime,6,-0.5850179393019667,0.22258311274587175,-1.882352941177633,1.81885242462158,0.9775621949767884,0.7516882910764592,low_flow,4087170.csv
4087170,2014-03-06,nighttime,6,-0.9244106193679386,0.00835468211598648,-1.6677215189878034,1.81885242462158,0.9775621949767884,0.7516882910764592,low_flow,4087170.csv
4087170,2014-03-07,daytime,6,0.43759497449413864,0.3855049294338499,0.5000000000005365,1.8050924539566,0.9779192953219856,0.7090306709518708,normal_flow,4087170.csv
4087170,2014-03-07,nighttime,6,-0.9974553265304648,9.704805757533512e-6,-1.09699064660444,1.8050924539566,0.9779192953219856,0.7090306709518708,normal_flow,4087170.csv
4087170,2014-03-08,daytime,6,-0.7164926405987376,0.10917098055402552,-0.941624365482027,6.69268846511841,0.8677538388287108,0.6604174106257191,normal_flow,4087170.csv
4087170,2014-03-08,nighttime,6,-0.24034269710993025,0.6464276056643973,-0.3880597014921806,6.69268846511841,0.8677538388287108,0.6604174106257191,normal_flow,4087170.csv
4087170,2014-03-10,daytime,6,-0.9566526900005248,0.00277775936079214,-0.8121479304433179,22.3486404418945,0.4059040590405904,0.5682220370590803,normal_flow,4087170.csv
4087170,2014-03-10,nighttime,6,0.17212216398458768,0.7443664030234123,0.16313559322013482,22.3486404418945,0.4059040590405904,0.5682220370590803,normal_flow,4087170.csv
4087170,2014-03-11,daytime,6,-0.7602228688358145,0.0793468469355534,-1.495972382048424,37.4724769592285,0.2138435900488037,0.5275046621433956,normal_flow,4087170.csv
4087170,2014-03-11,nighttime,6,-0.9903619802101772,1.3888949350504047e-4,-3.691489361702071,37.4724769592285,0.2138435900488037,0.5275046621433956,normal_flow,4087170.csv
4087170,2014-03-12,daytime,6,-0.9004284374608839,0.01437814316715796,-2.346590909090838,39.5604095458984,0.1973574574455422,0.48394238781097487,normal_flow,4087170.csv
4087170,2014-03-12,nighttime,6,-0.1615141739026328,0.759835435413128,-0.3975501113583671,39.5604095458984,0.1973574574455422,0.48394238781097487,normal_flow,4087170.csv
4087170,2014-03-13,daytime,6,-0.6619970782253457,0.15206122599514096,-0.960526315789091,35.5516586303711,0.23146054041185576,0.43925723128199023,normal_flow,4087170.csv
4087170,2014-03-13,nighttime,6,-0.8359733687158178,0.03815055706864764,-0.6625874125871456,35.5516586303711,0.23146054041185576,0.43925723128199023,normal_flow,4087170.csv
4087170,2014-03-14,daytime,6,-0.9864334896176112,2.748268464317755e-4,-0.7527984040785416,33.0845375061035,0.25508867991905726,0.3964805777090029,normal_flow,4087170.csv
4087170,2014-03-14,nighttime,6,-0.40953833547237106,0.4200367191090972,-0.7872340425536648,33.0845375061035,0.25508867991905726,0.3964805777090029,normal_flow,4087170.csv
4087170,2014-03-15,daytime,6,0.5503170588692057,0.25785586010824896,0.5894736842105839,38.4396514892578,0.2056897988334722,0.35369995635440227,normal_flow,4087170.csv
4087170,2014-03-15,nighttime,6,0.9631490006766654,0.00201197246906944,1.509941009394881,38.4396514892578,0.2056897988334722,0.35369995635440227,normal_flow,4087170.csv
4087170,2014-03-16,daytime,6,-0.6384204143437757,0.17247327437375873,-1.467346938775404,35.1964645385742,0.23479347696702776,0.3168987818910447,normal_flow,4087170.csv
4087170,2014-03-16,nighttime,6,0.5332993154403219,0.2758883653161047,0.32730034172885797,35.1964645385742,0.23479347696702776,0.3168987818910447,normal_flow,4087170.csv
4087170,2014-03-17,daytime,6,-0.750296938326966,0.08574273342993567,-0.8898963730566696,28.4810428619385,0.3087727651470063,0.2890687616553585,normal_flow,4087170.csv
4087170,2014-03-17,nighttime,6,-0.7473023067265568,0.08771603863702185,-0.5153301886792505,28.4810428619385,0.3087727651470063,0.2890687616553585,normal_flow,4087170.csv
4087170,2014-03-18,daytime,6,-0.4067173545845027,0.4235633584881953,-0.16229789318963836,24.655065536499,0.3660873705511249,0.28345831845415226,normal_flow,4087170.csv
4087170,2014-03-18,nighttime,6,-0.8619154032312275,0.02728457972417331,-1.2312499999992657,24.655065536499,0.3660873705511249,0.28345831845415226,normal_flow,4087170.csv
4087170,2014-03-19,daytime,6,-0.8610879704174955,0.02760456634555231,-2.364243323442168,27.3790473937988,0.3238304963694798,0.2948775939372297,normal_flow,4087170.csv
4087170,2014-03-19,nighttime,6,0.5456288891476466,0.2627764959240381,0.8753709198813144,27.3790473937988,0.3238304963694798,0.2948775939372297,normal_flow,4087170.csv
4087170,2014-03-20,daytime,6,0.21817743616866256,0.6779266207596538,0.10609547850612996,28.6222820281982,0.3063920961790263,0.31176447248343453,normal_flow,4087170.csv
4087170,2014-03-20,nighttime,6,-0.948688928608842,0.00388169250832577,-2.634636871508516,28.6222820281982,0.3063920961790263,0.31176447248343453,normal_flow,4087170.csv
4087170,2014-03-21,daytime,6,-0.3532564407539352,0.4921567944372951,-0.10055401662047352,26.5212478637695,0.3359123913819783,0.31998571598619213,normal_flow,4087170.csv
4087170,2014-03-21,nighttime,6,-0.02373786217603725,0.9643998947136424,-0.06818181818266174,26.5212478637695,0.3359123913819783,0.31998571598619213,normal_flow,4087170.csv
4087170,2014-03-22,daytime,6,-0.5155617512616473,0.2951765401872799,-0.8811659192826008,26.4896392822266,0.33620997500297584,0.32442566361147485,normal_flow,4087170.csv
4087170,2014-03-22,nighttime,6,-0.394833323149679,0.438525960600154,-1.5883171070933886,26.4896392822266,0.33620997500297584,0.32442566361147485,normal_flow,4087170.csv
4087170,2014-03-23,daytime,6,0.9648370583160916,0.00183291040041708,0.4369104579631132,27.959358215332,0.3157362218783478,0.33697178907272946,normal_flow,4087170.csv
4087170,2014-03-23,nighttime,6,-0.36373576192571866,0.4784581514930435,-0.7446808510637548,27.959358215332,0.3157362218783478,0.33697178907272946,normal_flow,4087170.csv
4087170,2014-03-24,daytime,6,0.17099639566888925,0.7460053539086293,0.05139550714769683,29.237699508667,0.2989525056540888,0.3474626036582946,normal_flow,4087170.csv
4087170,2014-03-24,nighttime,6,0.1079037652401946,0.8387725259162079,0.05089058524192785,29.237699508667,0.2989525056540888,0.3474626036582946,normal_flow,4087170.csv
4087170,2014-03-25,daytime,6,-0.19610640561928827,0.7096112944177896,-0.4129122155132841,27.5196075439453,0.3217474110224973,0.35216442487005517,normal_flow,4087170.csv
4087170,2014-03-25,nighttime,6,-0.8612962393824533,0.0275238574913404,-0.991825613079388,27.5196075439453,0.3217474110224973,0.35216442487005517,normal_flow,4087170.csv
4087170,2014-03-26,daytime,6,-0.4735390428900379,0.3427844496908301,-0.2567966443995331,23.5152587890625,0.38513272229496487,0.352307265008134,normal_flow,4087170.csv
4087170,2014-03-26,nighttime,6,-0.909461667316568,0.0119247045842545,-3.786058981233168,23.5152587890625,0.38513272229496487,0.352307265008134,normal_flow,4087170.csv
4087170,2014-03-27,daytime,6,0.2519346986396144,0.6300932373059475,0.03638301111262564,20.0092029571533,0.45066063563861447,0.35754473673768994,normal_flow,4087170.csv
4087170,2014-03-27,nighttime,6,0.9011049678854736,0.01418673311513525,0.3710937500001871,20.0092029571533,0.45066063563861447,0.35754473673768994,normal_flow,4087170.csv
4087170,2014-03-28,daytime,6,-0.791151662117051,0.060871707774914,-0.6796616403090633,25.3746299743652,0.35477919295321986,0.3673491251041543,normal_flow,4087170.csv
4087170,2014-03-28,nighttime,6,0.7215377920476674,0.10551565483178606,0.5144312393887142,25.3746299743652,0.35477919295321986,0.3673491251041543,normal_flow,4087170.csv
4087170,2014-03-29,daytime,6,-0.4377782012271738,0.3852827403290376,-0.4375095844194061,27.5318813323975,0.3216878942982978,0.3786612704836726,normal_flow,4087170.csv
4087170,2014-03-29,nighttime,6,-0.8372272918994536,0.03758610400590152,-1.5812641083518952,27.5318813323975,0.3216878942982978,0.3786612704836726,normal_flow,4087170.csv
4087170,2014-03-30,daytime,6,0.6366359912238464,0.17406201103051056,0.1330935251798776,22.9751110076904,0.3938816807522914,0.3936674205451732,normal_flow,4087170.csv
4087170,2014-03-30,nighttime,6,-0.15639766495326762,0.7673162639671507,-0.2563291139242118,22.9751110076904,0.3938816807522914,0.3936674205451732,normal_flow,4087170.csv
4087170,2014-03-31,daytime,6,-0.7145036806805789,0.1106270843438948,-0.5547080155058013,23.056468963623,0.3921556957505059,0.4108280760226957,normal_flow,4087170.csv
4087170,2014-03-31,nighttime,6,0.7334075902060903,0.09713370648576988,0.47540983606560727,23.056468963623,0.3921556957505059,0.4108280760226957,normal_flow,4087170.csv
4087170,2014-04-01,daytime,6,-0.8616931944970267,0.02737033896738758,-1.3233082706767556,23.8697090148926,0.37930008332341386,0.4283894774431615,normal_flow,4087170.csv
4087170,2014-04-01,nighttime,6,0.3041102444678352,0.5578971533701788,0.05434031775262581,23.8697090148926,0.37930008332341386,0.4283894774431615,normal_flow,4087170.csv
4087170,2014-04-02,daytime,6,0.05821104494189119,0.9127820573996172,0.04487572352757914,24.5131225585938,0.3682299726223069,0.4440225369995636,normal_flow,4087170.csv
4087170,2014-04-02,nighttime,6,0.5886698219468645,0.21899177932815028,0.412442854303338,24.5131225585938,0.3682299726223069,0.4440225369995636,normal_flow,4087170.csv
4087170,2014-04-04,daytime,6,-0.06662805825571043,0.9002058035242083,-0.01820112240246605,19.8902778625488,0.45345792167599097,0.46863468634686345,normal_flow,4087170.csv
4087170,2014-04-04,nighttime,6,-0.7084577189470983,0.11510525716879332,-0.8028442146088776,19.8902778625488,0.45345792167599097,0.46863468634686345,normal_flow,4087170.csv
4087170,2014-04-05,daytime,6,0.8723128554391519,0.02341510428706091,1.4388489208636843,17.6323184967041,0.505594572074753,0.4881085585049399,normal_flow,4087170.csv
4087170,2014-04-05,nighttime,6,-0.1582884195337659,0.7645503465842499,-0.5147058823528828,17.6323184967041,0.505594572074753,0.4881085585049399,normal_flow,4087170.csv
4087170,2014-04-06,daytime,6,-0.3678634584855099,0.47309510206463407,-0.06121064060794273,15.5181169509888,0.5613022259254851,0.494960917351109,normal_flow,4087170.csv
4087170,2014-04-06,nighttime,6,-0.8357045008355526,0.03827210145669046,-0.4858247422678888,15.5181169509888,0.5613022259254851,0.494960917351109,normal_flow,4087170.csv
4087170,2014-04-07,daytime,6,-0.04050429221705612,0.9392767872984986,-0.00588919717179691,15.1364259719849,0.5731460540411856,0.4792405665992144,normal_flow,4087170.csv
4087170,2014-04-07,nighttime,6,-0.9323517363935908,0.00670964239954141,-0.40308186907601057,15.1364259719849,0.5731460540411856,0.4792405665992144,normal_flow,4087170.csv
4087170,2014-04-08,daytime,6,-0.90326975387086,0.01358257086775655,-0.3688054632436363,15.477237701416,0.562373526961076,0.45744554219735745,normal_flow,4087170.csv
4087170,2014-04-08,nighttime,6,-0.9936198861489292,6.092892514145366e-5,-0.6961321845511741,15.477237701416,0.562373526961076,0.45744554219735745,normal_flow,4087170.csv
4087170,2014-04-09,daytime,6,-0.8968104540110848,0.01542273820777121,-0.6570957095709133,15.7268962860107,0.5562433043685275,0.434162599690513,normal_flow,4087170.csv
4087170,2014-04-09,nighttime,6,-0.8573794216679943,0.02906044788388573,-0.6422577637523884,15.7268962860107,0.5562433043685275,0.434162599690513,normal_flow,4087170.csv
4087170,2014-04-10,daytime,6,0.849014854269039,0.03247380383540639,1.0215170027571956,14.5008544921875,0.5912391381978336,0.4108241082410824,normal_flow,4087170.csv
4087170,2014-04-10,nighttime,6,-0.3513158095423876,0.4947064757901438,-0.12484965119081348,14.5008544921875,0.5912391381978336,0.4108241082410824,normal_flow,4087170.csv
4087170,2014-04-11,daytime,6,0.35565935573907026,0.4890052784996165,0.287908135030553,13.7933540344238,0.6137364599452446,0.3851962068007777,normal_flow,4087170.csv
4087170,2014-04-11,nighttime,6,-0.49677591002049953,0.3161348805372701,-0.3165121255348185,13.7933540344238,0.6137364599452446,0.3851962068007777,normal_flow,4087170.csv
4087170,2014-04-12,daytime,6,-0.7063475512780204,0.11668655712578949,-0.9402495075508444,12.8644485473633,0.6468872753243662,0.3567353092885768,normal_flow,4087170.csv
4087170,2014-04-12,nighttime,6,-0.20157210148895288,0.7017369172495622,-0.24594594594567248,12.8644485473633,0.6468872753243662,0.3567353092885768,normal_flow,4087170.csv
4087170,2014-04-13,daytime,6,-0.6668262503840904,0.14801518718595655,-0.6425976085088779,21.3783283233643,0.4244732769908344,0.3265920723723366,normal_flow,4087170.csv
4087170,2014-04-13,nighttime,6,0.17403741608978637,0.7415795874450387,0.3315508021381612,21.3783283233643,0.4244732769908344,0.3265920723723366,normal_flow,4087170.csv
4087170,2014-04-14,daytime,6,-0.994534478972263,4.472624735321781e-5,-0.7442362405572733,45.2709350585938,0.15807641947387216,0.29617505852477877,normal_flow,4087170.csv
4087170,2014-04-14,nighttime,6,0.7610039496008961,0.07885304706169331,0.12742366302197536,45.2709350585938,0.15807641947387216,0.29617505852477877,normal_flow,4087170.csv
4087170,2014-04-15,daytime,6,0.8336104010477399,0.03922495845153158,0.3481404958675868,72.4022369384766,0.06523032972265207,0.27057096377415385,normal_flow,4087170.csv
4087170,2014-04-15,nighttime,6,-0.8359503317923217,0.03816096403747716,-0.1767632622874753,72.4022369384766,0.06523032972265207,0.27057096377415385,normal_flow,4087170.csv
4087170,2014-04-16,daytime,6,0.7288855164590269,0.10029072227139914,0.13381308070688341,98.5499267578125,0.03005594572074753,0.25162480657064634,normal_flow,4087170.csv
4087170,2014-04-16,nighttime,6,-0.6969049463000597,0.12387775958141728,-0.31653543307095,98.5499267578125,0.03005594572074753,0.25162480657064634,normal_flow,4087170.csv
4087170,2014-04-17,daytime,6,-0.41121261325150055,0.4179482457606491,-0.04875768849672601,122.380393981934,0.01815260088084751,0.23530532079514344,high_flow,4087170.csv
4087170,2014-04-17,nighttime,6,0.04865042554164813,0.9270819361556258,0.06153846153938543,122.380393981934,0.01815260088084751,0.23530532079514344,high_flow,4087170.csv
4087170,2014-04-18,daytime,6,-0.15878189058108372,0.7638287439327119,-0.01892539698394538,123.025787353516,0.01797405070824901,0.21504979565924692,high_flow,4087170.csv
4087170,2014-04-18,nighttime,6,-0.12404909295412092,0.8148808052970536,-0.2333873581848646,123.025787353516,0.01797405070824901,0.21504979565924692,high_flow,4087170.csv
4087170,2014-04-19,daytime,6,0.779064280733017,0.06782666550532117,0.12223120452717148,103.851135253906,0.02654445899297702,0.1941038765226362,high_flow,4087170.csv
4087170,2014-04-19,nighttime,6,0.8070652568296192,0.05224483907811751,0.29066265060241636,103.851135253906,0.02654445899297702,0.1941038765226362,high_flow,4087170.csv
4087170,2014-04-20,daytime,6,-0.4515903180601098,0.368661791181924,-0.06982990152203927,78.8334808349609,0.05344601833115105,0.1717692338213705,high_flow,4087170.csv
4087170,2014-04-20,nighttime,6,0.8097699229152656,0.05083924957466049,0.2528301886793538,78.8334808349609,0.05344601833115105,0.1717692338213705,high_flow,4087170.csv
4087170,2014-04-21,daytime,6,-0.5424882285270306,0.26609303100761245,-0.2777181413894853,57.231746673584,0.1050470182121176,0.16144903384517717,high_flow,4087170.csv
4087170,2014-04-21,nighttime,6,0.3353037938468848,0.515893183016469,1.7391304347854633,57.231746673584,0.1050470182121176,0.16144903384517717,high_flow,4087170.csv
4087170,2014-04-22,daytime,6,0.8169005911758904,0.04721885040131012,0.6463414634144136,40.6804656982422,0.1890846327818117,0.16441693449192557,high_flow,4087170.csv
4087170,2014-04-22,nighttime,6,0.8122807801111723,0.04955028589078016,0.13899341486358746,40.6804656982422,0.1890846327818117,0.16441693449192557,high_flow,4087170.csv
4087170,2014-04-23,daytime,6,0.954501179779447,0.0030581194382559,1.8314606741574788,31.088436126709,0.2781811689084633,0.17039241360155538,high_flow,4087170.csv
4087170,2014-04-23,nighttime,6,0.945980624627242,0.00429832259520253,1.2198523379821893,31.088436126709,0.2781811689084633,0.17039241360155538,high_flow,4087170.csv
4087170,2014-04-24,daytime,6,0.11066344255553154,0.8346824504208388,0.34351145038396874,28.2664909362793,0.3114510177359838,0.17821291116136967,high_flow,4087170.csv
4087170,2014-04-24,nighttime,6,0.9268049215097208,0.00784020724208315,0.7855720292099813,28.2664909362793,0.3114510177359838,0.17821291116136967,high_flow,4087170.csv
4087170,2014-04-25,daytime,6,0.8120665156816389,0.04965968093992169,0.40820761953469215,30.2368335723877,0.2874062611593858,0.1863349601237948,high_flow,4087170.csv
4087170,2014-04-25,nighttime,6,NA,NA,NA,30.2368335723877,0.2874062611593858,0.1863349601237948,high_flow,4087170.csv
4087170,2014-04-26,daytime,6,0.00232554156767086,0.9965116939369252,0.00209205020930401,29.186710357666,0.2995476728960838,0.1940761020513431,high_flow,4087170.csv
4087170,2014-04-26,nighttime,6,-0.6941374528577495,0.1260208357494796,-0.28259911894278156,29.186710357666,0.2995476728960838,0.1940761020513431,high_flow,4087170.csv
4087170,2014-04-27,daytime,6,-0.3746964467325684,0.4642585384511429,-0.5300429184548159,28.2320022583008,0.3118676348053803,0.2026901559338174,high_flow,4087170.csv
4087170,2014-04-27,nighttime,6,0.2217230860903479,0.6728654492510535,0.23326706428099717,28.2320022583008,0.3118676348053803,0.2026901559338174,high_flow,4087170.csv
4087170,2014-04-28,daytime,6,0.9108951481502688,0.01155578016922785,0.44102257437571873,31.787446975708,0.26967027734793475,0.21262151331190732,high_flow,4087170.csv
4087170,2014-04-28,nighttime,6,0.05054942251976484,0.9242404492776104,0.01058601134218373,31.787446975708,0.26967027734793475,0.21262151331190732,high_flow,4087170.csv
4087170,2014-04-29,daytime,6,-0.20812164197648728,0.6923248917304676,-0.03645055273378659,38.8894004821777,0.2025949291750982,0.223211522437805,high_flow,4087170.csv
4087170,2014-04-29,nighttime,6,-0.9395680810601512,0.00536767604770807,-0.2706902782797191,38.8894004821777,0.2025949291750982,0.223211522437805,high_flow,4087170.csv
4087170,2014-04-30,daytime,6,-0.9096030418995156,0.01188807070581068,-0.7021939328277462,45.8820304870605,0.15486251636709916,0.23202793318255763,high_flow,4087170.csv
4087170,2014-04-30,nighttime,6,-0.8970366028356148,0.01535641050570138,-1.7008781558728103,45.8820304870605,0.15486251636709916,0.23202793318255763,high_flow,4087170.csv
4087170,2014-05-01,daytime,6,-0.2405521014135668,0.6461316592596762,-0.7532467532466347,47.3154067993164,0.14736340911796214,0.23701543467047573,high_flow,4087170.csv
4087170,2014-05-01,nighttime,6,0.07956479606793233,0.8809046506274348,0.5428571428566769,47.3154067993164,0.14736340911796214,0.23701543467047573,high_flow,4087170.csv
4087170,2014-05-02,daytime,6,NA,NA,NA,48.7637710571289,0.13998333531722415,0.23734476054437964,high_flow,4087170.csv
4087170,2014-05-02,nighttime,6,0.38017479555939226,0.4572116847972342,2.146529562982221,48.7637710571289,0.13998333531722415,0.23734476054437964,high_flow,4087170.csv
4087170,2014-05-03,daytime,6,-0.8797538710138164,0.02081937000638008,-0.9823889739664712,49.8827362060547,0.13409117962147363,0.23436892433440465,high_flow,4087170.csv
4087170,2014-05-03,nighttime,6,0.7613345101540566,0.0786444858004963,1.6160635481022263,49.8827362060547,0.13409117962147363,0.23436892433440465,high_flow,4087170.csv
4087170,2014-05-04,daytime,6,0.6977451112118632,0.12323032294002632,0.8401563937442124,45.706844329834,0.15575526723009164,0.22683013926913465,high_flow,4087170.csv
4087170,2014-05-04,nighttime,6,0.7740651061262609,0.07080326300854614,0.6827553393951639,45.706844329834,0.15575526723009164,0.22683013926913465,high_flow,4087170.csv
4087170,2014-05-05,daytime,6,-0.4187022552277895,0.40864829380793705,-0.8128772635809436,38.9137496948242,0.2024163790024997,0.2159703209935325,high_flow,4087170.csv
4087170,2014-05-05,nighttime,6,0.37696176919073054,0.461340512980372,2.470588235287216,38.9137496948242,0.2024163790024997,0.2159703209935325,high_flow,4087170.csv
4087170,2014-05-06,daytime,6,0.05608126331916211,0.9159662958388916,0.07700934579420858,32.3634910583496,0.26389715510058326,0.2027893504741499,high_flow,4087170.csv
4087170,2014-05-06,nighttime,6,-0.15417261242429725,0.770573360763164,-0.4730290456433815,32.3634910583496,0.26389715510058326,0.2027893504741499,high_flow,4087170.csv
4087170,2014-05-07,daytime,6,0.7268243622202671,0.10174453731719411,1.1279186683053797,27.5484466552734,0.3213307939531008,0.1914970440026981,high_flow,4087170.csv
4087170,2014-05-07,nighttime,6,0.01126753112795066,0.9830994185555006,0.00882352941164737,27.5484466552734,0.3213307939531008,0.1914970440026981,high_flow,4087170.csv
4087170,2014-05-08,daytime,6,-0.476586089388913,0.33924538996091624,-0.16853699946166942,25.4390468597412,0.35299369122723484,0.18284728008570408,high_flow,4087170.csv
4087170,2014-05-08,nighttime,6,0.10609382133227274,0.8414563586663263,0.2286198137179879,25.4390468597412,0.35299369122723484,0.18284728008570408,high_flow,4087170.csv
4087170,2014-05-09,daytime,6,-0.573720530994511,0.23384076524885913,-1.1204915234952917,27.9084625244141,0.3163909058445423,0.17439193746776177,high_flow,4087170.csv
4087170,2014-05-09,nighttime,6,0.505857167708748,0.3059365166070435,0.624061860359424,27.9084625244141,0.3163909058445423,0.17439193746776177,high_flow,4087170.csv
4087170,2014-05-10,daytime,6,-0.5751887526899336,0.2323651987344116,-0.14894485035049282,34.2844696044922,0.24276871800976071,0.16662698885053367,high_flow,4087170.csv
4087170,2014-05-10,nighttime,6,0.03090427570804208,0.9536583443770176,0.02626946513188859,34.2844696044922,0.24276871800976071,0.16662698885053367,high_flow,4087170.csv
4087170,2014-05-11,daytime,6,-0.8768421036142565,0.02181777983982508,-0.8222522598630304,41.0886039733887,0.1864658969170337,0.15988572788953695,high_flow,4087170.csv
4087170,2014-05-11,nighttime,6,0.35418434609366856,0.49093908318047,0.21226239284379347,41.0886039733887,0.1864658969170337,0.15988572788953695,high_flow,4087170.csv
4087170,2014-05-12,daytime,6,-0.83026706588078,0.04076896251486805,-0.4775586535192126,46.9023208618164,0.14897036067134864,0.15273975320398364,high_flow,4087170.csv
4087170,2014-05-12,nighttime,6,0.2717007703895464,0.6024774976286851,0.08694700325018342,46.9023208618164,0.14897036067134864,0.15273975320398364,high_flow,4087170.csv
4087170,2014-05-13,daytime,6,0.703843611963745,0.1185751772598273,0.6768595041322985,69.1844482421875,0.07195571955719557,0.14323691624013013,high_flow,4087170.csv
4087170,2014-05-13,nighttime,6,-0.3356030423156138,0.5154948215112027,-0.12802410675851597,69.1844482421875,0.07195571955719557,0.14323691624013013,high_flow,4087170.csv
4087170,2014-05-14,daytime,6,0.3548412866862394,0.49007751811422223,0.31518624641831267,95.4353179931641,0.03321033210332103,0.13054398285918342,high_flow,4087170.csv
4087170,2014-05-14,nighttime,6,0.952386732450302,0.00334656467794403,1.2890672319806644,95.4353179931641,0.03321033210332103,0.13054398285918342,high_flow,4087170.csv
4087170,2014-05-15,daytime,6,-0.9967623703859236,1.570639946266001e-5,-1.7916548194484818,105.538558959961,0.02511605761218902,0.11499424671666073,high_flow,4087170.csv
4087170,2014-05-15,nighttime,6,-0.8748822615293821,0.02250234812459158,-1.8448336252188895,105.538558959961,0.02511605761218902,0.11499424671666073,high_flow,4087170.csv
4087170,2014-05-16,daytime,6,0.05062029913334058,0.924134406398902,0.15523465703989886,114.933700561523,0.02053326984882752,0.0980756259175495,high_flow,4087170.csv
4087170,2014-05-16,nighttime,6,-0.984064239955468,3.788992415282747e-4,-4.6772334293944295,114.933700561523,0.02053326984882752,0.0980756259175495,high_flow,4087170.csv
4087170,2014-05-17,daytime,6,-0.804417041352295,0.0536382530637302,-0.4017479364639227,108.696212768555,0.02350910605880252,0.08431535928262508,high_flow,4087170.csv
4087170,2014-05-17,nighttime,6,-0.7898006795622383,0.0616319339033073,-6.889447236181123,108.696212768555,0.02350910605880252,0.08431535928262508,high_flow,4087170.csv
4087170,2014-05-18,daytime,6,-0.10761048243029483,0.8392073419048864,-0.08641870710840964,95.5232620239258,0.03297226520652303,0.07636789271118517,high_flow,4087170.csv
4087170,2014-05-18,nighttime,6,0.7983672862477892,0.05688486215502299,2.2855104423401276,95.5232620239258,0.03297226520652303,0.07636789271118517,high_flow,4087170.csv
4087170,2014-05-19,daytime,6,0.9147840764721744,0.01058322191335539,0.4642947903430278,82.5062103271484,0.04856564694679205,0.07320557076538507,high_flow,4087170.csv
4087170,2014-05-19,nighttime,6,0.5643308186005237,0.24336478481468576,1.5617977528092044,82.5062103271484,0.04856564694679205,0.07320557076538507,high_flow,4087170.csv
4087170,2014-05-20,daytime,6,0.47511161179409295,0.3409563023018688,0.22134118713184464,75.0377502441406,0.05987382454469706,0.07256279014403047,high_flow,4087170.csv
4087170,2014-05-20,nighttime,6,-0.3573636880276899,0.48677371282571863,-0.22996515679440335,75.0377502441406,0.05987382454469706,0.07256279014403047,high_flow,4087170.csv
4087170,2014-05-21,daytime,6,0.90134568958798,0.01411892437449787,0.7573088685016088,68.5142059326172,0.07350315438638258,0.07687973653930087,high_flow,4087170.csv
4087170,2014-05-21,nighttime,6,0.6970409125283462,0.12377288296923436,0.2534828913218693,68.5142059326172,0.07350315438638258,0.07687973653930087,high_flow,4087170.csv
4087170,2014-05-22,daytime,6,-0.7540901085723207,0.08327222057275341,-0.30621170128913294,62.7002792358398,0.08808475181526008,0.08412490576518668,high_flow,4087170.csv
4087170,2014-05-22,nighttime,6,0.5515558889028982,0.2565616502705623,0.2674927113702574,62.7002792358398,0.08808475181526008,0.08412490576518668,high_flow,4087170.csv
4087170,2014-05-23,daytime,6,-0.6445659094690899,0.16704849179624823,-0.10553006520164436,59.0187225341797,0.0992143792405666,0.0924136015553704,high_flow,4087170.csv
4087170,2014-05-23,nighttime,6,0.48165970046179535,0.33338202738886197,0.28062601187261393,59.0187225341797,0.0992143792405666,0.0924136015553704,high_flow,4087170.csv
4087170,2014-05-24,daytime,6,0.9470687959562925,0.00412841953793529,0.2253971882500779,55.7338485717773,0.1099869063206761,0.1022378288299012,high_flow,4087170.csv
4087170,2014-05-24,nighttime,6,0.24950871351007345,0.6335034620780757,0.23114856989149543,55.7338485717773,0.1099869063206761,0.1022378288299012,high_flow,4087170.csv
4087170,2014-05-25,daytime,6,0.9411072446172488,0.00510040441536994,0.7213608309498659,52.2654914855957,0.12355671943816211,0.11389120342816332,high_flow,4087170.csv
4087170,2014-05-25,nighttime,6,0.2465446395320614,0.6376760573488591,0.1494196340743634,52.2654914855957,0.12355671943816211,0.11389120342816332,high_flow,4087170.csv
4087170,2014-05-26,daytime,6,0.11063386928323728,0.8347262672253704,0.02659674375479556,48.9184455871582,0.13903106773003213,0.12537793119866683,high_flow,4087170.csv
4087170,2014-05-26,nighttime,6,0.6034558899479373,0.2046931151449288,0.4340169415960281,48.9184455871582,0.13903106773003213,0.12537793119866683,high_flow,4087170.csv
4087170,2014-05-27,daytime,6,-0.4063681379311971,0.4240006072392424,-0.4667428169756469,48.8830299377441,0.13932865135102965,0.13421418085148593,high_flow,4087170.csv
4087170,2014-05-27,nighttime,6,-0.6529359467040722,0.15977765310968212,-0.3269042597142872,48.8830299377441,0.13932865135102965,0.13421418085148593,high_flow,4087170.csv
4087170,2014-05-28,daytime,6,-0.9511909588981122,0.00351534430168229,-0.24119289227631607,49.3177337646484,0.13670991548625164,0.14422886164345514,high_flow,4087170.csv
4087170,2014-05-28,nighttime,6,-0.891070339909603,0.01715224452503771,-0.4608100059559089,49.3177337646484,0.13670991548625164,0.14422886164345514,high_flow,4087170.csv
4087170,2014-05-29,daytime,6,0.02856443405619757,0.9571650021606678,0.00522193211488307,48.2526321411133,0.14188787049160814,0.15273181764075705,high_flow,4087170.csv
4087170,2014-05-29,nighttime,6,-0.9955001638813584,3.0327230119661885e-5,-0.556412081765483,48.2526321411133,0.14188787049160814,0.15273181764075705,high_flow,4087170.csv
4087170,2014-05-30,daytime,6,0.00814766932169863,0.9877787664569916,0.00514823362338215,46.8104820251465,0.14944649446494465,0.15857635995714797,high_flow,4087170.csv
4087170,2014-05-30,nighttime,6,-0.02032649125871904,0.9695144622219743,-0.00868349400247853,46.8104820251465,0.14944649446494465,0.15857635995714797,high_flow,4087170.csv
4087170,2014-05-31,daytime,6,-0.7503738871517486,0.08569229384835063,-0.17244152536694024,43.6742668151855,0.16789667896678967,0.16376621830734436,high_flow,4087170.csv
4087170,2014-05-31,nighttime,6,-0.901334408175711,0.01412209872896831,-0.4200980256417566,43.6742668151855,0.16789667896678967,0.16376621830734436,high_flow,4087170.csv
4087170,2014-06-01,daytime,6,0.6558476683150074,0.15728039764739507,0.07042613590971243,39.4933776855469,0.1983097250327342,0.17019402452089036,high_flow,4087170.csv
4087170,2014-06-01,nighttime,6,-0.794532259869728,0.0589883733566281,-0.32344455594582106,39.4933776855469,0.1983097250327342,0.17019402452089036,high_flow,4087170.csv
4087170,2014-06-02,daytime,6,-0.8541270665866476,0.03036636034603585,-0.7918886897347688,38.5492210388184,0.20527318176407572,0.1793159544498671,high_flow,4087170.csv
4087170,2014-06-02,nighttime,6,-0.915386803924226,0.01043619986549844,-0.43979302912453105,38.5492210388184,0.20527318176407572,0.1793159544498671,high_flow,4087170.csv
4087170,2014-06-03,daytime,6,-0.976505842758808,8.214790380028501e-4,-0.6033572903871649,41.7994918823242,0.18110939173907867,0.1913065904852597,high_flow,4087170.csv
4087170,2014-06-03,nighttime,6,-0.8465716407016479,0.03350452031061094,-0.4759336191275658,41.7994918823242,0.18110939173907867,0.1913065904852597,high_flow,4087170.csv
4087170,2014-06-04,daytime,6,-0.6491706721207183,0.16303157558034123,-0.16861981371719112,37.9365005493164,0.2100940364242352,0.2001110978851724,high_flow,4087170.csv
4087170,2014-06-04,nighttime,6,-0.9797997383497166,6.079544919621214e-4,-0.6753369219284086,37.9365005493164,0.2100940364242352,0.2001110978851724,high_flow,4087170.csv
4087170,2014-06-05,daytime,6,-0.20001848842133116,0.7039733767758328,-0.04284742688732822,39.0876998901367,0.2010474943459112,0.2059358012934968,high_flow,4087170.csv
4087170,2014-06-05,nighttime,6,-0.5815369707656561,0.22602815629808967,-0.14488297384122098,39.0876998901367,0.2010474943459112,0.2059358012934968,high_flow,4087170.csv
4087170,2014-06-06,daytime,6,-0.9580144439215044,0.00260717458430508,-0.3790212840195462,42.5564880371094,0.17575288656112367,0.212855612427092,high_flow,4087170.csv
4087170,2014-06-06,nighttime,6,-0.30849929963053113,0.551931270133323,-0.05826052008752688,42.5564880371094,0.17575288656112367,0.212855612427092,high_flow,4087170.csv
4087170,2014-06-07,daytime,6,-0.983309069851086,4.155557845297487e-4,-0.3296719132787811,42.3626098632812,0.17706225449351268,0.22063246438916,high_flow,4087170.csv
4087170,2014-06-07,nighttime,6,-0.943714788413494,0.00466288108506883,-0.4353086476225312,42.3626098632812,0.17706225449351268,0.22063246438916,high_flow,4087170.csv
4087170,2014-06-08,daytime,6,-0.8543110341394161,0.03029176799435866,-1.1095553917956589,38.3778495788574,0.2064039995238662,0.22847676863865413,high_flow,4087170.csv
4087170,2014-06-08,nighttime,6,-0.9180456898030156,0.00979954001042654,-0.46740119760478416,38.3778495788574,0.2064039995238662,0.22847676863865413,high_flow,4087170.csv
4087170,2014-06-09,daytime,6,-0.3173497451753135,0.539955665236766,-0.29797549041614174,32.6329116821289,0.26038566837281274,0.23723366265920723,high_flow,4087170.csv
4087170,2014-06-09,nighttime,6,-0.9051136407565348,0.01307798082791868,-0.40884684223981416,32.6329116821289,0.26038566837281274,0.23723366265920723,high_flow,4087170.csv
4087170,2014-06-10,daytime,6,-0.7056825464406504,0.11718684962215772,-0.3785675821216892,27.7020416259766,0.3188906082609213,0.24284410586041344,high_flow,4087170.csv
4087170,2014-06-10,nighttime,6,-0.9953024444312384,3.304871193651709e-5,-0.4431336963097304,27.7020416259766,0.3188906082609213,0.24284410586041344,high_flow,4087170.csv
4087170,2014-06-11,daytime,6,-0.8094493022523566,0.05100494582024861,-0.7348993288589838,31.6741371154785,0.27139626234972025,0.24088005396182993,high_flow,4087170.csv
4087170,2014-06-11,nighttime,6,-0.7720694686806835,0.0720077299008145,-0.4695411392405267,31.6741371154785,0.27139626234972025,0.24088005396182993,high_flow,4087170.csv
4087170,2014-06-12,daytime,6,-0.215807644033848,0.6813139320939992,-0.12941722597241842,36.3945922851562,0.22408046661111772,0.23072650081339524,high_flow,4087170.csv
4087170,2014-06-12,nighttime,6,-0.41682328354482,0.4109748571420539,-0.33338343604377224,36.3945922851562,0.22408046661111772,0.23072650081339524,high_flow,4087170.csv
4087170,2014-06-13,daytime,6,-0.992368683705633,8.713327013780864e-5,-0.38394719486105294,33.9850959777832,0.24568503749553625,0.2200015871126453,high_flow,4087170.csv
4087170,2014-06-13,nighttime,6,-0.9141891289290652,0.01072932397635252,-0.3101071975497893,33.9850959777832,0.24568503749553625,0.2200015871126453,high_flow,4087170.csv
4087170,2014-06-14,daytime,6,-0.8748520260215384,0.02251298833907435,-0.6321461263210146,32.1631927490234,0.26609927389596477,0.2104511367694322,high_flow,4087170.csv
4087170,2014-06-14,nighttime,6,-0.4262482046311024,0.39934968520238207,-0.0997074007119244,32.1631927490234,0.26609927389596477,0.2104511367694322,high_flow,4087170.csv
4087170,2014-06-15,daytime,6,0.4819339763016301,0.33306611436451095,0.0986805664048678,30.4213180541992,0.2855612427092013,0.2008689441733127,high_flow,4087170.csv
4087170,2014-06-15,nighttime,6,-0.9651516562927672,0.00180045055140747,-0.6340089066618294,30.4213180541992,0.2855612427092013,0.2008689441733127,high_flow,4087170.csv
4087170,2014-06-16,daytime,6,-0.15947408804423266,0.7628167392218327,-0.02883482973900718,26.969108581543,0.3296631353410308,0.189445700908622,high_flow,4087170.csv
4087170,2014-06-16,nighttime,6,-0.6707773870378415,0.14473948059232722,-0.4997830065852736,26.969108581543,0.3296631353410308,0.189445700908622,high_flow,4087170.csv
4087170,2014-06-17,daytime,6,-0.9747647717938496,9.471900060120128e-4,-0.3497807421601484,30.057487487793,0.2894298297821688,0.17431258183549578,high_flow,4087170.csv
4087170,2014-06-17,nighttime,6,-0.9302107058545422,0.00713586239700957,-0.3988981903237664,30.057487487793,0.2894298297821688,0.17431258183549578,high_flow,4087170.csv
4087170,2014-06-18,daytime,6,-0.7749122020879783,0.07029479289743239,-0.7109879660294504,46.395206451416,0.15164861326032616,0.1562710788398207,high_flow,4087170.csv
4087170,2014-06-18,nighttime,6,-0.9757721796560396,8.733702067635524e-4,-0.34703302512007367,46.395206451416,0.15164861326032616,0.1562710788398207,high_flow,4087170.csv
4087170,2014-06-19,daytime,6,0.6252459145685046,0.18434558791651345,1.9310344827591608,76.4740753173828,0.05779073919771456,0.14307026941237155,high_flow,4087170.csv
4087170,2014-06-19,nighttime,6,-0.4106215093833685,0.418685187194457,-0.10715403392375648,76.4740753173828,0.05779073919771456,0.14307026941237155,high_flow,4087170.csv
4087170,2014-06-20,daytime,6,0.0189614593370326,0.9715612196669868,0.01322115384610799,88.9520950317383,0.04017378883466254,0.13470618577153515,high_flow,4087170.csv
4087170,2014-06-20,nighttime,6,-0.18125039109201735,0.7311016054855539,-0.22299049265345416,88.9520950317383,0.04017378883466254,0.13470618577153515,high_flow,4087170.csv
4087170,2014-06-21,daytime,6,-0.7785305384450568,0.0681416865320527,-1.2613636363639769,96.1563110351562,0.03249613141292703,0.12661984684362973,high_flow,4087170.csv
4087170,2014-06-21,nighttime,6,-0.47792828915069696,0.33769066878836584,-0.2077509529859908,96.1563110351562,0.03249613141292703,0.12661984684362973,high_flow,4087170.csv
4087170,2014-06-22,daytime,6,0.7335123408943776,0.09706110852714007,0.2980972515856266,95.1424865722656,0.03332936555172003,0.11880728484704202,high_flow,4087170.csv
4087170,2014-06-22,nighttime,6,0.02973132782252317,0.955416148797392,0.02276176024281395,95.1424865722656,0.03332936555172003,0.11880728484704202,high_flow,4087170.csv
4087170,2014-06-23,daytime,6,-0.12655687365400442,0.8111781976049978,-0.18359963822727576,93.4020080566406,0.03505535055350553,0.1101654564932746,high_flow,4087170.csv
4087170,2014-06-23,nighttime,6,-0.1911067534123764,0.7168296503539364,-0.06519412279846942,93.4020080566406,0.03505535055350553,0.1101654564932746,high_flow,4087170.csv
4087170,2014-06-24,daytime,6,-0.2734789832420869,0.6000083748544047,-0.0458394945557217,95.1031036376953,0.03338888227591953,0.0956433757885966,high_flow,4087170.csv
4087170,2014-06-24,nighttime,6,0.6469797970642512,0.16493763060364047,0.9616580310882166,95.1031036376953,0.03338888227591953,0.0956433757885966,high_flow,4087170.csv
4087170,2014-06-25,daytime,6,0.3526475387570622,0.4929563663571992,0.3749999999995898,82.7571258544922,0.04826806332579455,0.08293060349958338,high_flow,4087170.csv
4087170,2014-06-25,nighttime,6,-0.13160720337102977,0.8037289433297184,-0.08812161813961712,82.7571258544922,0.04826806332579455,0.08293060349958338,high_flow,4087170.csv
4087170,2014-06-26,daytime,6,0.08807393051095948,0.8682306997320532,0.06224028072765952,68.5547103881836,0.07338412093798358,0.07970479704797048,high_flow,4087170.csv
4087170,2014-06-26,nighttime,6,-0.6871749632990711,0.131482803979847,-0.4237967914437344,68.5547103881836,0.07338412093798358,0.07970479704797048,high_flow,4087170.csv
4087170,2014-06-27,daytime,6,0.842999643362452,0.03503870829030753,0.8661567877628574,59.1374893188477,0.0986192119985716,0.08192278696980518,high_flow,4087170.csv
4087170,2014-06-27,nighttime,6,0.8897448375622505,0.01756415931691158,0.2761036361614458,59.1374893188477,0.0986192119985716,0.08192278696980518,high_flow,4087170.csv
4087170,2014-06-28,daytime,6,0.9644514520654436,0.00187308755351915,0.3829265301115869,52.0321273803711,0.12438995357695512,0.08566043724953379,high_flow,4087170.csv
4087170,2014-06-28,nighttime,6,0.6515373004794237,0.1609831194866895,0.591207349081372,52.0321273803711,0.12438995357695512,0.08566043724953379,high_flow,4087170.csv
4087170,2014-06-29,daytime,6,0.5729310590270704,0.23463572106326,0.31150254950001927,46.9127578735352,0.14891084394714915,0.0914930762210848,high_flow,4087170.csv
4087170,2014-06-29,nighttime,6,0.4522246474571779,0.367904611597312,0.34061971830987864,46.9127578735352,0.14891084394714915,0.0914930762210848,high_flow,4087170.csv
4087170,2014-06-30,daytime,6,-0.2826527507644802,0.5873118022533808,-0.07111984282907784,45.637321472168,0.15593381740269016,0.0997301908502956,high_flow,4087170.csv
4087170,2014-06-30,nighttime,6,-0.6592274941046679,0.15440259405819046,-0.1737116386798062,45.637321472168,0.15593381740269016,0.0997301908502956,high_flow,4087170.csv
4087170,2014-07-01,daytime,6,-0.8677405047505129,0.02508208161601479,-0.3469318181818128,55.159725189209,0.1118319247708606,0.1086616672618339,high_flow,4087170.csv
4087170,2014-07-01,nighttime,6,-0.9337953817210728,0.00642948809707425,-0.3441770879508505,55.159725189209,0.1118319247708606,0.1086616672618339,high_flow,4087170.csv
4087170,2014-07-02,daytime,6,-0.9922833774485788,8.908964738137385e-5,-0.28160535512598456,59.1304092407227,0.0987382454469706,0.11883505931833512,high_flow,4087170.csv
4087170,2014-07-02,nighttime,6,-0.6059026058887292,0.20236495785309624,-0.20353383204143577,59.1304092407227,0.0987382454469706,0.11883505931833512,high_flow,4087170.csv
4087170,2014-07-03,daytime,6,0.7237999277699724,0.103894554220549,0.4499746063992177,57.8593063354492,0.1032615164861326,0.13148434710153553,high_flow,4087170.csv
4087170,2014-07-03,nighttime,6,-0.9197980770277868,0.00939057931526506,-0.1972336386205619,57.8593063354492,0.1032615164861326,0.13148434710153553,high_flow,4087170.csv
4087170,2014-07-04,daytime,6,0.5278432813104016,0.2817685374898436,0.19018743109152925,61.7081527709961,0.09106058802523508,0.14499464349482205,high_flow,4087170.csv
4087170,2014-07-04,nighttime,6,0.13726673724278174,0.7953930948533505,0.11030664395233032,61.7081527709961,0.09106058802523508,0.14499464349482205,high_flow,4087170.csv
4087170,2014-07-05,daytime,6,-0.8064176287683589,0.05258403577399406,-0.37309417040352544,60.0489768981934,0.0962385430305916,0.15831845415228346,high_flow,4087170.csv
4087170,2014-07-05,nighttime,6,0.8403922905283832,0.03617895843659306,0.8773584905659976,60.0489768981934,0.0962385430305916,0.15831845415228346,high_flow,4087170.csv
4087170,2014-07-06,daytime,6,0.21435572850888784,0.683391056293595,0.0713986984960731,53.0828628540039,0.11998571598619212,0.16152045391421657,high_flow,4087170.csv
4087170,2014-07-06,nighttime,6,0.7352173662595198,0.09588283023819906,0.44000402657545246,53.0828628540039,0.11998571598619212,0.16152045391421657,high_flow,4087170.csv
4087170,2014-07-07,daytime,6,-0.9775396855963224,7.510333552945903e-4,-0.27672352802452144,45.4941825866699,0.15688608498988216,0.16475419592905607,high_flow,4087170.csv
4087170,2014-07-07,nighttime,6,-0.8854811405277513,0.01892092101005155,-0.2919242773155199,45.4941825866699,0.15688608498988216,0.16475419592905607,high_flow,4087170.csv
4087170,2014-07-08,daytime,6,-0.7528560816755805,0.08407238490207343,-0.4623875715454202,43.4996223449707,0.16902749672658016,0.17178113716621038,high_flow,4087170.csv
4087170,2014-07-08,nighttime,6,-0.6036259493646761,0.20453094520392695,-0.2474478396865045,43.4996223449707,0.16902749672658016,0.17178113716621038,high_flow,4087170.csv
4087170,2014-07-09,daytime,6,-0.9518448305763346,0.00342254651235303,-0.2459902184823693,41.1653823852539,0.18598976312343768,0.1835098996151252,high_flow,4087170.csv
4087170,2014-07-09,nighttime,6,-0.9380676562859688,0.00563464847747338,-0.3422229724027028,41.1653823852539,0.18598976312343768,0.1835098996151252,high_flow,4087170.csv
4087170,2014-07-10,daytime,6,-0.6721777821153048,0.14358600802732135,-0.06708766732970481,34.8799667358398,0.2380073800738007,0.1977661389517121,high_flow,4087170.csv
4087170,2014-07-10,nighttime,6,-0.43306731288779976,0.39100933275038446,-0.40194338825513504,34.8799667358398,0.2380073800738007,0.1977661389517121,high_flow,4087170.csv
4087170,2014-07-11,daytime,6,-0.1281713037437939,0.8087958359818648,-0.06913091079709167,31.2802963256836,0.2760385668372813,0.2134031662897274,high_flow,4087170.csv
4087170,2014-07-11,nighttime,6,-0.9766631082610602,8.105610157261965e-4,-0.3429830401996142,31.2802963256836,0.2760385668372813,0.2134031662897274,high_flow,4087170.csv
4087170,2014-07-12,daytime,6,-0.31278583079939465,0.5461219509176107,-0.10303459704825386,29.2629451751709,0.2984763718604928,0.23201206205610445,high_flow,4087170.csv
4087170,2014-07-12,nighttime,6,-0.948928045734232,0.00384591014296052,-0.33886255924172876,29.2629451751709,0.2984763718604928,0.23201206205610445,high_flow,4087170.csv
4087170,2014-07-13,daytime,6,-0.969870242261934,0.00134802752032488,-0.19139431239389249,43.0536193847656,0.17241995000595167,0.25324762925048605,normal_flow,4087170.csv
4087170,2014-07-13,nighttime,6,-0.696006196955002,0.1245719754638204,-0.3344935454024743,43.0536193847656,0.17241995000595167,0.25324762925048605,normal_flow,4087170.csv
4087170,2014-07-14,daytime,6,-0.9046261059366092,0.0132105004651648,-0.2474113955355114,39.5573387145996,0.1974169741697417,0.27617743919374677,normal_flow,4087170.csv
4087170,2014-07-14,nighttime,6,-0.9824377991271064,4.599379865435812e-4,-0.4470438409076019,39.5573387145996,0.1974169741697417,0.27617743919374677,normal_flow,4087170.csv
4087170,2014-07-15,daytime,6,-0.9817659396770532,4.956901948886016e-4,-0.26200028511496765,32.5866432189941,0.26133793596000476,0.2998531920803079,normal_flow,4087170.csv
4087170,2014-07-15,nighttime,6,-0.7391891803798072,0.09316295167332152,-0.10782681099084812,32.5866432189941,0.26133793596000476,0.2998531920803079,normal_flow,4087170.csv
4087170,2014-07-16,daytime,6,-0.9645907103722268,0.0018585282892476,-0.40088000000001106,30.2068004608154,0.2877633615045828,0.32488989406023094,normal_flow,4087170.csv
4087170,2014-07-16,nighttime,6,-0.7169134056385164,0.10886403029357614,-0.1997310020174793,30.2068004608154,0.2877633615045828,0.32488989406023094,normal_flow,4087170.csv
4087170,2014-07-17,daytime,6,-0.5954037320528708,0.21243138179074067,-0.13153837382816683,28.1947422027588,0.3125818354957743,0.35105741379994443,normal_flow,4087170.csv
4087170,2014-07-17,nighttime,6,-0.965015107801808,0.00181450427178333,-0.6086036924179813,28.1947422027588,0.3125818354957743,0.35105741379994443,normal_flow,4087170.csv
4087170,2014-07-18,daytime,6,-0.3777284283283516,0.46035427044427546,-0.04459070563041105,26.4047069549561,0.33781692655636236,0.37547117406657937,normal_flow,4087170.csv
4087170,2014-07-18,nighttime,6,-0.9838836521514676,3.875119987172944e-4,-0.5526938605039519,26.4047069549561,0.33781692655636236,0.37547117406657937,normal_flow,4087170.csv
4087170,2014-07-19,daytime,6,0.8019747580171799,0.05493831412424609,0.4256533171991624,24.3817558288574,0.3701940245208904,0.3984208229179066,normal_flow,4087170.csv
4087170,2014-07-19,nighttime,6,-0.0984287490015585,0.8528336761175651,-0.2028315515745446,24.3817558288574,0.3701940245208904,0.3984208229179066,normal_flow,4087170.csv
4087170,2014-07-20,daytime,6,-0.6882567090647662,0.13062760796296746,-1.8795512811014616,21.8441505432129,0.4147720509463159,0.4195690989167956,normal_flow,4087170.csv
4087170,2014-07-20,nighttime,6,-0.07640724618172107,0.8856121660489452,-0.04107955777152298,21.8441505432129,0.4147720509463159,0.4195690989167956,normal_flow,4087170.csv
4087170,2014-07-21,daytime,6,-0.2158985525651267,0.6811839227889783,-0.10764979273955524,19.3802795410156,0.46393286513510296,0.4466888862437012,normal_flow,4087170.csv
4087170,2014-07-21,nighttime,6,-0.8683169289575541,0.02486892618200132,-0.38904231883312945,19.3802795410156,0.46393286513510296,0.4466888862437012,normal_flow,4087170.csv
4087170,2014-07-22,daytime,6,-0.22048864414487737,0.6746265882010627,-0.03946388682058006,17.3611507415771,0.512022378288299,0.47197555846526207,normal_flow,4087170.csv
4087170,2014-07-22,nighttime,6,-0.9478123709229992,0.00401425517021462,-0.7347765989240713,17.3611507415771,0.512022378288299,0.47197555846526207,normal_flow,4087170.csv
4087170,2014-07-23,daytime,6,-0.9821081027402464,4.773162043663232e-4,-0.1550434691526165,16.1780548095703,0.5445780264254255,0.4901083204380431,normal_flow,4087170.csv
4087170,2014-07-23,nighttime,6,-0.1052995900565641,0.8426343960354459,-0.17774092367599295,16.1780548095703,0.5445780264254255,0.4901083204380431,normal_flow,4087170.csv
4087170,2014-07-24,daytime,6,-0.5634651634993808,0.2442503746455517,-0.08386893320518668,14.9478178024292,0.5785025592191406,0.5029837717732016,normal_flow,4087170.csv
4087170,2014-07-24,nighttime,6,-0.5267041709870355,0.28300216374304304,-0.2105774569683447,14.9478178024292,0.5785025592191406,0.5029837717732016,normal_flow,4087170.csv
4087170,2014-07-25,daytime,6,-0.7996970349156833,0.05616371127703751,-0.3784749801429797,14.0741682052612,0.6042137840733246,0.515514026108003,normal_flow,4087170.csv
4087170,2014-07-25,nighttime,6,-0.5705623170098391,0.23702734012024723,-0.19931103526017235,14.0741682052612,0.6042137840733246,0.515514026108003,normal_flow,4087170.csv
4087170,2014-07-26,daytime,6,-0.9683493723045002,0.00148679014853244,-0.3724160470626893,13.6005744934082,0.6202832996071896,0.5163631313732492,normal_flow,4087170.csv
4087170,2014-07-26,nighttime,6,-0.41821414209349766,0.40925225526161624,-0.10703386676589322,13.6005744934082,0.6202832996071896,0.5163631313732492,normal_flow,4087170.csv
4087170,2014-07-27,daytime,6,-0.953256247692246,0.00322640052562119,-0.311643477351172,13.745415687561,0.6157005118438281,0.5159425465222395,normal_flow,4087170.csv
4087170,2014-07-27,nighttime,6,-0.9149562268144112,0.01054112790022037,-0.3399506292185413,13.745415687561,0.6157005118438281,0.5159425465222395,normal_flow,4087170.csv
4087170,2014-07-28,daytime,6,-0.09191298146291384,0.86251876806292,-0.01987341772152229,14.9319934844971,0.5792167599095346,0.5191445462841725,normal_flow,4087170.csv
4087170,2014-07-28,nighttime,6,-0.9313524655877924,0.0069069757681908,-0.4867847157502704,14.9319934844971,0.5792167599095346,0.5191445462841725,normal_flow,4087170.csv
4087170,2014-07-29,daytime,6,-0.15029673619504447,0.7762524303788634,-0.0217202970297,15.014931678772,0.5767170574931556,0.5237908185533469,normal_flow,4087170.csv
4087170,2014-07-29,nighttime,6,-0.9310764983043792,0.00696196483616287,-0.28872810737986176,15.014931678772,0.5767170574931556,0.5237908185533469,normal_flow,4087170.csv
4087170,2014-07-30,daytime,6,0.9194232788749466,0.00947733544931489,1.7991872412206944,16.5828342437744,0.5333293655517201,0.5294171328810062,normal_flow,4087170.csv
4087170,2014-07-30,nighttime,6,-0.9351779190283008,0.00616666525053005,-0.7137391304347217,16.5828342437744,0.5333293655517201,0.5294171328810062,normal_flow,4087170.csv
4087170,2014-07-31,daytime,6,-0.5168253062481288,0.2937862302144119,-0.28096464528210496,18.689905166626,0.4808951315319605,0.5358885846922985,normal_flow,4087170.csv
4087170,2014-07-31,nighttime,6,-0.9865619922210668,2.6965676152108573e-4,-1.0552325581396829,18.689905166626,0.4808951315319605,0.5358885846922985,normal_flow,4087170.csv
4087170,2014-08-01,daytime,6,0.6651930946927773,0.14937829460755048,0.10819899023372886,17.8590126037598,0.5005356505177955,0.5389596476609928,normal_flow,4087170.csv
4087170,2014-08-01,nighttime,6,0.32937019751708085,0.5238105217062158,0.0951229717792484,17.8590126037598,0.5005356505177955,0.5389596476609928,normal_flow,4087170.csv
4087170,2014-08-02,daytime,6,-0.6697609716921115,0.14557915016409223,-0.06872709597436175,25.5514507293701,0.3505535055350554,0.5403999523866206,normal_flow,4087170.csv
4087170,2014-08-02,nighttime,6,-0.5248280099847925,0.2850384636930503,-0.6582048957389011,25.5514507293701,0.3505535055350554,0.5403999523866206,normal_flow,4087170.csv
4087170,2014-08-03,daytime,6,0.7415987673418744,0.09152991574835916,0.40748381589249166,24.7793464660645,0.3638852517557434,0.5422925842161648,normal_flow,4087170.csv
4087170,2014-08-03,nighttime,6,-0.3253093487121881,0.5292490985352123,-0.0818694601128005,24.7793464660645,0.3638852517557434,0.5422925842161648,normal_flow,4087170.csv
4087170,2014-08-04,daytime,6,0.790633351933091,0.0611628599841416,2.202909029047788,19.4303035736084,0.4628020473753125,0.5315597349521882,normal_flow,4087170.csv
4087170,2014-08-04,nighttime,6,-0.4192486695537803,0.40797254905458463,-0.13395107199628245,19.4303035736084,0.4628020473753125,0.5315597349521882,normal_flow,4087170.csv
4087170,2014-08-05,daytime,6,-0.382074019059455,0.4547766602862328,-1.7857331397649117,16.575309753418,0.5336269491727176,0.5172717533626949,normal_flow,4087170.csv
4087170,2014-08-05,nighttime,6,-0.7779486639479376,0.06848587381712154,-0.23449504509519753,16.575309753418,0.5336269491727176,0.5172717533626949,normal_flow,4087170.csv
4087170,2014-08-06,daytime,6,0.12901006752001484,0.8075584945399913,0.062301033965658587,14.3403558731079,0.5964170932031901,0.5064039995238662,normal_flow,4087170.csv
4087170,2014-08-06,nighttime,6,-0.8452230369275275,0.03407995107990753,-1.300948874096944,14.3403558731079,0.5964170932031901,0.5064039995238662,normal_flow,4087170.csv
4087170,2014-08-07,daytime,6,-0.571568262224104,0.2360105040139643,-4.520798668885865,13.0033988952637,0.6416498035948102,0.5050906638098639,normal_flow,4087170.csv
4087170,2014-08-07,nighttime,6,-0.5762858791582212,0.2312650116517828,-0.17758206565254747,13.0033988952637,0.6416498035948102,0.5050906638098639,normal_flow,4087170.csv
4087170,2014-08-08,daytime,6,0.9210238501783442,0.00910955206702381,1.3462436332767147,13.477596282959,0.6245685037495536,0.5115819545292227,normal_flow,4087170.csv
4087170,2014-08-08,nighttime,6,-0.8798244478813585,0.02079544751472436,-3.2057256990679575,13.477596282959,0.6245685037495536,0.5115819545292227,normal_flow,4087170.csv
4087170,2014-08-09,daytime,6,0.7763531594103041,0.06943369026406247,1.1801202232717871,13.4258394241333,0.6258183549577431,0.5183628933063524,normal_flow,4087170.csv
4087170,2014-08-09,nighttime,6,-0.9933762536412816,6.566571856067319e-5,-4.992571630704063,13.4258394241333,0.6258183549577431,0.5183628933063524,normal_flow,4087170.csv
4087170,2014-08-10,daytime,6,-0.9462828123180784,0.00425080293246411,-3.5620996234031153,12.813907623291,0.6486727770503512,0.5364797841526803,normal_flow,4087170.csv
4087170,2014-08-10,nighttime,6,-0.9863903971391024,2.765715409476781e-4,-4.59767759562777,12.813907623291,0.6486727770503512,0.5364797841526803,normal_flow,4087170.csv
4087170,2014-08-11,daytime,6,0.03952315924579983,0.9407461303019052,0.02310309359915914,19.8354034423828,0.45470777288418046,0.5530730468595009,normal_flow,4087170.csv
4087170,2014-08-11,nighttime,6,-0.5704365588777252,0.23715458164309572,-0.5678426051560269,19.8354034423828,0.45470777288418046,0.5530730468595009,normal_flow,4087170.csv
4087170,2014-08-12,daytime,6,-0.3472458124547691,0.500066671323641,-0.34876905041031936,24.7078876495361,0.36489703606713486,0.552624687537198,normal_flow,4087170.csv
4087170,2014-08-12,nighttime,6,0.8546058584923802,0.03017240802060825,0.6705924437962499,24.7078876495361,0.36489703606713486,0.552624687537198,normal_flow,4087170.csv
4087170,2014-08-13,daytime,6,-0.0696954968724319,0.8956260263150737,-0.11456055968503824,21.9027462005615,0.4137007499107249,0.538935840971313,normal_flow,4087170.csv
4087170,2014-08-13,nighttime,6,-0.543430455046865,0.26509635074971694,-1.0316455696197335,21.9027462005615,0.4137007499107249,0.538935840971313,normal_flow,4087170.csv
4087170,2014-08-14,daytime,6,0.03516639509719161,0.947272152061092,0.0601908065912103,17.2863426208496,0.5136293298416855,0.5237630440820538,normal_flow,4087170.csv
4087170,2014-08-14,nighttime,6,-0.8096303339798563,0.05091135822458738,-0.7254204398447052,17.2863426208496,0.5136293298416855,0.5237630440820538,normal_flow,4087170.csv
4087170,2014-08-15,daytime,6,0.6034004376865194,0.20474600615934557,1.2538860103621694,14.9577512741089,0.5782644923223426,0.5033011943022656,normal_flow,4087170.csv
4087170,2014-08-15,nighttime,6,-0.7402145400945742,0.09246646418723116,-0.5319148936170169,14.9577512741089,0.5782644923223426,0.5033011943022656,normal_flow,4087170.csv
4087170,2014-08-16,daytime,6,0.7481743817839708,0.0871393084040887,1.8155568650564025,14.1383094787598,0.6022497321747411,0.4856842439392136,normal_flow,4087170.csv
4087170,2014-08-16,nighttime,6,0.7463285269919667,0.08836204409462343,1.2263382861791912,14.1383094787598,0.6022497321747411,0.4856842439392136,normal_flow,4087170.csv
4087170,2014-08-17,daytime,6,-0.24816499062820907,0.6353942415618778,-0.9885734479919096,13.5451993942261,0.6223068682299726,0.4637225727095981,normal_flow,4087170.csv
4087170,2014-08-17,nighttime,6,0.31589528214832485,0.541918644916046,0.1403414224349558,13.5451993942261,0.6223068682299726,0.4637225727095981,normal_flow,4087170.csv
4087170,2014-08-18,daytime,6,0.9744820993489142,9.684367208510365e-4,2.6548288196218426,13.8309717178345,0.6127841923580526,0.4412927032496131,normal_flow,4087170.csv
4087170,2014-08-18,nighttime,6,-0.7717089011313757,0.07222633501566793,-0.5913781242833576,13.8309717178345,0.6127841923580526,0.4412927032496131,normal_flow,4087170.csv
4087170,2014-08-19,daytime,6,-0.7956191350285543,0.05838865541932643,-0.3936892313336772,19.7775764465332,0.456076657540769,0.4344522477482839,normal_flow,4087170.csv
4087170,2014-08-19,nighttime,6,-0.31094771954584893,0.5486109525295054,-0.6152346469852507,19.7775764465332,0.456076657540769,0.4344522477482839,normal_flow,4087170.csv
4087170,2014-08-20,daytime,6,0.4652646572002388,0.3524612138188879,0.4581318893830744,27.092134475708,0.32829425068444235,0.4392532635003769,normal_flow,4087170.csv
4087170,2014-08-20,nighttime,6,0.7530728093951594,0.08393160576867822,0.6602063144733052,27.092134475708,0.32829425068444235,0.4392532635003769,normal_flow,4087170.csv
4087170,2014-08-21,daytime,6,0.3588755205864334,0.48479680241656015,0.15267175572522632,24.4890422821045,0.3688251398643019,0.4475816371066936,normal_flow,4087170.csv
4087170,2014-08-21,nighttime,6,-0.7429551766441448,0.09061632373975197,-0.3724118634583604,24.4890422821045,0.3688251398643019,0.4475816371066936,normal_flow,4087170.csv
4087170,2014-08-22,daytime,6,0.39167998427302553,0.4425244654461892,0.10543456136779704,26.6131038665771,0.33472205689798834,0.45387850652700074,normal_flow,4087170.csv
4087170,2014-08-22,nighttime,6,0.25383827092675126,0.627420484403971,0.16475495307597143,26.6131038665771,0.33472205689798834,0.45387850652700074,normal_flow,4087170.csv
4087170,2014-08-23,daytime,6,0.40153817859064006,0.4300633163914797,0.4746543778802551,25.0346050262451,0.36031424830377334,0.4532317581240329,normal_flow,4087170.csv
4087170,2014-08-23,nighttime,6,0.13855790214386127,0.7934931843334185,0.07800751879690236,25.0346050262451,0.36031424830377334,0.4532317581240329,normal_flow,4087170.csv
4087170,2014-08-24,daytime,6,0.9756660349822494,8.810082006535425e-4,0.9862022166931438,29.4523048400879,0.2963932865135103,0.4493234932349324,normal_flow,4087170.csv
4087170,2014-08-24,nighttime,6,-0.8163656625902379,0.04748613574359249,-1.2088839356793148,29.4523048400879,0.2963932865135103,0.4493234932349324,normal_flow,4087170.csv
4087170,2014-08-25,daytime,6,0.5704615092054114,0.2371293348593768,0.5562275253350579,28.2180767059326,0.3122247351505773,0.4486569059238979,normal_flow,4087170.csv
4087170,2014-08-25,nighttime,6,0.8897943650934059,0.01754868369270292,2.1370527592489807,28.2180767059326,0.3122247351505773,0.4486569059238979,normal_flow,4087170.csv
4087170,2014-08-26,daytime,6,-0.623822983945617,0.1856474767032776,-1.6176470588237903,25.4750595092773,0.35210094036424233,0.45290640003174226,normal_flow,4087170.csv
4087170,2014-08-26,nighttime,6,0.9408812592579644,0.00513922750697069,0.9356768885564394,25.4750595092773,0.35210094036424233,0.45290640003174226,normal_flow,4087170.csv
4087170,2014-08-27,daytime,6,-0.6154598421394436,0.19337550509628568,-10.416666666664833,20.7411613464355,0.4369122723485299,0.47237233662659206,normal_flow,4087170.csv
4087170,2014-08-27,nighttime,6,0.740327677050263,0.09238975755447988,0.09827732279016473,20.7411613464355,0.4369122723485299,0.47237233662659206,normal_flow,4087170.csv
4087170,2014-08-28,daytime,6,0.9105029476357982,0.01165616030110407,0.4574222612899784,16.4066028594971,0.5386263540054755,0.495794151489902,normal_flow,4087170.csv
4087170,2014-08-28,nighttime,6,0.6399660476978042,0.17110206926545343,0.6730769230769313,16.4066028594971,0.5386263540054755,0.495794151489902,normal_flow,4087170.csv
4087170,2014-08-29,daytime,6,0.7293215737152833,0.09998434320739476,5.589552238808386,13.9827575683594,0.6080823711462922,0.509006864262191,normal_flow,4087170.csv
4087170,2014-08-29,nighttime,6,0.4403854498916971,0.3821258578969052,0.3254113345520547,13.9827575683594,0.6080823711462922,0.509006864262191,normal_flow,4087170.csv
4087170,2014-08-30,daytime,6,-0.21257457656663015,0.685941039882673,-0.5798387096775272,15.2686977386475,0.568563266277824,0.5290520969725826,normal_flow,4087170.csv
4087170,2014-08-30,nighttime,6,-0.778183404109576,0.06834692645276914,-0.3054849255357727,15.2686977386475,0.568563266277824,0.5290520969725826,normal_flow,4087170.csv
4087170,2014-09-04,daytime,6,-0.5961199274188665,0.2117383899376243,-0.35107320012982324,11.9720840454102,0.6796214736340912,0.6504741499027894,normal_flow,4087170.csv
4087170,2014-09-04,nighttime,6,-0.935855481161278,0.00603981701529574,-0.23092832545681383,11.9720840454102,0.6796214736340912,0.6504741499027894,normal_flow,4087170.csv
4087170,2014-09-05,daytime,6,-0.9199023598748938,0.0093665094407188,-0.30712785243590274,15.3183689117432,0.5670158314486371,0.6595722731420862,normal_flow,4087170.csv
4087170,2014-09-05,nighttime,6,-0.9737533204197304,0.00102429176970248,-0.46483563053697025,15.3183689117432,0.5670158314486371,0.6595722731420862,normal_flow,4087170.csv
4087170,2014-09-06,daytime,6,-0.9564710107927956,0.00280092057751379,-0.2434166366903187,13.1742029190063,0.6354005475538627,0.6632424711343887,normal_flow,4087170.csv
4087170,2014-09-06,nighttime,6,-0.9578555743571476,0.00262680145328932,-0.5267347751095507,13.1742029190063,0.6354005475538627,0.6632424711343887,normal_flow,4087170.csv
4087170,2014-09-07,daytime,6,-0.8690612355815664,0.02459497010014176,-0.15710991712166206,10.8406839370728,0.7185454112605643,0.6696940840376145,normal_flow,4087170.csv
4087170,2014-09-07,nighttime,6,-0.9245228200632892,0.00833021766042697,-0.4758637588826167,10.8406839370728,0.7185454112605643,0.6696940840376145,normal_flow,4087170.csv
4087170,2014-09-08,daytime,6,0.8638683762734052,0.02653634516358767,0.35934962650210917,9.32470321655273,0.7735388644209023,0.6807602269571082,normal_flow,4087170.csv
4087170,2014-09-08,nighttime,6,-0.980174999340698,5.85650060252993e-4,-0.2700901976806166,9.32470321655273,0.7735388644209023,0.6807602269571082,normal_flow,4087170.csv
4087170,2014-09-09,daytime,6,-0.6952495021589342,0.12515777283685206,-0.09941465960778569,8.33970737457275,0.8098440661825973,0.6852200134904575,normal_flow,4087170.csv
4087170,2014-09-09,nighttime,6,-0.4794175265065423,0.3359686515803051,-0.13202088181645905,8.33970737457275,0.8098440661825973,0.6852200134904575,normal_flow,4087170.csv
4087170,2014-09-10,daytime,6,-0.9042649456862636,0.01330908544689192,-0.18444344567168644,11.5035457611084,0.6965242233067492,0.6861286354799032,normal_flow,4087170.csv
4087170,2014-09-10,nighttime,6,-0.7235348470941021,0.10408394329892937,-0.4288862580821334,11.5035457611084,0.6965242233067492,0.6861286354799032,normal_flow,4087170.csv
4087170,2014-09-11,daytime,6,-0.8695617865983652,0.02441154507526673,-0.49175531914890575,14.8743333816528,0.5808237114629211,0.6860254731579574,normal_flow,4087170.csv
4087170,2014-09-11,nighttime,6,-0.9460309535453972,0.0042903902760431,-0.5341850220264549,14.8743333816528,0.5808237114629211,0.6860254731579574,normal_flow,4087170.csv
4087170,2014-09-12,daytime,6,-0.5258511771116328,0.2839272762236809,-0.27707808564231995,12.0877370834351,0.6750982025949291,0.6928262508431536,normal_flow,4087170.csv
4087170,2014-09-12,nighttime,6,-0.9960011052544256,2.395476529805076e-5,-0.39770299145297594,12.0877370834351,0.6750982025949291,0.6928262508431536,normal_flow,4087170.csv
4087170,2014-09-13,daytime,6,-0.9780687777305844,7.161935420384315e-4,-0.5722620436738693,12.3960752487183,0.6631353410308297,0.7093123834464151,normal_flow,4087170.csv
4087170,2014-09-13,nighttime,6,-0.9263289611104272,0.00794121104905305,-0.6200728856867195,12.3960752487183,0.6631353410308297,0.7093123834464151,normal_flow,4087170.csv
4087170,2014-09-14,daytime,6,-0.8355856525654657,0.03832588576080446,-0.8233373752449018,12.3445329666138,0.6653374598262112,0.7150180534063405,normal_flow,4087170.csv
4087170,2014-09-14,nighttime,6,-0.8787161666869666,0.02117262379603337,-0.8337349397590331,12.3445329666138,0.6653374598262112,0.7150180534063405,normal_flow,4087170.csv
4087170,2014-09-15,daytime,6,-0.8190981477519794,0.04612817023301921,-0.30785249457702374,11.1247081756592,0.7096179026306392,0.7157362218783478,normal_flow,4087170.csv
4087170,2014-09-15,nighttime,6,-0.9591279900952656,0.00247164301109252,-0.6807933329026775,11.1247081756592,0.7096179026306392,0.7157362218783478,normal_flow,4087170.csv
4087170,2014-09-16,daytime,6,-0.907881871127708,0.01233777880970009,-0.24522167487686403,11.9787969589233,0.6792048565646946,0.7183113121453795,normal_flow,4087170.csv
4087170,2014-09-16,nighttime,6,-0.8623599186448416,0.02711340663742644,-0.3992452830188461,11.9787969589233,0.6792048565646946,0.7183113121453795,normal_flow,4087170.csv
4087170,2014-09-17,daytime,6,-0.8689218158509835,0.02464617626103679,-0.47585906916048576,11.6886940002441,0.6901559338174027,0.7204420108717217,normal_flow,4087170.csv
4087170,2014-09-17,nighttime,6,-0.958264386050317,0.00257644337866591,-0.7271093000959576,11.6886940002441,0.6901559338174027,0.7204420108717217,normal_flow,4087170.csv
4087170,2014-09-18,daytime,6,-0.940081362406565,0.00527780345805914,-1.0036532713383024,10.1028175354004,0.7465182716343293,0.7291076459151689,normal_flow,4087170.csv
4087170,2014-09-18,nighttime,6,-0.765443391272278,0.07607292671484957,-0.5027373985274963,10.1028175354004,0.7465182716343293,0.7291076459151689,normal_flow,4087170.csv
4087170,2014-09-19,daytime,6,-0.16868412062971813,0.7493737160877951,-0.12857142857125653,9.10547637939453,0.7816331389120342,0.7454906161964845,normal_flow,4087170.csv
4087170,2014-09-19,nighttime,6,-0.973292455482692,0.00106041424981971,-1.5172413793105464,9.10547637939453,0.7816331389120342,0.7454906161964845,normal_flow,4087170.csv
4087170,2014-09-20,daytime,6,-0.857895013790147,0.02885591889736376,-0.7543343653250695,8.21064376831055,0.8143078204975598,0.7576478990596357,low_flow,4087170.csv
4087170,2014-09-20,nighttime,6,-0.7964220499259876,0.05794743221007565,-0.5067541489772317,8.21064376831055,0.8143078204975598,0.7576478990596357,low_flow,4087170.csv
4087170,2014-09-21,daytime,6,-0.9178074981675584,0.00985578090115958,-0.3951862091397873,10.7863836288452,0.7209855969527437,0.7730547950640797,low_flow,4087170.csv
4087170,2014-09-21,nighttime,6,-0.9316918035144308,0.00683965120672825,-0.3644501940491688,10.7863836288452,0.7209855969527437,0.7730547950640797,low_flow,4087170.csv
4087170,2014-09-22,daytime,6,-0.7526288871494845,0.0842200768209332,-0.30266729059422187,10.5274839401245,0.7293179383406737,0.7901797405070825,low_flow,4087170.csv
4087170,2014-09-22,nighttime,6,0.5709891614908772,0.2365956626667697,0.386404293381049,10.5274839401245,0.7293179383406737,0.7901797405070825,low_flow,4087170.csv
4087170,2014-09-25,daytime,6,0.6000290452822772,0.20797211728829149,0.485684210526338,7.88868951797485,0.8265087489584573,0.8345197000357101,low_flow,4087170.csv
4087170,2014-09-25,nighttime,6,0.7708472046441849,0.07274998379591549,0.32681297709924984,7.88868951797485,0.8265087489584573,0.8345197000357101,low_flow,4087170.csv
4087170,2014-09-26,daytime,6,0.46287221501195086,0.35527702261136845,2.9687951459113977,7.88801050186157,0.8265682656826568,0.8239812720707852,low_flow,4087170.csv
4087170,2014-09-26,nighttime,6,-0.808124167556652,0.0516924201436478,-3.0363402585096164,7.88801050186157,0.8265682656826568,0.8239812720707852,low_flow,4087170.csv
4087170,2014-09-27,daytime,6,0.9323153798664652,0.00671677304899474,0.4692745987011718,7.01452875137329,0.8574574455421974,0.8006586517478078,low_flow,4087170.csv
4087170,2014-09-27,nighttime,6,0.5184878590622297,0.29196066883825583,1.282880511422431,7.01452875137329,0.8574574455421974,0.8006586517478078,low_flow,4087170.csv
4087170,2014-09-28,daytime,6,-0.6708492151279604,0.14468022139284942,-0.6034234905761087,5.74087333679199,0.8942387810974884,0.7797920882434631,low_flow,4087170.csv
4087170,2014-09-28,nighttime,6,-0.8611376159807046,0.02758531741352532,-0.3880348212631869,5.74087333679199,0.8942387810974884,0.7797920882434631,low_flow,4087170.csv
4087170,2014-09-29,daytime,6,-0.8112962410378918,0.05005387664220848,-1.2288746975872613,4.54101514816284,0.9222116414712536,0.7682775860016665,low_flow,4087170.csv
4087170,2014-09-29,nighttime,6,-0.4234304737925867,0.4028134267965823,-0.25509457623567616,4.54101514816284,0.9222116414712536,0.7682775860016665,low_flow,4087170.csv
4087170,2014-09-30,daytime,6,-0.5723937190453726,0.23517740632326997,-0.5701525865277305,4.04143810272217,0.934293536483752,0.7585406499226283,low_flow,4087170.csv
4087170,2014-09-30,nighttime,6,-0.8617103178013394,0.02736372585950274,-0.9019292604501942,4.04143810272217,0.934293536483752,0.7585406499226283,low_flow,4087170.csv
4087170,2014-10-01,daytime,6,0.7334731013004603,0.09708830088460212,1.177023121387588,5.75905132293701,0.8939411974764909,0.7479268341070507,normal_flow,4087170.csv
4087170,2014-10-01,nighttime,6,-0.6901705327572799,0.1291205169344422,-0.8265424912688596,5.75905132293701,0.8939411974764909,0.7479268341070507,normal_flow,4087170.csv
4087170,2014-10-02,daytime,6,-0.8829546388657573,0.01974768656055679,-0.5318396226415111,4.81480979919434,0.9158433519819068,0.7420426139745269,normal_flow,4087170.csv
4087170,2014-10-02,nighttime,6,-0.12567728747841975,0.8124765913726745,-0.2108643296762535,4.81480979919434,0.9158433519819068,0.7420426139745269,normal_flow,4087170.csv
4087170,2014-10-03,daytime,6,0.6311257313097506,0.17900630545501509,0.7090252707581198,14.6043853759766,0.5884418521604571,0.743764631194699,normal_flow,4087170.csv
4087170,2014-10-03,nighttime,6,-0.9492244458394054,0.00380178167780998,-0.5488776249095352,14.6043853759766,0.5884418521604571,0.743764631194699,normal_flow,4087170.csv
4087170,2014-10-04,daytime,6,0.4858442117404544,0.32857413323461726,0.3376259798432243,21.0069522857666,0.431793834067373,0.749371106614292,normal_flow,4087170.csv
4087170,2014-10-04,nighttime,6,-0.5840669345137355,0.22352219678050209,-0.1438686203166278,21.0069522857666,0.431793834067373,0.749371106614292,normal_flow,4087170.csv
4087170,2014-10-05,daytime,6,-0.05466478802302148,0.918084493692572,-0.10332103321046658,17.830940246582,0.501309367932389,0.7552791334364957,normal_flow,4087170.csv
4087170,2014-10-05,nighttime,6,-0.866103908076969,0.02569198963892259,-0.39842273884828977,17.830940246582,0.501309367932389,0.7552791334364957,normal_flow,4087170.csv
4087170,2014-10-06,daytime,6,0.5451315146636035,0.26330064935973413,0.17366327883338473,16.0246391296387,0.5482680633257946,0.7587866523826529,normal_flow,4087170.csv
4087170,2014-10-06,nighttime,6,-0.9119505289318672,0.01128775305402395,-0.7557630024766028,16.0246391296387,0.5482680633257946,0.7587866523826529,normal_flow,4087170.csv
4087170,2014-10-07,daytime,6,0.4336044868374152,0.3903548776334253,0.13915624718895503,14.7895526885986,0.5832638971551006,0.7288537078919176,normal_flow,4087170.csv
4087170,2014-10-07,nighttime,6,-0.1131789305745854,0.8309564852144841,-0.10149041873670732,14.7895526885986,0.5832638971551006,0.7288537078919176,normal_flow,4087170.csv
4087170,2014-10-08,daytime,6,-0.47056167108679703,0.34625532558247013,-0.48405253283322586,12.6821222305298,0.6529579811927152,0.6903741618061342,normal_flow,4087170.csv
4087170,2014-10-08,nighttime,6,0.7530184729294402,0.0839668909671571,0.7830508474579472,12.6821222305298,0.6529579811927152,0.6903741618061342,normal_flow,4087170.csv
4087170,2014-10-09,daytime,6,-0.8297009106850199,0.04103318138620884,-0.6435711040437055,9.87722206115723,0.7535412450898703,0.6576994802206086,normal_flow,4087170.csv
4087170,2014-10-09,nighttime,6,-0.9542947496323948,0.0030857164203481,-1.0759895983821255,9.87722206115723,0.7535412450898703,0.6576994802206086,normal_flow,4087170.csv
4087170,2014-10-10,daytime,6,-0.5532299783726947,0.25481675900360057,-1.0372148859551047,7.16637516021729,0.8523390072610404,0.6241082410824108,normal_flow,4087170.csv
4087170,2014-10-10,nighttime,6,-0.6564115446630534,0.15679871142555638,-1.040792079208045,7.16637516021729,0.8523390072610404,0.6241082410824108,normal_flow,4087170.csv
4087170,2014-10-11,daytime,6,-0.57461945709442,0.23293690123470875,-0.7383720930231763,5.02017450332642,0.9106653969765504,0.6127167400706265,normal_flow,4087170.csv
4087170,2014-10-11,nighttime,6,0.7777974727252084,0.06857543499672702,2.5817223198592547,5.02017450332642,0.9106653969765504,0.6127167400706265,normal_flow,4087170.csv
4087170,2014-10-12,daytime,6,0.9139663600972544,0.01078427944529091,1.6102594339624534,3.5170910358429,0.946077847875253,0.6135539419910329,normal_flow,4087170.csv
4087170,2014-10-12,nighttime,6,-0.27227370283402025,0.6016816747695324,-0.3379542899960869,3.5170910358429,0.946077847875253,0.6135539419910329,normal_flow,4087170.csv
4087170,2014-10-13,daytime,6,0.629122616958609,0.1808179516926352,0.9210526315790586,3.46348428726196,0.9468515652898464,0.6153235725905646,normal_flow,4087170.csv
4087170,2014-10-13,nighttime,6,NA,NA,NA,3.46348428726196,0.9468515652898464,0.6153235725905646,normal_flow,4087170.csv
4087170,2014-10-14,daytime,6,-0.27161642671089997,0.6025946765045166,-0.2735674676527569,19.0100498199463,0.47321747411022497,0.6197397135261675,normal_flow,4087170.csv
4087170,2014-10-14,nighttime,6,0.9594729024087604,0.00243038668140133,1.1340782122904338,19.0100498199463,0.47321747411022497,0.6197397135261675,normal_flow,4087170.csv
4087170,2014-10-15,daytime,6,0.930440771516336,0.00708944871497474,1.3396032191655096,25.2451057434082,0.35710034519700035,0.628131571638297,normal_flow,4087170.csv
4087170,2014-10-15,nighttime,6,-0.38093545992565936,0.456235929939318,-0.4210195091250155,25.2451057434082,0.35710034519700035,0.628131571638297,normal_flow,4087170.csv
4087170,2014-10-16,daytime,6,0.7388107194369541,0.09342061491999662,2.129675810475006,22.4833183288574,0.4038209736936079,0.6382414791889854,normal_flow,4087170.csv
4087170,2014-10-16,nighttime,6,0.6245350568875424,0.18499550217481847,1.4427917620136446,22.4833183288574,0.4038209736936079,0.6382414791889854,normal_flow,4087170.csv
4087170,2014-10-17,daytime,6,-0.3522992454370055,0.4934138996990855,-2.4500000000024267,21.9895572662354,0.4119747649089394,0.6446018331151053,normal_flow,4087170.csv
4087170,2014-10-17,nighttime,6,0.8094540049713169,0.05100251365850689,0.6998597475458405,21.9895572662354,0.4119747649089394,0.6446018331151053,normal_flow,4087170.csv
4087170,2014-10-18,daytime,6,0.9584545740950248,0.00255317945229087,3.8888888888890216,21.7178325653076,0.4175693369836924,0.6464309804388366,normal_flow,4087170.csv
4087170,2014-10-18,nighttime,6,-0.6071876708949282,0.2011465179594027,-0.8448844884488795,21.7178325653076,0.4175693369836924,0.6464309804388366,normal_flow,4087170.csv
4087170,2014-10-19,daytime,6,-0.11391468706261898,0.8298670795599485,-0.08755760368660453,20.3319816589355,0.44435186287346745,0.6469190175772725,normal_flow,4087170.csv
4087170,2014-10-19,nighttime,6,0.9580632393627144,0.00260116091865301,1.5105719237433235,20.3319816589355,0.44435186287346745,0.6469190175772725,normal_flow,4087170.csv
4087170,2014-10-20,daytime,6,-0.963139226752872,0.00201303323423376,-2.2228915662649564,16.7884769439697,0.527853826925366,0.6456136174264968,normal_flow,4087170.csv
4087170,2014-10-20,nighttime,6,-0.7463274882357189,0.08836273433958824,-0.497064579256317,16.7884769439697,0.527853826925366,0.6456136174264968,normal_flow,4087170.csv
4087170,2014-10-21,daytime,6,-0.571062105253823,0.2365219242115516,-0.7819856704192838,13.7755851745605,0.61451017735983815,0.6437606634130858,normal_flow,4087170.csv
4087170,2014-10-21,nighttime,6,-0.1978582236806012,0.7070855291492906,-0.31712560139208,13.7755851745605,0.61451017735983815,0.6437606634130858,normal_flow,4087170.csv
4087170,2014-10-22,daytime,6,0.7541267346756387,0.08324852418960063,4.662162162160692,11.1455793380737,0.7091417688370432,0.6743720985596953,normal_flow,4087170.csv
4087170,2014-10-22,nighttime,6,-0.07785404674267431,0.883454876407383,-0.05733944954122634,11.1455793380737,0.7091417688370432,0.6743720985596953,normal_flow,4087170.csv
4087170,2014-10-23,daytime,6,0.9764495934138472,8.254016928757792e-4,1.2516129032251269,8.48226833343506,0.8046065944530413,0.712934968059358,normal_flow,4087170.csv
4087170,2014-10-23,nighttime,6,0.04910766901375436,0.9263977096020029,0.04321521175475288,8.48226833343506,0.8046065944530413,0.712934968059358,normal_flow,4087170.csv
4087170,2014-10-24,daytime,6,0.8399149299495766,0.03638957605247012,0.8208955223879789,7.27282094955444,0.84894655398166885,0.7485339046938857,normal_flow,4087170.csv
4087170,2014-10-24,nighttime,6,-0.9621990587351308,0.00211635964733957,-0.9492656875830324,7.27282094955444,0.84894655398166885,0.7485339046938857,normal_flow,4087170.csv
4087170,2014-10-25,daytime,6,-0.8642880137167454,0.02637686057373464,-0.8245363766048197,6.32197570800781,0.8797762171170099,0.7828076022695711,low_flow,4087170.csv
4087170,2014-10-25,nighttime,6,-0.43289628497868887,0.39121777987950823,-0.4062499999999793,6.32197570800781,0.8797762171170099,0.7828076022695711,low_flow,4087170.csv
4087170,2014-10-26,daytime,6,0.2906099687858505,0.5763566563439675,0.5339805825238412,4.72225713729858,0.9179859540530888,0.817616950363052,low_flow,4087170.csv
4087170,2014-10-26,nighttime,6,0.9742785792574368,9.838786910510453e-4,0.8437499999999539,4.72225713729858,0.9179859540530888,0.817616950363052,low_flow,4087170.csv
4087170,2014-10-27,daytime,6,-0.9368421310069224,0.00585740889341511,-0.47684605757206094,4.36645078659058,0.9264968456136174,0.8509145736618656,low_flow,4087170.csv
4087170,2014-10-27,nighttime,6,1.1863428570099292e-12,0.9999999999982204,1.7305672011765828e-12,4.36645078659058,0.9264968456136174,0.8509145736618656,low_flow,4087170.csv
4087170,2014-10-28,daytime,6,-0.7095285671411294,0.1143064119748046,-0.13424821002383489,4.67605686187744,0.91905725508868,0.8767329286196088,low_flow,4087170.csv
4087170,2014-10-28,nighttime,6,0.998267003805679,4.502311381522452e-6,0.48692438885727546,4.67605686187744,0.91905725508868,0.8767329286196088,low_flow,4087170.csv
4087170,2014-10-29,daytime,6,0.4011722597322391,0.43052377805856223,0.143878491309462,4.10333061218262,0.932389001309368,0.8906400031742253,low_flow,4087170.csv
4087170,2014-10-29,nighttime,6,0.426667329173772,0.3988353352963779,0.5446428571423702,4.10333061218262,0.932389001309368,0.8906400031742253,low_flow,4087170.csv
4087170,2014-10-30,daytime,6,0.08269703574443656,0.87623722061583,0.05861828332188702,3.97008562088013,0.9355433876919416,0.8997976431377217,low_flow,4087170.csv
4087170,2014-10-30,nighttime,6,0.7760498194454443,0.06961456183248656,0.6124783362216061,3.97008562088013,0.9355433876919416,0.8997976431377217,low_flow,4087170.csv
4087170,2014-10-31,daytime,6,-0.3750490583766443,0.4638039495401984,-0.5587668593448668,3.87795352935791,0.9378050232115224,0.9012895290243224,low_flow,4087170.csv
4087170,2014-10-31,nighttime,6,0.9417313384970007,0.00499393741481337,0.22307469000124508,3.87795352935791,0.9378050232115224,0.9012895290243224,low_flow,4087170.csv
4087170,2014-11-01,daytime,6,0.9604612601728654,0.00231406222850388,1.351724137930987,4.38254404067993,0.9260802285442208,0.9006626195294211,low_flow,4087170.csv
4087170,2014-11-01,nighttime,6,-0.3982456830397231,0.43421228324717975,-0.09868421052614826,4.38254404067993,0.9260802285442208,0.9006626195294211,low_flow,4087170.csv
4087170,2014-11-03,daytime,6,-0.9256633137939544,0.00808352423187093,-0.9486404833834318,3.61170935630798,0.943816212355672,0.8900964170932032,low_flow,4087170.csv
4087170,2014-11-03,nighttime,6,-0.9591711193955516,0.00246646541634606,-0.5749365921143325,3.61170935630798,0.943816212355672,0.8900964170932032,low_flow,4087170.csv
4087170,2014-11-04,daytime,6,-0.9150482632243584,0.01051865662755637,-0.6848847139197779,4.85339879989624,0.915129151291513,0.8799825417609015,low_flow,4087170.csv
4087170,2014-11-04,nighttime,6,-0.9917832722582872,1.0099454756802368e-4,-0.7824581650317305,4.85339879989624,0.915129151291513,0.8799825417609015,low_flow,4087170.csv
4087170,2014-11-05,daytime,6,-0.922908334181896,0.00868560470707404,-1.023468057366109,7.980149269104,0.8231162956790858,0.8648295837797088,low_flow,4087170.csv
4087170,2014-11-05,nighttime,6,-0.9940679368124508,5.267968769757128e-5,-0.6191950464397059,7.980149269104,0.8231162956790858,0.8648295837797088,low_flow,4087170.csv
4087170,2014-11-06,daytime,6,0.2296957482963152,0.6615157671050969,0.1011235955055121,7.33004331588745,0.8465063682894893,0.8495655279133436,low_flow,4087170.csv
4087170,2014-11-06,nighttime,6,-0.7643898504566481,0.0767286017458205,-0.3658031088083451,7.33004331588745,0.8465063682894893,0.8495655279133436,low_flow,4087170.csv
4087170,2014-11-07,daytime,6,-0.9648722127828732,0.00182926898480019,-0.9192634560906906,7.87567472457886,0.8269848827520533,0.8363964607388009,low_flow,4087170.csv
4087170,2014-11-07,nighttime,6,-0.9473310436185096,0.00408797610750384,-0.3554603854389541,7.87567472457886,0.8269848827520533,0.8363964607388009,low_flow,4087170.csv
4087170,2014-11-08,daytime,6,-0.8995003581065467,0.01464273489399766,-0.39013898080740866,7.5515661239624,0.8395429115581479,0.8263619410387653,low_flow,4087170.csv
4087170,2014-11-08,nighttime,6,-0.21599589241424877,0.6810447219188123,-0.20527859237537607,7.5515661239624,0.8395429115581479,0.8263619410387653,low_flow,4087170.csv
4087170,2014-11-09,daytime,6,-0.9726916412263956,0.00110843713243483,-0.5153583617747621,8.02077674865723,0.8218664444708963,0.8217394754592707,low_flow,4087170.csv
4087170,2014-11-09,nighttime,6,-0.9681152208790004,0.00150875105218652,-0.7855269184327857,8.02077674865723,0.8218664444708963,0.8217394754592707,low_flow,4087170.csv
4087170,2014-11-10,daytime,6,-0.15398202524975185,0.7708524547662381,-0.40845070422550805,8.13519096374512,0.8174026901559338,0.819600841169702,low_flow,4087170.csv
4087170,2014-11-10,nighttime,6,-0.2485949238097941,0.6347891273451616,-0.23109243697478252,8.13519096374512,0.8174026901559338,0.819600841169702,low_flow,4087170.csv
4087170,2014-11-11,daytime,6,-0.49370725378763247,0.3196089138879407,-0.8198757763977025,9.28983306884766,0.7747887156290918,0.8194857755029163,low_flow,4087170.csv
4087170,2014-11-11,nighttime,6,-0.45991207277931007,0.35877198806537347,-0.25892857142856734,9.28983306884766,0.7747887156290918,0.8194857755029163,low_flow,4087170.csv
4087170,2014-11-12,daytime,6,-0.8468067861349821,0.03340465967518222,-0.35357492654259204,11.6334428787231,0.6917628853707892,0.8225092250922509,low_flow,4087170.csv
4087170,2014-11-12,nighttime,6,0.8878264529938421,0.01816862244891405,0.22619439868204633,11.6334428787231,0.6917628853707892,0.8225092250922509,low_flow,4087170.csv
4087170,2014-11-13,daytime,6,0.36964920870804013,0.470780720219817,0.40241977906367943,11.3166885375977,0.7034281633138912,0.8325040669761536,low_flow,4087170.csv
4087170,2014-11-13,nighttime,6,-0.873521955912358,0.02298342806638506,-0.20673076923082567,11.3166885375977,0.7034281633138912,0.8325040669761536,low_flow,4087170.csv
4087170,2014-11-14,daytime,6,-0.8947434770566927,0.01603533831242418,-0.8453608247423947,10.3180494308472,0.7380073800738007,0.8414712534222116,low_flow,4087170.csv
4087170,2014-11-14,nighttime,6,-0.3767400950813643,0.4616258020297497,-0.1241914618366989,10.3180494308472,0.7380073800738007,0.8414712534222116,low_flow,4087170.csv
4087170,2014-11-15,daytime,6,-0.609479528474465,0.1989809539007367,-0.4249999999995391,8.95698547363281,0.7872872277109868,0.851275641788676,low_flow,4087170.csv
4087170,2014-11-15,nighttime,6,-0.9985704726348394,3.0638620773716463e-6,-0.427641865170571,8.95698547363281,0.7872872277109868,0.851275641788676,low_flow,4087170.csv
4087170,2014-11-16,daytime,6,-0.1505846504845081,0.775830333235654,-0.07407407407416579,7.03419923782349,0.8567432448518033,0.8590207514978375,low_flow,4087170.csv
4087170,2014-11-16,nighttime,6,-0.36121834393609015,0.4817381326167236,-0.38997821350750234,7.03419923782349,0.8567432448518033,0.8590207514978375,low_flow,4087170.csv
4087170,2014-11-17,daytime,6,-0.9686893741548892,0.00145518516736582,-0.6241929358146033,5.16628837585449,0.907630044042376,0.8463873348410903,low_flow,4087170.csv
4087170,2014-11-17,nighttime,6,-0.916902118449879,0.01007098072490051,-0.42801081826378434,5.16628837585449,0.907630044042376,0.8463873348410903,low_flow,4087170.csv
4087170,2014-11-18,daytime,6,-0.9968243432165478,1.51111810840056e-5,-0.7180544105523127,3.70596218109131,0.9420902273538864,0.8204658175614015,low_flow,4087170.csv
4087170,2014-11-18,nighttime,6,-0.9432404344395462,0.00474104274546238,-0.20869565217386415,3.70596218109131,0.9420902273538864,0.8204658175614015,low_flow,4087170.csv
4087170,2014-11-19,daytime,6,NA,NA,1.5068034237225197e-14,2.69736242294312,0.960480895131532,0.7992778637463794,low_flow,4087170.csv
4087170,2014-11-19,nighttime,6,-0.9894004111685992,1.679314863878061e-4,-0.4367610701784245,2.69736242294312,0.960480895131532,0.7992778637463794,low_flow,4087170.csv
4087170,2014-11-20,daytime,6,-0.33196735469075,0.5203407550497342,-0.1159420289854425,2.0512490272522,0.9730389239376264,0.7829623457524898,low_flow,4087170.csv
4087170,2014-11-20,nighttime,6,-0.9889822081391308,1.8141887178550712e-4,-0.5201774526209113,2.0512490272522,0.9730389239376264,0.7829623457524898,low_flow,4087170.csv
4087170,2014-11-21,daytime,6,-0.879987248194081,0.02074031542576522,-0.7711864406777834,1.6556715965271,0.9810141649803594,0.7668055390231322,low_flow,4087170.csv
4087170,2014-11-21,nighttime,6,-0.9537167624440234,0.00316363457520822,-0.5854006782080469,1.6556715965271,0.9810141649803594,0.7668055390231322,low_flow,4087170.csv
4087170,2014-11-22,daytime,6,0.7329657795345771,0.09744017106620312,0.3241663801994911,2.00860142707825,0.974050708249018,0.7536245685037496,low_flow,4087170.csv
4087170,2014-11-22,nighttime,6,-0.409644015186454,0.4199047935630176,-0.04794520547923927,2.00860142707825,0.974050708249018,0.7536245685037496,low_flow,4087170.csv
4087170,2014-11-23,daytime,6,-0.936434263658401,0.00593248230768672,-0.8141592920354035,2.94545793533325,0.955719557195572,0.7409911518470024,normal_flow,4087170.csv
4087170,2014-11-23,nighttime,6,0.8666889127218359,0.0254731769309102,0.8758893280630741,2.94545793533325,0.955719557195572,0.7409911518470024,normal_flow,4087170.csv
4087170,2014-11-24,daytime,6,0.9847423479795,3.474179580063369e-4,0.687860715659793,13.2702741622925,0.6323651946196881,0.7289568702138635,normal_flow,4087170.csv
4087170,2014-11-24,nighttime,6,-0.8929010008345689,0.01659107019766885,-0.3449477351918237,13.2702741622925,0.6323651946196881,0.7289568702138635,normal_flow,4087170.csv
4087170,2014-11-25,daytime,6,-0.17074959760466038,0.7463647421433948,-0.03967049642319463,21.1595706939697,0.42857993096059993,0.7185454112605643,normal_flow,4087170.csv
4087170,2014-11-25,nighttime,6,0.668043761328174,0.14700246695901945,0.3629764065334981,21.1595706939697,0.42857993096059993,0.7185454112605643,normal_flow,4087170.csv
4087170,2014-11-26,daytime,6,-0.962194174798092,0.0021169030659495,-0.6757322175731789,19.7338695526123,0.45696940840376143,0.7050589215569575,normal_flow,4087170.csv
4087170,2014-11-26,nighttime,6,-0.9222183827868824,0.00883968135110059,-0.4880772362452801,19.7338695526123,0.45696940840376143,0.7050589215569575,normal_flow,4087170.csv
4087170,2014-11-27,daytime,6,-0.9381615769285994,0.0056177510786551,-1.275646045419096,20.1869411468506,0.4470301154624449,0.693373804705789,normal_flow,4087170.csv
4087170,2014-11-27,nighttime,6,NA,NA,6.230789294940873e-14,20.1869411468506,0.4470301154624449,0.693373804705789,normal_flow,4087170.csv
4087170,2014-11-28,daytime,6,-0.9293824851760034,0.00730417120910433,-0.7863636363635195,19.5269737243652,0.46107606237352694,0.6859262786176249,normal_flow,4087170.csv
4087170,2014-11-28,nighttime,6,-0.10754617100366608,0.8393026926212883,-0.38926174496619115,19.5269737243652,0.46107606237352694,0.6859262786176249,normal_flow,4087170.csv
4087170,2014-11-29,daytime,6,-0.4812040192224441,0.3339071248391687,-0.1920873124145259,16.333044052124,0.5402928222830615,0.6812998452565171,normal_flow,4087170.csv
4087170,2014-11-29,nighttime,6,-0.8916681643887844,0.01696800025760991,-1.2115384615387188,16.333044052124,0.5402928222830615,0.6812998452565171,normal_flow,4087170.csv
4087170,2014-11-30,daytime,6,-0.9276996195613576,0.00765204800084829,-0.840159840159724,14.2978401184082,0.5977859778597786,0.6792445343808277,normal_flow,4087170.csv
4087170,2014-11-30,nighttime,6,-0.7821750141807359,0.06600393671831416,-0.9887640449433818,14.2978401184082,0.5977859778597786,0.6792445343808277,normal_flow,4087170.csv
4087170,2014-12-01,daytime,6,-0.8014210519401341,0.05523505665349546,-0.2192737430166776,12.0593147277832,0.6762290203547197,0.6783002023568623,normal_flow,4087170.csv
4087170,2014-12-01,nighttime,6,-0.01063807400044924,0.98404349094739485,-0.00165637705166189,12.0593147277832,0.6762290203547197,0.6783002023568623,normal_flow,4087170.csv
4087170,2014-12-02,daytime,6,0.7916465782591021,0.0605942918763797,0.5467889908252026,9.94552040100098,0.7514581597428878,0.6985001785501725,normal_flow,4087170.csv
4087170,2014-12-02,nighttime,6,0.3122180425614151,0.5468904601156255,0.4456233421753902,9.94552040100098,0.7514581597428878,0.6985001785501725,normal_flow,4087170.csv
4087170,2014-12-03,daytime,6,0.6856545206944443,0.1326888979860732,0.2599049128367095,10.2665348052979,0.7397928817997858,0.7337380470578899,normal_flow,4087170.csv
4087170,2014-12-03,nighttime,6,-0.30162205769333617,0.5612870773644929,-0.10703043022033616,10.2665348052979,0.7397928817997858,0.7337380470578899,normal_flow,4087170.csv
4087170,2014-12-04,daytime,6,0.05379246774277083,0.919389126123922,0.07368421052590904,9.00871658325195,0.7852041423640043,0.7676705154148316,low_flow,4087170.csv
4087170,2014-12-04,nighttime,6,-0.9858441822434524,2.99162442360256e-4,-1.033395176252444,9.00871658325195,0.7852041423640043,0.7676705154148316,low_flow,4087170.csv
4087170,2014-12-05,daytime,6,-0.3730501327258875,0.4663828231914473,-0.771428571426949,6.89280128479004,0.8613260326151648,0.8019600841169702,low_flow,4087170.csv
4087170,2014-12-05,nighttime,6,NA,NA,NA,6.89280128479004,0.8613260326151648,0.8019600841169702,low_flow,4087170.csv
4087170,2014-12-06,daytime,6,0.7553847146155631,0.08243647864427213,0.613649851632059,4.99275588989258,0.9116176645637424,0.8349006070705868,low_flow,4087170.csv
4087170,2014-12-06,nighttime,6,-0.3017288617177212,0.56114145137234,-0.2239382239381609,4.99275588989258,0.9116176645637424,0.8349006070705868,low_flow,4087170.csv
4087170,2014-12-07,daytime,6,0.318907524100719,0.5378554817805783,0.2109374999995252,3.6338906288147,0.943221045113677,0.8589453636471849,low_flow,4087170.csv
4087170,2014-12-07,nighttime,6,0.8927463511158733,0.01663812992495824,14.200000000002804,3.6338906288147,0.943221045113677,0.8589453636471849,low_flow,4087170.csv
4087170,2014-12-08,daytime,6,-0.5877328937452333,0.2199109327221518,-0.13075597143585205,3.72488307952881,0.9415545768360908,0.8757449509978971,low_flow,4087170.csv
4087170,2014-12-08,nighttime,6,-0.3872983346207941,0.44809987316537647,-0.1499999999994336,3.72488307952881,0.9415545768360908,0.8757449509978971,low_flow,4087170.csv
4087170,2014-12-09,daytime,6,0.8796464389449871,0.02085581004607175,2.2759226713534533,3.98200988769531,0.935364837519343,0.8838590643970956,low_flow,4087170.csv
4087170,2014-12-09,nighttime,6,0.8111830177555581,0.05011194154880744,0.908163265305665,3.98200988769531,0.935364837519343,0.8838590643970956,low_flow,4087170.csv
4087170,2014-12-10,daytime,6,-0.4830187868685589,0.33181768760754354,-0.4342105263156753,2.85535526275635,0.95714795857636,0.881867238027219,low_flow,4087170.csv
4087170,2014-12-10,nighttime,6,-0.32749700788173697,0.5263172177342159,-2.49999999999869,2.85535526275635,0.95714795857636,0.881867238027219,low_flow,4087170.csv
4087170,2014-12-11,daytime,6,-0.4586130540239808,0.3603095282744694,-0.05961109340130918,2.38280582427979,0.965956433757886,0.8794865690592389,low_flow,4087170.csv
4087170,2014-12-11,nighttime,6,-0.6860494870872942,0.1323751325271097,-0.6282798833818657,2.38280582427979,0.965956433757886,0.8794865690592389,low_flow,4087170.csv
4087170,2014-12-12,daytime,6,-0.6868206049267143,0.13176347390118778,-0.8079999999992745,2.62683987617493,0.9613736459945244,0.8742173550767766,low_flow,4087170.csv
4087170,2014-12-12,nighttime,6,0.5805063343167781,0.22705221793174735,0.6960486322189836,2.62683987617493,0.9613736459945244,0.8742173550767766,low_flow,4087170.csv
4087170,2014-12-13,daytime,6,0.44489303849655615,0.3766892408136842,0.8235294117636454,2.97455930709839,0.9551839066777764,0.8665357298734278,low_flow,4087170.csv
4087170,2014-12-13,nighttime,6,-0.10394383930090684,0.8446457623893968,-0.26470588235213216,2.97455930709839,0.9551839066777764,0.8665357298734278,low_flow,4087170.csv
4087170,2014-12-14,daytime,6,-0.49573688153187945,0.31730960017160126,-0.7006802721084391,5.43689966201782,0.9009641709320318,0.8602904416140935,low_flow,4087170.csv
4087170,2014-12-14,nighttime,6,-0.2899167538067298,0.5773088707968547,-0.49999999999969547,5.43689966201782,0.9009641709320318,0.8602904416140935,low_flow,4087170.csv
4087170,2014-12-15,daytime,6,-0.8067538711616588,0.05240780134166516,-0.83499999999972,7.25025081634521,0.8497797881204618,0.8558584295520374,low_flow,4087170.csv
4087170,2014-12-15,nighttime,6,0.3141773433194072,0.5442397998498159,0.5217391304351254,7.25025081634521,0.8497797881204618,0.8558584295520374,low_flow,4087170.csv
4087170,2014-12-16,daytime,6,0.4152273992672225,0.4129543665529825,0.34482758620595355,8.68562316894531,0.7979407213426973,0.8374479228663254,low_flow,4087170.csv
4087170,2014-12-16,nighttime,6,0.38829013735772255,0.446835896625777,2.79999999999857,8.68562316894531,0.7979407213426973,0.8374479228663254,low_flow,4087170.csv
4087170,2014-12-17,daytime,6,0.7142713329687314,0.11079773809879397,0.4692597239644903,10.7668724060059,0.7215807641947387,0.8118835059318334,low_flow,4087170.csv
4087170,2014-12-17,nighttime,6,0.7903012516065424,0.0613497468370693,0.5443123938878875,10.7668724060059,0.7215807641947387,0.8118835059318334,low_flow,4087170.csv
4087170,2014-12-18,daytime,6,-0.6953739716111519,0.1250613323642314,-0.6235992089650003,11.292140007019,0.7040828472800857,0.7881323651946197,low_flow,4087170.csv
4087170,2014-12-18,nighttime,6,-0.7714133142281736,0.07240576814104227,-0.4803278688521879,11.292140007019,0.7040828472800857,0.7881323651946197,low_flow,4087170.csv
4087170,2014-12-19,daytime,6,0.25130284611339354,0.6309810102867692,0.171262699564927,11.2388896942139,0.7061659326270682,0.7612387414196723,low_flow,4087170.csv
4087170,2014-12-19,nighttime,6,-0.8257637992733211,0.04289262707771654,-0.39757412398882785,11.2388896942139,0.7061659326270682,0.7612387414196723,low_flow,4087170.csv
4087170,2014-12-20,daytime,6,0.6275314073593585,0.1822624635930126,1.103448275862838,10.1097545623779,0.7461016545649327,0.7359004880371385,normal_flow,4087170.csv
4087170,2014-12-20,nighttime,6,-0.20498001542301136,0.6968362797105174,-0.294117647059299,10.1097545623779,0.7461016545649327,0.7359004880371385,normal_flow,4087170.csv
4087170,2014-12-21,daytime,6,NA,NA,NA,8.11947536468506,0.8179383406737293,0.7137562988533112,normal_flow,4087170.csv
4087170,2014-12-21,nighttime,6,NA,NA,NA,8.11947536468506,0.8179383406737293,0.7137562988533112,normal_flow,4087170.csv
4087170,2014-12-22,daytime,6,0.5477225575051246,0.260574547368069,0.4999999999997586,6.43038272857666,0.8767408641828354,0.6966710312264413,normal_flow,4087170.csv
4087170,2014-12-22,nighttime,6,NA,NA,NA,6.43038272857666,0.8767408641828354,0.6966710312264413,normal_flow,4087170.csv
4087170,2014-12-23,daytime,6,-0.9563827771337564,0.00281220313847365,-1.4776444929114947,12.344295501709,0.6653969765504106,0.6814426853945958,normal_flow,4087170.csv
4087170,2014-12-23,nighttime,6,0.3814929479561189,0.45552122272628,0.11642949547203076,12.344295501709,0.6653969765504106,0.6814426853945958,normal_flow,4087170.csv
4087170,2014-12-24,daytime,6,-0.5117267931170781,0.2994113023215681,-0.46788990825696186,15.8845520019531,0.5518985835019641,0.670757449509979,normal_flow,4087170.csv
4087170,2014-12-24,nighttime,6,-0.2549735289660543,0.6258278124004595,-0.15938303341865118,15.8845520019531,0.5518985835019641,0.670757449509979,normal_flow,4087170.csv
4087170,2014-12-25,daytime,6,-0.47725493732550234,0.3384703154746524,-0.8091106290670785,14.1771812438965,0.6008808475181526,0.6703011546244495,normal_flow,4087170.csv
4087170,2014-12-25,nighttime,6,-0.7030059182823192,0.11920997341603631,-0.6730769230768807,14.1771812438965,0.6008808475181526,0.6703011546244495,normal_flow,4087170.csv
4087170,2014-12-26,daytime,6,-0.7560623021007761,0.0820005710908402,-0.990825688073451,15.4682760238647,0.5625520771336746,0.676828155378328,normal_flow,4087170.csv
4087170,2014-12-26,nighttime,6,0.4964928255423366,0.3164547748997777,0.7931034482756439,15.4682760238647,0.5625520771336746,0.676828155378328,normal_flow,4087170.csv
4087170,2014-12-27,daytime,6,0.8667780007797475,0.02543993286049145,0.84393063583775485,14.8581485748291,0.5812998452565171,0.6831488314883148,normal_flow,4087170.csv
4087170,2014-12-27,nighttime,6,-0.69700719331586,0.1237988884466852,-1.3893805309724436,14.8581485748291,0.5812998452565171,0.6831488314883148,normal_flow,4087170.csv
4087170,2014-12-28,daytime,6,-0.9170639714779564,0.01003234428041461,-0.5409457900808226,13.5305585861206,0.6230210689203666,0.686311153434115,normal_flow,4087170.csv
4087170,2014-12-28,nighttime,6,0.6999102629057666,0.12156865733211056,0.4319615500150058,13.5305585861206,0.6230210689203666,0.686311153434115,normal_flow,4087170.csv
4087170,2014-12-29,daytime,6,-0.8707917756182963,0.0239635973847355,-0.7557251908396364,12.9095573425293,0.6446851565289846,0.6879339761139547,normal_flow,4087170.csv
4087170,2014-12-29,nighttime,6,-0.9250966926905354,0.00820563546205644,-0.5117707267146009,12.9095573425293,0.6446851565289846,0.6879339761139547,normal_flow,4087170.csv
4087170,2014-12-30,daytime,6,-0.9518823652299758,0.00341725662088142,-0.5383113153359645,13.5771512985229,0.6213546006427806,0.6888703725746935,normal_flow,4087170.csv
4087170,2014-12-30,nighttime,6,0.3522619533400318,0.49346289583002856,0.05865384615394516,13.5771512985229,0.6213546006427806,0.6888703725746935,normal_flow,4087170.csv
4087170,2014-12-31,daytime,6,-0.8813927313365778,0.02026726147120312,-0.5018181818183236,13.1097898483276,0.6376621830734437,0.7055906042931397,normal_flow,4087170.csv
4087170,2014-12-31,nighttime,6,-0.02510428662645745,0.962351480737432,-0.00681431005101864,13.1097898483276,0.6376621830734437,0.7055906042931397,normal_flow,4087170.csv
4087170,2015-01-01,daytime,6,-0.7532415547145557,0.08382206788576613,-0.802238805970246,10.9600954055786,0.7147363409117962,0.7309129865492203,normal_flow,4087170.csv
4087170,2015-01-01,nighttime,6,-0.8253229550264857,0.04310322594565336,-0.7286585365853037,10.9600954055786,0.7147363409117962,0.7309129865492203,normal_flow,4087170.csv
4087170,2015-01-02,daytime,6,0.4497372109829596,0.37087690796675626,0.3917525773200332,8.56188201904297,0.8019878585882633,0.7535928262508431,low_flow,4087170.csv
4087170,2015-01-02,nighttime,6,-0.8212116506560238,0.04509040151673452,-0.3704974271010736,8.56188201904297,0.8019878585882633,0.7535928262508431,low_flow,4087170.csv
4087170,2015-01-03,daytime,6,-0.8474489726661859,0.033132654196072,-0.604774535808762,8.58708381652832,0.8009760742768718,0.7791334364956553,low_flow,4087170.csv
4087170,2015-01-03,nighttime,6,-0.8720568533037075,0.02350699378610607,-0.5544217687074426,8.58708381652832,0.8009760742768718,0.7791334364956553,low_flow,4087170.csv
4087170,2015-01-04,daytime,6,-0.608404323370825,0.19999571576001815,-0.9649776453053972,8.81135749816895,0.7935364837519343,0.8034757766932508,low_flow,4087170.csv
4087170,2015-01-04,nighttime,6,-0.0776487808492088,0.8837609139110767,-0.01968065354629796,8.81135749816895,0.7935364837519343,0.8034757766932508,low_flow,4087170.csv
4087170,2015-01-05,daytime,6,0.8155994244785125,0.04787021923239558,0.5635823849578565,7.46756744384766,0.8422806808713248,0.8255406102448121,low_flow,4087170.csv
4087170,2015-01-05,nighttime,6,0.02674603192145529,0.959890518507774,0.03934426229503985,7.46756744384766,0.8422806808713248,0.8255406102448121,low_flow,4087170.csv
4087170,2015-01-06,daytime,6,0.5820525421562455,0.22551656910977425,0.390339425587167,5.89975166320801,0.8907868110939174,0.8463119469904377,low_flow,4087170.csv
4087170,2015-01-06,nighttime,6,-0.8350730707872271,0.03855825817631427,-0.9717868338555646,5.89975166320801,0.8907868110939174,0.8463119469904377,low_flow,4087170.csv
4087170,2015-01-07,daytime,6,0.7133778131384393,0.11145508421375888,4.103999999998519,4.80035543441772,0.916200452327104,0.868416458358132,low_flow,4087170.csv
4087170,2015-01-07,nighttime,6,-0.994060635137326,5.280932377725417e-5,-0.9093904448103084,4.80035543441772,0.916200452327104,0.868416458358132,low_flow,4087170.csv
4087170,2015-01-08,daytime,6,-0.3734686330637808,0.46584253250576735,-0.2903225806447336,4.13897180557251,0.9317343173431736,0.8882355275165655,low_flow,4087170.csv
4087170,2015-01-08,nighttime,6,0.3765892066555608,0.4618200234399076,0.8425000000000503,4.13897180557251,0.9317343173431736,0.8882355275165655,low_flow,4087170.csv
4087170,2015-01-09,daytime,6,-0.9499047368731324,0.00370144516383739,-0.8258196721312431,3.75748777389526,0.941078443042495,0.9032813553941992,low_flow,4087170.csv
4087170,2015-01-09,nighttime,6,-0.7701536325334988,0.07317271155664545,-2.7857142857142954,3.75748777389526,0.941078443042495,0.9032813553941992,low_flow,4087170.csv
4087170,2015-01-10,daytime,6,0.3702166017260605,0.47004610261898766,0.3641304347829577,3.53509593009949,0.9456612308058564,0.9109272705630282,low_flow,4087170.csv
4087170,2015-01-10,nighttime,6,-0.3762883473534316,0.4622073619683248,-0.6371681415928063,3.53509593009949,0.9456612308058564,0.9109272705630282,low_flow,4087170.csv
4087170,2015-01-11,daytime,6,-0.6979887848673345,0.12304282274444556,-0.5558780841799544,3.48821377754211,0.94643494822045,0.9139388168075228,low_flow,4087170.csv
4087170,2015-01-11,nighttime,6,-0.9854520063076272,3.1592668204514547e-4,-1.0446271285965425,3.48821377754211,0.94643494822045,0.9139388168075228,low_flow,4087170.csv
4087170,2015-01-12,daytime,6,-0.9856323613797422,3.0816061036319453e-4,-0.913348946135755,3.01922392845154,0.9539935721937864,0.9139507201523628,low_flow,4087170.csv
4087170,2015-01-12,nighttime,6,-0.980217174708828,5.831691597527408e-4,-1.261083743842326,3.01922392845154,0.9539935721937864,0.9139507201523628,low_flow,4087170.csv
4087170,2015-01-13,daytime,6,-0.6142951168326541,0.1944620637755582,-0.24999999999934217,2.91568970680237,0.9562552077133676,0.911677181287942,low_flow,4087170.csv
4087170,2015-01-13,nighttime,6,-0.9038390237466836,0.01342580296165178,-0.9539748953973782,2.91568970680237,0.9562552077133676,0.911677181287942,low_flow,4087170.csv
4087170,2015-01-14,daytime,6,-0.9200383255590864,0.00933517181822554,-0.6669161676647782,3.07608222961426,0.9529222711581956,0.9062095782248144,low_flow,4087170.csv
4087170,2015-01-14,nighttime,6,-0.9925705418848908,8.259023049152007e-5,-0.5310884448792017,3.07608222961426,0.9529222711581956,0.9062095782248144,low_flow,4087170.csv
4087170,2015-01-15,daytime,6,-0.8745028130300092,0.02263605417597045,-0.4644149577801497,4.00629568099976,0.9349482204499464,0.8982422727453081,low_flow,4087170.csv
4087170,2015-01-15,nighttime,6,-0.8691204840228733,0.02457322464148715,-0.641509433961956,4.00629568099976,0.9349482204499464,0.8982422727453081,low_flow,4087170.csv
4087170,2015-01-16,daytime,6,-0.953667413817018,0.00317033153432985,-0.9807784718884506,3.7831974029541,0.9404237590763004,0.8917113042098163,low_flow,4087170.csv
4087170,2015-01-16,nighttime,6,-0.640847176562403,0.17032242974015133,-0.5351351351349891,3.7831974029541,0.9404237590763004,0.8917113042098163,low_flow,4087170.csv
4087170,2015-01-17,daytime,6,-0.8003783459561448,0.05579586498555613,-0.2326139088730123,4.78710699081421,0.9166765861207,0.8877990715391025,low_flow,4087170.csv
4087170,2015-01-17,nighttime,6,-0.8975278380617929,0.01521280923725131,-0.8779904306225665,4.78710699081421,0.9166765861207,0.8877990715391025,low_flow,4087170.csv
4087170,2015-01-18,daytime,6,-0.7936516263333854,0.05947635607222908,-0.7809523809528027,7.33649396896362,0.8461492679442923,0.8855771138356545,low_flow,4087170.csv
4087170,2015-01-18,nighttime,6,-0.5809475019311154,0.22661363805420331,-0.45000000000000656,7.33649396896362,0.8461492679442923,0.8855771138356545,low_flow,4087170.csv
4087170,2015-01-19,daytime,6,-0.9203260291873986,0.00926902957969383,-2.7499999999997216,8.80795669555664,0.7937150339245328,0.8846248462484625,low_flow,4087170.csv
4087170,2015-01-19,nighttime,6,-0.3330580502608961,0.518885600495056,-0.24404086265608027,8.80795669555664,0.7937150339245328,0.8846248462484625,low_flow,4087170.csv
4087170,2015-01-20,daytime,6,-0.851370785712702,0.03149430752815205,-0.6040268456378914,8.38488864898682,0.8081775979050113,0.8839780978454946,low_flow,4087170.csv
4087170,2015-01-20,nighttime,6,-0.9548576710709124,0.00301074859876631,-0.6313645621182766,8.38488864898682,0.8081775979050113,0.8839780978454946,low_flow,4087170.csv
4087170,2015-01-21,daytime,6,-0.31932161238362006,0.5372976018312777,-0.5500000000008187,8.37148475646973,0.8087727651470064,0.8831527992699282,low_flow,4087170.csv
4087170,2015-01-21,nighttime,6,-0.7998026025150653,0.05610664139693933,-1.6504559270507375,8.37148475646973,0.8087727651470064,0.8831527992699282,low_flow,4087170.csv
4087170,2015-01-22,daytime,6,-0.6570344675779913,0.15626731314717962,-0.4000944733111946,8.73540782928467,0.7966908701345078,0.8828314089592509,low_flow,4087170.csv
4087170,2015-01-22,nighttime,6,-0.8522538347620423,0.03113082371297887,-1.1266968325792102,8.73540782928467,0.7966908701345078,0.8828314089592509,low_flow,4087170.csv
4087170,2015-01-23,daytime,6,0.5935235341927587,0.21425502149695447,0.6862745098038151,7.72037363052368,0.8337697893107964,0.8841447446732532,low_flow,4087170.csv
4087170,2015-01-23,nighttime,6,-0.8121325938981189,0.04962593205455991,-1.1190276613576229,7.72037363052368,0.8337697893107964,0.8841447446732532,low_flow,4087170.csv
4087170,2015-01-24,daytime,6,-0.5059644256269393,0.30581680803983896,-0.01999999999996075,6.24358320236206,0.8823949529817878,0.8846962663175019,low_flow,4087170.csv
4087170,2015-01-24,nighttime,6,-0.6956083436395508,0.12487982574345134,-1.4999999999999298,6.24358320236206,0.8823949529817878,0.8846962663175019,low_flow,4087170.csv
4087170,2015-01-25,daytime,6,-0.88275308954526,0.01981436987410631,-1.8958837772396075,4.95835208892822,0.9123318652541365,0.8840058723167877,low_flow,4087170.csv
4087170,2015-01-25,nighttime,6,0.8740782301785068,0.0227861119895034,0.5353805073428486,4.95835208892822,0.9123318652541365,0.8840058723167877,low_flow,4087170.csv
4087170,2015-01-26,daytime,6,0.12061266016926749,0.8199583108841837,0.6206896551728865,4.1134204864502,0.93215093441257,0.8865650914573662,low_flow,4087170.csv
4087170,2015-01-26,nighttime,6,-0.7279739299003118,0.1009325567881316,-0.454148471615737,4.1134204864502,0.93215093441257,0.8865650914573662,low_flow,4087170.csv
4087170,2015-01-27,daytime,6,-0.7052286722090598,0.11752884319716138,-2.3076923076921383,3.60472393035889,0.944292346149268,0.8928222830615403,low_flow,4087170.csv
4087170,2015-01-27,nighttime,6,-0.7948010737862155,0.05883978449551905,-1.689189189189393,3.60472393035889,0.944292346149268,0.8928222830615403,low_flow,4087170.csv
4087170,2015-01-28,daytime,6,-0.9068268993481986,0.01261741162375146,-0.5482233502535713,3.61028838157654,0.9438757290798716,0.8991747014244336,low_flow,4087170.csv
4087170,2015-01-28,nighttime,6,0.43290728010864105,0.3912043779808107,0.3210526315793723,3.61028838157654,0.9438757290798716,0.8991747014244336,low_flow,4087170.csv
4087170,2015-01-29,daytime,6,0.590243252205559,0.21745168820488817,0.04838709677401663,3.38630437850952,0.948101416498036,0.9068761655358488,low_flow,4087170.csv
4087170,2015-01-29,nighttime,6,0.38412863219353166,0.4521470646244958,1.2500000000005504,3.38630437850952,0.948101416498036,0.9068761655358488,low_flow,4087170.csv
4087170,2015-01-30,daytime,6,-0.4395397052656157,0.3831489122969697,-0.3804740859784291,2.99577713012695,0.954648256159981,0.916478197040035,low_flow,4087170.csv
4087170,2015-01-30,nighttime,6,-0.2634302827639775,0.6139950157756329,-0.03047775947292455,2.99577713012695,0.954648256159981,0.916478197040035,low_flow,4087170.csv
4087170,2015-01-31,daytime,6,-0.7388744152986411,0.09337722736973857,-1.6578947368420447,3.34214210510254,0.948696583740031,0.9241836289330636,low_flow,4087170.csv
4087170,2015-01-31,nighttime,6,0.4719399037243801,0.34464708823730594,0.3181818181817637,3.34214210510254,0.948696583740031,0.9241836289330636,low_flow,4087170.csv
4087170,2015-02-01,daytime,6,-0.9758022228271294,8.712143386472159e-4,-0.5385026737967983,5.21722269058228,0.9063206761099868,0.929667103122644,low_flow,4087170.csv
4087170,2015-02-01,nighttime,6,-0.964633339826816,0.00185408265690982,-1.0430267062316334,5.21722269058228,0.9063206761099868,0.929667103122644,low_flow,4087170.csv
4087170,2015-02-02,daytime,6,0.00652244813084729,0.9902164665437982,0.00684931506859785,6.16665983200073,0.8845375550529699,0.9337499504027298,low_flow,4087170.csv
4087170,2015-02-02,nighttime,6,-0.9367024685068353,0.00588306300716673,-0.8735632183908483,6.16665983200073,0.8845375550529699,0.9337499504027298,low_flow,4087170.csv
4087170,2015-02-03,daytime,6,-0.08462160489373632,0.8733705725311558,-0.19230769230807176,6.03119468688965,0.8875729079871444,0.935404515335476,low_flow,4087170.csv
4087170,2015-02-03,nighttime,6,-0.8509932346256542,0.03165032438364439,-3.4866920152091363,6.03119468688965,0.8875729079871444,0.935404515335476,low_flow,4087170.csv
4087170,2015-02-04,daytime,6,-0.8294781261361669,0.04113737144614148,-0.7520458265139235,5.33408260345459,0.9034638733484108,0.9348529936912272,low_flow,4087170.csv
4087170,2015-02-04,nighttime,6,-0.9416965821481575,0.00499983772993453,-0.8867924528297243,5.33408260345459,0.9034638733484108,0.9348529936912272,low_flow,4087170.csv
4087170,2015-02-05,daytime,6,-0.782806246168521,0.06563683582077293,-0.4298271315560321,4.46890449523926,0.924294726818236,0.9336745625520771,low_flow,4087170.csv
4087170,2015-02-05,nighttime,6,0.4332431027083937,0.390795121454887,0.7752808988775555,4.46890449523926,0.924294726818236,0.9336745625520771,low_flow,4087170.csv
4087170,2015-02-06,daytime,6,-0.4576921886784788,0.36140088645837354,-0.24034334763958504,3.76705980300903,0.940721342697298,0.9324405824703408,low_flow,4087170.csv
4087170,2015-02-06,nighttime,6,-0.4624288042524591,0.3557997736270761,-0.7331670822939216,3.76705980300903,0.940721342697298,0.9324405824703408,low_flow,4087170.csv
4087170,2015-02-07,daytime,6,-0.927109015041156,0.0077760051434563,-0.7434944237917278,3.30360865592957,0.9493512677062256,0.9300480101575208,low_flow,4087170.csv
4087170,2015-02-07,nighttime,6,-0.7491748920658949,0.08647974270437916,-0.386679920477392,3.30360865592957,0.9493512677062256,0.9300480101575208,low_flow,4087170.csv
4087170,2015-02-08,daytime,6,-0.6547311582704862,0.15823601136109586,-0.4220779220773365,2.46255564689636,0.964647065825497,0.9280601515692576,low_flow,4087170.csv
4087170,2015-02-08,nighttime,6,-0.800015304935208,0.05599173561607869,-0.4024896265560518,2.46255564689636,0.964647065825497,0.9280601515692576,low_flow,4087170.csv
4087170,2015-02-09,daytime,6,-0.8715960841561982,0.02367281441288921,-0.5522041763341159,2.01921987533569,0.973574574455422,0.9296472642145776,low_flow,4087170.csv
4087170,2015-02-09,nighttime,6,-0.9560948521588952,0.0028491758677225,-0.7190201729105701,2.01921987533569,0.973574574455422,0.9296472642145776,low_flow,4087170.csv
4087170,2015-02-10,daytime,6,-0.6008327554316988,0.20720117920776737,-0.9119999999993224,2.87902116775513,0.9569694084037614,0.9336269491727176,low_flow,4087170.csv
4087170,2015-02-10,nighttime,6,-0.9296593253992568,0.00724769959063251,-1.367346938775714,2.87902116775513,0.9569694084037614,0.9336269491727176,low_flow,4087170.csv
4087170,2015-02-11,daytime,6,-0.40826246058585103,0.42163054264667,-0.731343283582961,3.95205354690552,0.9360195214855376,0.937955798912828,low_flow,4087170.csv
4087170,2015-02-11,nighttime,6,-0.3277976988843559,0.525914601259953,-0.17981651376120922,3.95205354690552,0.9360195214855376,0.937955798912828,low_flow,4087170.csv
4087170,2015-02-12,daytime,6,0.5072361766404471,0.3043987624200297,0.9157894736836788,4.37868785858154,0.92619926199262,0.9416696425028768,low_flow,4087170.csv
4087170,2015-02-12,nighttime,6,-0.5728670496268848,0.23470022205626723,-0.5511945392490145,4.37868785858154,0.92619926199262,0.9416696425028768,low_flow,4087170.csv
4087170,2015-02-13,daytime,6,-0.14843625567694213,0.7789808883934437,-0.6242774566483811,4.23362445831299,0.9295917152719916,0.9442963139308812,low_flow,4087170.csv
4087170,2015-02-13,nighttime,6,-0.9530257186785536,0.00325804833071722,-0.8575862068964749,4.23362445831299,0.9295917152719916,0.9442963139308812,low_flow,4087170.csv
4087170,2015-02-14,daytime,6,-0.22823230279339995,0.6635958543146753,-0.5650438946531878,4.68508434295654,0.9187596714676824,0.945986588898147,low_flow,4087170.csv
4087170,2015-02-14,nighttime,6,-0.01738852883271179,0.97391983555685,-0.02348336594908445,4.68508434295654,0.9187596714676824,0.945986588898147,low_flow,4087170.csv
4087170,2015-02-15,daytime,6,-0.9643742480915756,0.00188118329973159,-1.607008760951491,4.68428325653076,0.9188787049160814,0.94721660119827,low_flow,4087170.csv
4087170,2015-02-15,nighttime,6,-0.944339551394962,0.00456090789291474,-2.8275862068974296,4.68428325653076,0.9188787049160814,0.94721660119827,low_flow,4087170.csv
4087170,2015-02-16,daytime,6,-0.4020422005644982,0.42942933389720345,-2.500000000002675,4.20157241821289,0.9301273657897868,0.947506249256041,low_flow,4087170.csv
4087170,2015-02-16,nighttime,6,-0.8951451998083294,0.01591537910764359,-1.2611940298506954,4.20157241821289,0.9301273657897868,0.947506249256041,low_flow,4087170.csv
4087170,2015-02-17,daytime,6,0.5863641525259355,0.22125648857804292,0.38721804511298336,3.60529112815857,0.9442328294250684,0.9472919890489228,low_flow,4087170.csv
4087170,2015-02-17,nighttime,6,-0.49945788894400867,0.31311009527162914,-0.5677966101695573,3.60529112815857,0.9442328294250684,0.9472919890489228,low_flow,4087170.csv
4087170,2015-02-18,daytime,6,-0.4630640776840574,0.3550509142292082,-0.49687650168197367,3.10615110397339,0.952505654088799,0.9482283855096616,low_flow,4087170.csv
4087170,2015-02-18,nighttime,6,0.503128289120711,0.30898802969083755,0.32217573221774803,3.10615110397339,0.952505654088799,0.9482283855096616,low_flow,4087170.csv
4087170,2015-02-19,daytime,6,-0.97669398578117,8.084258807992938e-4,-1.2255148166750414,2.75295495986938,0.959171527199143,0.9504979565924692,low_flow,4087170.csv
4087170,2015-02-19,nighttime,6,-0.8652645535437016,0.02600749136673894,-2.569343065693644,2.75295495986938,0.959171527199143,0.9504979565924692,low_flow,4087170.csv
4087170,2015-02-20,daytime,6,-0.9892034623539112,1.7421858729437304e-4,-0.8154362416107066,2.52288675308228,0.963694798238305,0.9534103082966312,low_flow,4087170.csv
4087170,2015-02-20,nighttime,6,-0.8643432350099911,0.02635590753037173,-0.5919732441472394,2.52288675308228,0.963694798238305,0.9534103082966312,low_flow,4087170.csv
4087170,2015-02-21,daytime,6,-0.9625393780617906,0.00207866308240276,-0.5139847439160358,2.37998676300049,0.966075467206285,0.9561361742649684,low_flow,4087170.csv
4087170,2015-02-21,nighttime,6,-0.7629420320554525,0.07763380855210332,-0.2938659058489541,2.37998676300049,0.966075467206285,0.9561361742649684,low_flow,4087170.csv
4087170,2015-02-22,daytime,6,0.11858158414170038,0.8229613467206907,0.03195816385806088,2.28913116455078,0.9678014522080703,0.9596436932111256,low_flow,4087170.csv
4087170,2015-02-22,nighttime,6,-0.5628043065802293,0.24492730284545144,-0.5127478753538346,2.28913116455078,0.9678014522080703,0.9596436932111256,low_flow,4087170.csv
4087170,2015-02-23,daytime,6,-0.9332773598991788,0.00652934443526951,-0.6455696202533434,2.23717999458313,0.9689917866920604,0.963206761099869,low_flow,4087170.csv
4087170,2015-02-23,nighttime,6,-0.09232407232224032,0.8619073644490163,-0.09274193548362204,2.23717999458313,0.9689917866920604,0.963206761099869,low_flow,4087170.csv
4087170,2015-02-24,daytime,6,-0.9701640043425278,0.00132200015299301,-0.8113207547170197,2.17658066749573,0.970360671348649,0.965254136412332,low_flow,4087170.csv
4087170,2015-02-24,nighttime,6,-0.8573775010593478,0.02906121104399446,-0.8143712574851705,2.17658066749573,0.970360671348649,0.965254136412332,low_flow,4087170.csv
4087170,2015-02-25,daytime,6,-0.25514444376293216,0.6255881185211158,-0.04683929931457067,2.15374374389648,0.9710153553148436,0.9632424711343888,low_flow,4087170.csv
4087170,2015-02-25,nighttime,6,-0.13667009885432396,0.7962712626942013,-0.0359342915810868,2.15374374389648,0.9710153553148436,0.9632424711343888,low_flow,4087170.csv
4087170,2015-02-26,daytime,6,-0.9494643841720416,0.0037662425481581,-0.49099099099112314,2.18316173553467,0.9700630877276516,0.9603737650279728,low_flow,4087170.csv
4087170,2015-02-26,nighttime,6,-0.7299163510360438,0.09956711630818156,-0.3622047244096828,2.18316173553467,0.9700630877276516,0.9603737650279728,low_flow,4087170.csv
4087170,2015-02-27,daytime,6,-0.725018488207698,0.10302590735643548,-0.4310344827590864,2.19418978691101,0.969884537555053,0.9567234059437368,low_flow,4087170.csv
4087170,2015-02-27,nighttime,6,-0.6073733934109636,0.2009706729972115,-0.45833333333291393,2.19418978691101,0.969884537555053,0.9567234059437368,low_flow,4087170.csv
4087170,2015-02-28,daytime,6,-0.13522468075624633,0.7983993188039675,-0.17142857142810802,2.17412972450256,0.970479704797048,0.9510653493631712,low_flow,4087170.csv
4087170,2015-02-28,nighttime,6,-0.47660312381951503,0.33922564217767476,-0.31451612903263504,2.17412972450256,0.970479704797048,0.9510653493631712,low_flow,4087170.csv
4087170,2015-03-01,daytime,6,-0.5961621395102943,0.21169757406168604,-0.5454545454540094,2.14125061035156,0.9713724556600404,0.9259334206245288,low_flow,4087170.csv
4087170,2015-03-01,nighttime,6,0.22378992511336457,0.6699190280772198,0.1673469387749754,2.14125061035156,0.9713724556600404,0.9259334206245288,low_flow,4087170.csv
4087170,2015-03-02,daytime,6,-0.8859873781492325,0.0187572988343271,-0.5576360444703853,2.10166931152344,0.9723247232472324,0.8863984446296076,low_flow,4087170.csv
4087170,2015-03-02,nighttime,6,-0.43164102393959736,0.39274884124877973,-0.32432432432390956,2.10166931152344,0.9723247232472324,0.8863984446296076,low_flow,4087170.csv
4087170,2015-03-03,daytime,6,-0.9630051121955188,0.00202761658194231,-0.6801801801800915,2.68015551567078,0.960837995476729,0.8438281157005119,low_flow,4087170.csv
4087170,2015-03-03,nighttime,6,0.033511793368285,0.9497511274947236,0.02538071066068236,2.68015551567078,0.960837995476729,0.8438281157005119,low_flow,4087170.csv
4087170,2015-03-04,daytime,6,0.16511652146730568,0.7545760421056236,0.07728065078447903,4.89636659622192,0.914057850255922,0.8023925723128199,low_flow,4087170.csv
4087170,2015-03-04,nighttime,6,-0.6638311114408343,0.15051913981031892,-0.48039215686261527,4.89636659622192,0.914057850255922,0.8023925723128199,low_flow,4087170.csv
4087170,2015-03-05,daytime,6,-0.6252892266826352,0.1843060196713201,-0.2483822797410214,5.07643508911133,0.9094750624925604,0.7611038368448201,low_flow,4087170.csv
4087170,2015-03-05,nighttime,6,-0.9957784778071542,2.669425803663662e-5,-0.4716743600502439,5.07643508911133,0.9094750624925604,0.7611038368448201,low_flow,4087170.csv
4087170,2015-03-06,daytime,6,-0.9667845813416602,0.00163657336653919,-0.2137384412153666,5.28859901428223,0.9044161409356029,0.7202912351704163,normal_flow,4087170.csv
4087170,2015-03-06,nighttime,6,-0.7533182999938798,0.0837722714023131,-0.43827160493814526,5.28859901428223,0.9044161409356029,0.7202912351704163,normal_flow,4087170.csv
4087170,2015-03-07,daytime,6,-0.8845947866159297,0.01920904063642466,-0.43611111111126016,6.35239219665527,0.8788239495298179,0.6813950720152363,normal_flow,4087170.csv
4087170,2015-03-07,nighttime,6,-0.35335040141274177,0.4920334461694782,-0.1713147410358516,6.35239219665527,0.8788239495298179,0.6813950720152363,normal_flow,4087170.csv
4087170,2015-03-09,daytime,6,0.6038073644236419,0.2043580041705953,0.0972222222220337,24.1314392089844,0.37477681228425186,0.6173431734317343,normal_flow,4087170.csv
4087170,2015-03-09,nighttime,6,-0.8138952662444014,0.04872959177488035,-0.20300136425634369,24.1314392089844,0.37477681228425186,0.6173431734317343,normal_flow,4087170.csv
4087170,2015-03-10,daytime,6,0.4348429576181096,0.3888474426459864,0.01277624309384301,26.917013168335,0.33043685275562434,0.5936317105106534,normal_flow,4087170.csv
4087170,2015-03-10,nighttime,6,-0.6295100884198552,0.18046692526480684,-0.5205861828332969,26.917013168335,0.33043685275562434,0.5936317105106534,normal_flow,4087170.csv
4087170,2015-03-11,daytime,6,0.2337177746366565,0.6558066376933384,0.12863070539421753,25.7086219787598,0.3488275205332699,0.5748164901003848,normal_flow,4087170.csv
4087170,2015-03-11,nighttime,6,-0.903430902165769,0.01353810404654029,-0.29709005112078296,25.7086219787598,0.3488275205332699,0.5748164901003848,normal_flow,4087170.csv
4087170,2015-03-12,daytime,6,-0.02133946317674609,0.9679956639392416,-0.01620591039092636,25.4995002746582,0.35168432329484584,0.5606554775225172,normal_flow,4087170.csv
4087170,2015-03-12,nighttime,6,-0.05951932334000943,0.9108264400749964,-0.07383419689130931,25.4995002746582,0.35168432329484584,0.5606554775225172,normal_flow,4087170.csv
4087170,2015-03-13,daytime,6,0.245469584703246,0.6391910467669726,0.09329855537716354,25.2092018127441,0.3578740626115939,0.547585604888307,normal_flow,4087170.csv
4087170,2015-03-13,nighttime,6,-0.33531754088765253,0.5158748808918937,-0.04506437768236091,25.2092018127441,0.3578740626115939,0.547585604888307,normal_flow,4087170.csv
4087170,2015-03-14,daytime,6,-0.8759224705472315,0.02213774871511049,-0.1419342458743535,23.420711517334,0.3864420902273539,0.5357179700829267,normal_flow,4087170.csv
4087170,2015-03-14,nighttime,6,0.6805462514934421,0.13677580723569438,0.18623747741821897,23.420711517334,0.3864420902273539,0.5357179700829267,normal_flow,4087170.csv
4087170,2015-03-15,daytime,6,0.40951790097076274,0.4200622301555855,0.8208092485548222,20.0934391021729,0.4487561004642304,0.5267150736023489,normal_flow,4087170.csv
4087170,2015-03-15,nighttime,6,-0.905638005298256,0.01293617068797994,-1.2792362768501369,20.0934391021729,0.4487561004642304,0.5267150736023489,normal_flow,4087170.csv
4087170,2015-03-16,daytime,6,0.8137037199365945,0.04882662828643645,0.5053168864313472,16.6305675506592,0.5323175812403286,0.5380034122921874,normal_flow,4087170.csv
4087170,2015-03-16,nighttime,6,0.8620177286027322,0.02724513120013154,1.9715099715103803,16.6305675506592,0.5323175812403286,0.5380034122921874,normal_flow,4087170.csv
4087170,2015-03-17,daytime,6,0.2825015324928049,0.5875205175280437,0.07389547764889749,13.7190141677856,0.6166527794310201,0.5641153830893147,normal_flow,4087170.csv
4087170,2015-03-17,nighttime,6,0.8329155881049921,0.03954353651723574,1.3717073170728795,13.7190141677856,0.6166527794310201,0.5641153830893147,normal_flow,4087170.csv
4087170,2015-03-18,daytime,6,0.512656592971235,0.2983824886422633,0.1172643869891277,11.9985055923462,0.6786096893226997,0.5901122882196563,normal_flow,4087170.csv
4087170,2015-03-18,nighttime,6,-0.5191592753551325,0.2912246400722077,-0.386404293380994,11.9985055923462,0.6786096893226997,0.5901122882196563,normal_flow,4087170.csv
4087170,2015-03-19,daytime,6,0.7871013051917188,0.06316387377104286,0.34212765957439295,11.3641548156738,0.7016426615879062,0.6069515533865016,normal_flow,4087170.csv
4087170,2015-03-19,nighttime,6,0.3025771536033384,0.5599851826641231,0.10761485210809922,11.3641548156738,0.7016426615879062,0.6069515533865016,normal_flow,4087170.csv
4087170,2015-03-20,daytime,6,-0.9808545088806054,5.46315857044743e-4,-0.6836056494044994,11.0071411132812,0.7134269729794072,0.6241320477720906,normal_flow,4087170.csv
4087170,2015-03-20,nighttime,6,-0.8185592673608865,0.04639452764754941,-1.965864065833571,11.0071411132812,0.7134269729794072,0.6241320477720906,normal_flow,4087170.csv
4087170,2015-03-21,daytime,6,-0.05311806622361346,0.9203978377456368,-0.05759599332218973,10.6144399642944,0.7264016188548982,0.6393088124429631,normal_flow,4087170.csv
4087170,2015-03-21,nighttime,6,-0.9742389233699776,9.869016525326964e-4,-0.6168711656441789,10.6144399642944,0.7264016188548982,0.6393088124429631,normal_flow,4087170.csv
4087170,2015-03-22,daytime,6,-0.9038078997281456,0.01343435132040106,-1.6272285251214778,10.1722049713135,0.7437805023211522,0.6495337856604373,normal_flow,4087170.csv
4087170,2015-03-22,nighttime,6,0.9777346654560652,7.380987180311502e-4,0.6090604449596172,10.1722049713135,0.7437805023211522,0.6495337856604373,normal_flow,4087170.csv
4087170,2015-03-23,daytime,6,0.2582952055393397,0.6211734565217566,0.3965517241380392,9.75805377960205,0.7584216164742292,0.6578026425425545,normal_flow,4087170.csv
4087170,2015-03-23,nighttime,6,-0.920418345580412,0.00924785473285507,-0.4840791738381701,9.75805377960205,0.7584216164742292,0.6578026425425545,normal_flow,4087170.csv
4087170,2015-03-24,daytime,6,0.9067157682623692,0.01264704457450919,0.48986343201294025,9.53328800201416,0.7664563742411618,0.6661349839304844,normal_flow,4087170.csv
4087170,2015-03-24,nighttime,6,-0.7370756332608777,0.09460595539680758,-0.8265895953756613,9.53328800201416,0.7664563742411618,0.6661349839304844,normal_flow,4087170.csv
4087170,2015-03-25,daytime,6,-0.3634384798369912,0.478845125549183,-0.07732526141991483,10.797926902771,0.7203904297107487,0.6702932190612229,normal_flow,4087170.csv
4087170,2015-03-25,nighttime,6,-0.1999795073164859,0.7040295095902411,-0.4643652561246697,10.797926902771,0.7203904297107487,0.6702932190612229,normal_flow,4087170.csv
4087170,2015-03-26,daytime,6,-0.9864595326918209,2.737750989408338e-4,-0.343749999999978,14.1605911254883,0.6014164980359481,0.6683688449787724,normal_flow,4087170.csv
4087170,2015-03-26,nighttime,6,-0.7189279293725194,0.1073997044874723,-0.31263992414466296,14.1605911254883,0.6014164980359481,0.6683688449787724,normal_flow,4087170.csv
4087170,2015-03-27,daytime,6,-0.3777345934532741,0.4603463422270476,-0.24346648612041885,13.9478483200073,0.6093917390786812,0.6611474824425664,normal_flow,4087170.csv
4087170,2015-03-27,nighttime,6,-0.9356158703379872,0.00608452794218133,-0.28732471817423894,13.9478483200073,0.6093917390786812,0.6611474824425664,normal_flow,4087170.csv
4087170,2015-03-28,daytime,6,-0.7178774122050016,0.10816221845083888,-0.9996508989351126,14.7199535369873,0.5855255326746815,0.6540729278260524,normal_flow,4087170.csv
4087170,2015-03-28,nighttime,6,-0.9902790413924758,1.4128625348484215e-4,-0.38609870786733097,14.7199535369873,0.5855255326746815,0.6540729278260524,normal_flow,4087170.csv
4087170,2015-03-29,daytime,6,-0.9751188048375056,9.209091601477136e-4,-0.5490552325583286,16.3485870361328,0.5398166884894655,0.6466452406459549,normal_flow,4087170.csv
4087170,2015-03-29,nighttime,6,-0.7097923230408424,0.11411002643474193,-0.21875749580215337,16.3485870361328,0.5398166884894655,0.6466452406459549,normal_flow,4087170.csv
4087170,2015-03-30,daytime,6,0.3507025200426663,0.49551306727276473,0.02943110818807683,15.1535205841064,0.5727889536959886,0.6391699400864976,normal_flow,4087170.csv
4087170,2015-03-30,nighttime,6,-0.9646417046922896,0.00185321094025958,-0.28798411122143225,15.1535205841064,0.5727889536959886,0.6391699400864976,normal_flow,4087170.csv
4087170,2015-03-31,daytime,6,0.02027614645951711,0.9695899482968352,0.01422018348624803,12.5580930709839,0.6573027020592787,0.6321033210332103,normal_flow,4087170.csv
4087170,2015-03-31,nighttime,6,-0.9384319837397356,0.00556924044316037,-0.32123758594349583,12.5580930709839,0.6573027020592787,0.6321033210332103,normal_flow,4087170.csv
4087170,2015-04-01,daytime,6,-0.743329040503816,0.09036523314802432,-0.3009551800146304,11.9815702438354,0.6790263063920962,0.6193032575487045,normal_flow,4087170.csv
4087170,2015-04-01,nighttime,6,-0.7867702657277906,0.063352929776820735,-0.29792779877492476,11.9815702438354,0.6790263063920962,0.6193032575487045,normal_flow,4087170.csv
4087170,2015-04-02,daytime,6,-0.9568923426058972,0.00274735235304219,-0.36096155595323665,12.7846765518188,0.6497440780859421,0.58708090306709515,normal_flow,4087170.csv
4087170,2015-04-02,nighttime,6,-0.8139622654812716,0.0486956714048831,-0.18587510050927297,12.7846765518188,0.6497440780859421,0.58708090306709515,normal_flow,4087170.csv
4087170,2015-04-03,daytime,6,-0.9930740916652666,7.178619769192047e-5,-0.550062028326247,14.4211292266846,0.5933222235448161,0.5496686902352894,normal_flow,4087170.csv
4087170,2015-04-03,nighttime,6,-0.8905223857724639,0.01732195837213844,-0.8890898131404769,14.4211292266846,0.5933222235448161,0.5496686902352894,normal_flow,4087170.csv
4087170,2015-04-04,daytime,6,-0.7299801329933688,0.09952242025038646,-0.19656741346539897,14.0040464401245,0.6073086537316986,0.510355910010713,normal_flow,4087170.csv
4087170,2015-04-04,nighttime,6,-0.9960855424564794,2.295447621690143e-5,-0.6148377810908757,14.0040464401245,0.6073086537316986,0.510355910010713,normal_flow,4087170.csv
4087170,2015-04-05,daytime,6,-0.9397824793289492,0.00533004581851115,-1.1485382752210138,13.7615222930908,0.6149863111534342,0.47263024243145657,normal_flow,4087170.csv
4087170,2015-04-05,nighttime,6,-0.7719624952873584,0.07207255438479436,-0.26899151743635785,13.7615222930908,0.6149863111534342,0.47263024243145657,normal_flow,4087170.csv
4087170,2015-04-06,daytime,6,-0.9986953661695248,2.551993858749392e-6,-0.5146282716571039,13.2773103713989,0.6316509939292941,0.43810260683251995,normal_flow,4087170.csv
4087170,2015-04-06,nighttime,6,-0.9947757820622832,4.086738872972022e-5,-0.46848525740294983,13.2773103713989,0.6316509939292941,0.43810260683251995,normal_flow,4087170.csv
4087170,2015-04-07,daytime,6,-0.225826021118223,0.6670192373630568,-0.03867505551449733,12.6931848526001,0.6524223306749196,0.4021068920366623,normal_flow,4087170.csv
4087170,2015-04-07,nighttime,6,-0.7995104088548934,0.05626466679906739,-0.5891347706335711,12.6931848526001,0.6524223306749196,0.4021068920366623,normal_flow,4087170.csv
4087170,2015-04-08,daytime,6,-0.5806181010485251,0.22694107471691877,-1.0646153846156845,15.0956935882568,0.5744554219735746,0.36215529897234455,normal_flow,4087170.csv
4087170,2015-04-08,nighttime,6,-0.45937759935482414,0.35940431817639984,-0.06680016019222157,15.0956935882568,0.5744554219735746,0.36215529897234455,normal_flow,4087170.csv
4087170,2015-04-09,daytime,6,0.01940952912440398,0.9708893623876088,0.00916905444131573,34.952033996582,0.2370551124866087,0.3231758124032853,normal_flow,4087170.csv
4087170,2015-04-09,nighttime,6,-0.972018395504224,0.00116350090414054,-0.4846881959910512,34.952033996582,0.2370551124866087,0.3231758124032853,normal_flow,4087170.csv
4087170,2015-04-10,daytime,6,0.44714767133296746,0.3739800782156867,0.2978432043819155,88.9520416259766,0.04023330555886204,0.2890528905289053,normal_flow,4087170.csv
4087170,2015-04-10,nighttime,6,-0.406222898161008,0.4241825034832337,-0.29014989293346544,88.9520416259766,0.04023330555886204,0.2890528905289053,normal_flow,4087170.csv
4087170,2015-04-11,daytime,6,0.6897332794784693,0.1294641759420885,0.16540045766585215,118.638175964355,0.01970003571003452,0.26204023330555887,normal_flow,4087170.csv
4087170,2015-04-11,nighttime,6,-0.3922359435340627,0.4418186454798791,-0.389473684210406,118.638175964355,0.01970003571003452,0.26204023330555887,normal_flow,4087170.csv
4087170,2015-04-12,daytime,6,0.7963937348056741,0.05796296593331067,0.2143853862742466,118.681648254395,0.01964051898583502,0.2371979526246875,high_flow,4087170.csv
4087170,2015-04-12,nighttime,6,-0.4653039025535369,0.3524150900970276,-0.42574257425743867,118.681648254395,0.01964051898583502,0.2371979526246875,high_flow,4087170.csv
4087170,2015-04-13,daytime,6,-0.6671121653723975,0.1477770977400113,-0.4788656069364344,111.78247833252,0.02190215450541602,0.2078482720311074,high_flow,4087170.csv
4087170,2015-04-13,nighttime,6,0.3644860254020172,0.47748195756337497,1.0929203539821453,111.78247833252,0.02190215450541602,0.2078482720311074,high_flow,4087170.csv
4087170,2015-04-14,daytime,6,0.6429423467552996,0.1684745815583007,0.2810150907138455,95.6859893798828,0.03285323175812403,0.17568543427369757,high_flow,4087170.csv
4087170,2015-04-14,nighttime,6,0.873691768461494,0.02292310783481448,1.6365187713310856,95.6859893798828,0.03285323175812403,0.17568543427369757,high_flow,4087170.csv
4087170,2015-04-15,daytime,6,0.31133082237524967,0.5480919292170301,0.5157894736843242,76.0203704833984,0.05802880609451256,0.14324088402174345,high_flow,4087170.csv
4087170,2015-04-15,nighttime,6,0.6901981772581632,0.1290988030543875,0.6791707798617692,76.0203704833984,0.05802880609451256,0.14324088402174345,high_flow,4087170.csv
4087170,2015-04-16,daytime,6,0.556339606423847,0.2515879714283007,0.2886363636363586,60.5525436401367,0.0943340078562076,0.1157362218783478,high_flow,4087170.csv
4087170,2015-04-16,nighttime,6,0.6456268335746254,0.1661193600684545,0.5102230483270656,60.5525436401367,0.0943340078562076,0.1157362218783478,high_flow,4087170.csv
4087170,2015-04-17,daytime,6,0.8646858917563324,0.02622606740560392,0.978941377347562,49.1067581176758,0.13790024997024164,0.11107407848272031,high_flow,4087170.csv
4087170,2015-04-17,nighttime,6,-0.0807503066918804,0.8791378106728337,-0.1235154394300751,49.1067581176758,0.13790024997024164,0.11107407848272031,high_flow,4087170.csv
4087170,2015-04-18,daytime,6,0.8710629779696053,0.02386536023234845,0.3610693902073476,40.8628044128418,0.18813236519461968,0.12010474943459112,high_flow,4087170.csv
4087170,2015-04-18,nighttime,6,-0.8288380415680103,0.0414374080513905,-0.33848797250857254,40.8628044128418,0.18813236519461968,0.12010474943459112,high_flow,4087170.csv
4087170,2015-04-19,daytime,6,0.2397676874593556,0.647240416430068,0.171215880893383,35.2082557678223,0.23467444351862873,0.13245248581518074,high_flow,4087170.csv
4087170,2015-04-19,nighttime,6,0.7783123947897417,0.06827062907062077,0.7630972499614872,35.2082557678223,0.23467444351862873,0.13245248581518074,high_flow,4087170.csv
4087170,2015-04-20,daytime,6,0.6715988374935501,0.14406239209223343,0.13105835806131577,42.6664352416992,0.17474110224973216,0.14707772884180453,high_flow,4087170.csv
4087170,2015-04-20,nighttime,6,-0.4165706742703282,0.41128797781475473,-0.14745271296423823,42.6664352416992,0.17474110224973216,0.14707772884180453,high_flow,4087170.csv
4087170,2015-04-21,daytime,6,-0.9085881692885136,0.01215225994991227,-0.750069118053609,46.8741111755371,0.14920842756814665,0.16323850335277543,high_flow,4087170.csv
4087170,2015-04-21,nighttime,6,0.7680556548512172,0.0744581771419836,0.4083484573502818,46.8741111755371,0.14920842756814665,0.16323850335277543,high_flow,4087170.csv
4087170,2015-04-22,daytime,6,-0.962691033992764,0.00206197214232118,-1.1489036206019532,43.9436721801758,0.16575407689560767,0.1802364797841527,high_flow,4087170.csv
4087170,2015-04-22,nighttime,6,-0.5456521057160583,0.26275203925025653,-0.12992125984250827,43.9436721801758,0.16575407689560767,0.1802364797841527,high_flow,4087170.csv
4087170,2015-04-23,daytime,6,-0.9646187859219016,0.00185559982637291,-0.4277868773485031,44.6605377197266,0.16188548982264017,0.1968773558703329,high_flow,4087170.csv
4087170,2015-04-23,nighttime,6,-0.9784930663153794,6.888482980778131e-4,-2.458891013384979,44.6605377197266,0.16188548982264017,0.1968773558703329,high_flow,4087170.csv
4087170,2015-04-24,daytime,6,-0.7363893608146965,0.09507662696972168,-2.7527472527475214,43.7843055725098,0.16712296155219616,0.2121533150815379,high_flow,4087170.csv
4087170,2015-04-24,nighttime,6,-0.6133577216310921,0.195338364789242,-0.32317704481591775,43.7843055725098,0.16712296155219616,0.2121533150815379,high_flow,4087170.csv
4087170,2015-04-25,daytime,6,-0.5484713853569512,0.25978873903111077,-1.2767232767234622,42.5673751831055,0.17569336983692418,0.2251795421180018,high_flow,4087170.csv
4087170,2015-04-25,nighttime,6,0.28714697795692734,0.5811176535070826,0.2806691449814348,42.5673751831055,0.17569336983692418,0.2251795421180018,high_flow,4087170.csv
4087170,2015-04-26,daytime,6,-0.9501296985288696,0.00366855556217816,-0.43076484560572387,38.6062698364258,0.2049160814188787,0.23529341745030352,high_flow,4087170.csv
4087170,2015-04-26,nighttime,6,-0.8168998274268313,0.04721923152054692,-0.3479706684857339,38.6062698364258,0.2049160814188787,0.23529341745030352,high_flow,4087170.csv
4087170,2015-04-27,daytime,6,0.9673132785351556,0.00158517103794045,1.1812294057493555,34.7104568481445,0.23901916438519225,0.24224497083680513,high_flow,4087170.csv
4087170,2015-04-27,nighttime,6,-0.9916120476237648,1.052415388915258e-4,-0.8300834568285732,34.7104568481445,0.23901916438519225,0.24224497083680513,high_flow,4087170.csv
4087170,2015-04-28,daytime,6,-0.3822440023866276,0.454558923248517,-0.2928746928747871,32.3288116455078,0.26431377216997975,0.24970836805142244,high_flow,4087170.csv
4087170,2015-04-28,nighttime,6,-0.6243843773119933,0.18513338530093623,-1.1262180267965796,32.3288116455078,0.26431377216997975,0.24970836805142244,high_flow,4087170.csv
4087170,2015-04-29,daytime,6,-0.8414914890001449,0.03569616303616537,-0.3867971808927373,30.206506729126,0.2878228782287823,0.25623140102368763,normal_flow,4087170.csv
4087170,2015-04-29,nighttime,6,-0.9562567993229856,0.00282835080947682,-0.7020533446231639,30.206506729126,0.2878228782287823,0.25623140102368763,normal_flow,4087170.csv
4087170,2015-04-30,daytime,6,0.3951778061455593,0.4380898603221656,0.19188963210696297,28.5308666229248,0.3076419473872158,0.2623933658691426,normal_flow,4087170.csv
4087170,2015-04-30,nighttime,6,-0.9944539212410703,4.6053188510939986e-5,-1.7280892568941657,28.5308666229248,0.3076419473872158,0.2623933658691426,normal_flow,4087170.csv
4087170,2015-05-01,daytime,6,-0.39768420878588034,0.4349211084534936,-0.4123480210399713,27.4036865234375,0.3234733960242828,0.26948379161210967,normal_flow,4087170.csv
4087170,2015-05-01,nighttime,6,-0.5457319680634846,0.26266791781984217,-0.9549211119460684,27.4036865234375,0.3234733960242828,0.26948379161210967,normal_flow,4087170.csv
4087170,2015-05-02,daytime,6,0.9978653505464083,6.830228925801157e-6,1.1405551634909206,26.6986522674561,0.33329365551720036,0.27430067849065587,normal_flow,4087170.csv
4087170,2015-05-02,nighttime,6,0.9740659497233668,0.00100014114916403,2.6460566089582858,26.6986522674561,0.33329365551720036,0.27430067849065587,normal_flow,4087170.csv
4087170,2015-05-03,daytime,6,-0.4054991961801246,0.42508924065925147,-0.5043506813332335,26.2886009216309,0.33984049517914533,0.2793476967027735,normal_flow,4087170.csv
4087170,2015-05-03,nighttime,6,0.9314016621541296,0.00689719523758623,1.0079619415583032,26.2886009216309,0.33984049517914533,0.2793476967027735,normal_flow,4087170.csv
4087170,2015-05-04,daytime,6,0.5512254140754438,0.25690665029634824,0.5961304288999038,26.3540725708008,0.3389477443161528,0.2838550966154823,normal_flow,4087170.csv
4087170,2015-05-04,nighttime,6,-0.7782730923959508,0.06829387213716939,-0.2463248699364185,26.3540725708008,0.3389477443161528,0.2838550966154823,normal_flow,4087170.csv
4087170,2015-05-05,daytime,6,-0.1410260614193842,0.789863295705201,-0.13389121338918658,30.2937049865723,0.28669206046899176,0.2869221918025632,normal_flow,4087170.csv
4087170,2015-05-05,nighttime,6,-0.2633517388715951,0.6141046581610122,-0.2174099485419755,30.2937049865723,0.28669206046899176,0.2869221918025632,normal_flow,4087170.csv
4087170,2015-05-06,daytime,6,-0.9207212216398932,0.0091785485434465,-0.8350092952509496,33.8425941467285,0.2470539221521247,0.29040987184065387,normal_flow,4087170.csv
4087170,2015-05-06,nighttime,6,0.5616318398131858,0.24613009673804545,0.9343891402714966,33.8425941467285,0.2470539221521247,0.29040987184065387,normal_flow,4087170.csv
4087170,2015-05-07,daytime,6,-0.30734362275548566,0.5535004209129545,-0.04655671037174994,32.8788146972656,0.2581835495774313,0.2945681069713923,normal_flow,4087170.csv
4087170,2015-05-07,nighttime,6,-0.7022499350392156,0.11978412070788388,-0.3532189516763925,32.8788146972656,0.2581835495774313,0.2945681069713923,normal_flow,4087170.csv
4087170,2015-05-08,daytime,6,0.45673156981106816,0.3625405991024768,0.19813413884363204,31.938835144043,0.26824187596714677,0.2975955243423402,normal_flow,4087170.csv
4087170,2015-05-08,nighttime,6,0.34338543169386476,0.5051667509007397,0.12248532418711196,31.938835144043,0.26824187596714677,0.2975955243423402,normal_flow,4087170.csv
4087170,2015-05-09,daytime,6,0.6572341646036349,0.15609711901444132,0.3933723753749317,34.6562919616699,0.23937626473038923,0.3001309367932389,normal_flow,4087170.csv
4087170,2015-05-09,nighttime,6,-0.9000187359733784,0.01449466072148998,-0.5997268324987215,34.6562919616699,0.23937626473038923,0.3001309367932389,normal_flow,4087170.csv
4087170,2015-05-10,daytime,6,-0.8477412938968133,0.03300918538917807,-0.33851242212140253,33.4437141418457,0.25139864301868825,0.3034202277506646,normal_flow,4087170.csv
4087170,2015-05-10,nighttime,6,0.13911114371544514,0.7926793176146929,0.13515456506126206,33.4437141418457,0.25139864301868825,0.3034202277506646,normal_flow,4087170.csv
4087170,2015-05-11,daytime,6,-0.01672937525815376,0.9749082781545964,-0.0083495145631023,31.6012687683105,0.27252708010951077,0.3039082648891005,normal_flow,4087170.csv
4087170,2015-05-11,nighttime,6,-0.7211150157517963,0.10581985603496658,-0.7230769230771051,31.6012687683105,0.27252708010951077,0.3039082648891005,normal_flow,4087170.csv
4087170,2015-05-12,daytime,6,-0.9922804062712746,8.91581774986318e-5,-0.5281771132834833,30.4841003417969,0.2850255921914058,0.3061659326270682,normal_flow,4087170.csv
4087170,2015-05-12,nighttime,6,-0.8145704023010002,0.04838828532891914,-1.1750448833034977,30.4841003417969,0.2850255921914058,0.3061659326270682,normal_flow,4087170.csv
4087170,2015-05-13,daytime,6,0.5995866511823582,0.20839696860114457,0.54532577903689,27.8844814300537,0.31662897274134033,0.3151450224179661,normal_flow,4087170.csv
4087170,2015-05-13,nighttime,6,-0.957738236488084,0.00264134403071651,-0.5840688757053927,27.8844814300537,0.31662897274134033,0.3151450224179661,normal_flow,4087170.csv
4087170,2015-05-14,daytime,6,0.6437447917833524,0.16776910118102273,0.5750000000000896,25.5977554321289,0.35019640518985834,0.3294171328810062,normal_flow,4087170.csv
4087170,2015-05-14,nighttime,6,-0.6653870034788835,0.1492161706280931,-0.6292569659442299,25.5977554321289,0.35019640518985834,0.3294171328810062,normal_flow,4087170.csv
4087170,2015-05-15,daytime,6,-0.3824361433318662,0.4543128437096578,-0.11443963758061064,25.4385280609131,0.35305320795143436,0.34546680950680475,normal_flow,4087170.csv
4087170,2015-05-15,nighttime,6,-0.2079706218263715,0.6925416170037544,-0.14538745387452345,25.4385280609131,0.35305320795143436,0.34546680950680475,normal_flow,4087170.csv
4087170,2015-05-16,daytime,6,0.8459518897264431,0.03376838640868149,0.3100625186067511,24.9284782409668,0.3615045827877634,0.3631274054676031,normal_flow,4087170.csv
4087170,2015-05-16,nighttime,6,-0.12811444412996642,0.8088797248994499,-0.02201785594415453,24.9284782409668,0.3615045827877634,0.3631274054676031,normal_flow,4087170.csv
4087170,2015-05-17,daytime,6,-0.3919076242462118,0.4422354204061119,-0.07269220098033323,23.6624126434326,0.3826330198785859,0.3842161647422926,normal_flow,4087170.csv
4087170,2015-05-17,nighttime,6,-0.28299632562163957,0.5868376636573391,-0.3763023719795597,23.6624126434326,0.3826330198785859,0.3842161647422926,normal_flow,4087170.csv
4087170,2015-05-18,daytime,6,-0.3522355861609342,0.4934975391711059,-0.09046479154199072,25.8367214202881,0.34716105225568383,0.3994326072292981,normal_flow,4087170.csv
4087170,2015-05-18,nighttime,6,0.5680998406709665,0.23952377998186433,0.4113185530920423,25.8367214202881,0.34716105225568383,0.3994326072292981,normal_flow,4087170.csv
4087170,2015-05-19,daytime,6,-0.8708289152183603,0.02395013301647212,-0.2960885099981118,24.2554378509521,0.3728127603856683,0.4079871443875729,normal_flow,4087170.csv
4087170,2015-05-19,nighttime,6,-0.5406574748487011,0.26803371750914734,-0.18058808222739856,24.2554378509521,0.3728127603856683,0.4079871443875729,normal_flow,4087170.csv
4087170,2015-05-20,daytime,6,-0.8785599490873623,0.02122604908123911,-0.5119974319877921,21.5412311553955,0.4213784073324604,0.4102884577232869,normal_flow,4087170.csv
4087170,2015-05-20,nighttime,6,-0.09035031224774973,0.864843304510701,-0.04389976220958479,21.5412311553955,0.4213784073324604,0.4102884577232869,normal_flow,4087170.csv
4087170,2015-05-21,daytime,6,-0.8074613833328552,0.05203786738571238,-0.21912213576374015,19.5262050628662,0.46113557909772646,0.4066976153632504,normal_flow,4087170.csv
4087170,2015-05-21,nighttime,6,-0.04736113304248769,0.9290114177685574,-0.02492307692302817,19.5262050628662,0.46113557909772646,0.4066976153632504,normal_flow,4087170.csv
4087170,2015-05-22,daytime,6,0.971984209200362,0.00116633222073861,0.9220937986219176,17.9189376831055,0.498928698964409,0.4003094869658374,normal_flow,4087170.csv
4087170,2015-05-22,nighttime,6,-0.13135633305754352,0.8040987434339512,-0.04739948358536912,17.9189376831055,0.498928698964409,0.4003094869658374,normal_flow,4087170.csv
4087170,2015-05-23,daytime,6,0.7759829742172923,0.06965444823488448,1.006460283403688,16.5940933227539,0.5331508153791216,0.3938340673729318,normal_flow,4087170.csv
4087170,2015-05-23,nighttime,6,-0.1535430283092013,0.7714953814156986,-0.13580998781982698,16.5940933227539,0.5331508153791216,0.3938340673729318,normal_flow,4087170.csv
4087170,2015-05-24,daytime,6,0.9343409240422328,0.00632513949425532,1.5848221603014323,15.7529697418213,0.5557076538507321,0.3848510098004206,normal_flow,4087170.csv
4087170,2015-05-24,nighttime,6,-0.817528698471736,0.04690590204189001,-0.5775180653744694,15.7529697418213,0.5557076538507321,0.3848510098004206,normal_flow,4087170.csv
4087170,2015-05-25,daytime,6,-0.846065736100988,0.03371984190118926,-1.8945347944439612,18.7454071044922,0.47964528032377096,0.37439590524937505,normal_flow,4087170.csv
4087170,2015-05-25,nighttime,6,-0.2755176604504223,0.5971807795396618,-0.9603960396043106,18.7454071044922,0.47964528032377096,0.37439590524937505,normal_flow,4087170.csv
4087170,2015-05-26,daytime,6,0.46050316164125216,0.35807313579517797,0.1697306541256619,22.5820541381836,0.4008451374836329,0.3659048525969131,normal_flow,4087170.csv
4087170,2015-05-26,nighttime,6,-0.5828796485210692,0.22469682416846729,-0.5992533679595372,22.5820541381836,0.4008451374836329,0.3659048525969131,normal_flow,4087170.csv
4087170,2015-05-27,daytime,6,-0.9452383117422632,0.00441615291217385,-0.4739107003852082,27.6549873352051,0.3195452922271158,0.35606872197754236,normal_flow,4087170.csv
4087170,2015-05-27,nighttime,6,-0.983903380182454,3.865664278156557e-4,-0.5579416682147413,27.6549873352051,0.3195452922271158,0.35606872197754236,normal_flow,4087170.csv
4087170,2015-05-28,daytime,6,-0.7664900280800738,0.0754240722194712,-0.2569469615373034,32.4620590209961,0.26276633734079274,0.34582390985200173,normal_flow,4087170.csv
4087170,2015-05-28,nighttime,6,-0.5312605626579116,0.2780800583600526,-0.43550511703322525,32.4620590209961,0.26276633734079274,0.34582390985200173,normal_flow,4087170.csv
4087170,2015-05-29,daytime,6,-0.9658099565262442,0.00173345522834799,-0.24359734521738027,33.1256103515625,0.25437447922866324,0.33772963536086975,normal_flow,4087170.csv
4087170,2015-05-29,nighttime,6,-0.9351053910931116,0.00618031973144487,-0.6804002354325364,33.1256103515625,0.25437447922866324,0.33772963536086975,normal_flow,4087170.csv
4087170,2015-05-30,daytime,6,-0.8967301531415857,0.01544632293715736,-0.9251141552511432,33.0174140930176,0.25592191405785025,0.3331071697813752,normal_flow,4087170.csv
4087170,2015-05-30,nighttime,6,-0.9276898671462148,0.00765408697431462,-0.24462456377349215,33.0174140930176,0.25592191405785025,0.3331071697813752,normal_flow,4087170.csv
4087170,2015-05-31,daytime,6,-0.40208242860945914,0.4293787463726648,-0.5470213563136955,36.0874977111816,0.2267587192000952,0.33132563583700353,normal_flow,4087170.csv
4087170,2015-05-31,nighttime,6,0.4099759076958021,0.41949056393875633,0.30479857819901496,36.0874977111816,0.2267587192000952,0.33132563583700353,normal_flow,4087170.csv
4087170,2015-06-01,daytime,6,-0.9331290130118732,0.00655807888858055,-0.7303046218486211,36.2222633361816,0.2258064516129032,0.3304289171923977,normal_flow,4087170.csv
4087170,2015-06-01,nighttime,6,0.4321960327350152,0.3920716364228371,0.5206451612902454,36.2222633361816,0.2258064516129032,0.3304289171923977,normal_flow,4087170.csv
4087170,2015-06-02,daytime,6,-0.8183243265484619,0.04651087727580449,-0.4407342657342611,36.9313926696777,0.21979526246875372,0.33826925366027855,normal_flow,4087170.csv
4087170,2015-06-02,nighttime,6,0.793989222090741,0.05928906682923601,0.21462804750989867,36.9313926696777,0.21979526246875372,0.33826925366027855,normal_flow,4087170.csv
4087170,2015-06-03,daytime,6,-0.5855573898370436,0.22205112956120385,-0.49624416322666715,36.2710037231445,0.22527080109510772,0.35502122763163113,normal_flow,4087170.csv
4087170,2015-06-03,nighttime,6,-0.35180013156511214,0.4940697809927277,-0.29922779922778614,36.2710037231445,0.22527080109510772,0.35502122763163113,normal_flow,4087170.csv
4087170,2015-06-04,daytime,6,-0.9426178756289564,0.00484459100035239,-0.367844522968194,32.0090599060059,0.26770622544935124,0.377621711700988,normal_flow,4087170.csv
4087170,2015-06-04,nighttime,6,-0.5588394646826104,0.24900401772872235,-0.12241938824831113,32.0090599060059,0.26770622544935124,0.377621711700988,normal_flow,4087170.csv
4087170,2015-06-05,daytime,6,0.6108022696432062,0.19773547152220217,0.1916312219795342,26.2954807281494,0.33972146173074635,0.3861683132960362,normal_flow,4087170.csv
4087170,2015-06-05,nighttime,6,-0.9608004025009764,0.0022747954498673,-0.2767777579754011,26.2954807281494,0.33972146173074635,0.3861683132960362,normal_flow,4087170.csv
4087170,2015-06-06,daytime,6,-0.5864670964048245,0.2211551737786512,-0.43918002975699766,21.1106071472168,0.4295917152719914,0.3856485339046939,normal_flow,4087170.csv
4087170,2015-06-06,nighttime,6,0.5151603545755121,0.29561872056597704,0.278053208574786,21.1106071472168,0.4295917152719914,0.3856485339046939,normal_flow,4087170.csv
4087170,2015-06-07,daytime,6,-0.5804261970820058,0.2271319214935179,-0.2359019706922801,17.6049976348877,0.506427806213546,0.3833551561322065,normal_flow,4087170.csv
4087170,2015-06-07,nighttime,6,-0.6570911700535073,0.15621897980521232,-0.3646830530400899,17.6049976348877,0.506427806213546,0.3833551561322065,normal_flow,4087170.csv
4087170,2015-06-08,daytime,6,-0.5575962656181374,0.25028773144399213,-0.11972271447930342,16.2570400238037,0.542256874181645,0.378097845494584,normal_flow,4087170.csv
4087170,2015-06-08,nighttime,6,0.0597992967117636,0.9104079747559186,0.02603742880387745,16.2570400238037,0.542256874181645,0.378097845494584,normal_flow,4087170.csv
4087170,2015-06-09,daytime,6,-0.9873312536776532,2.3972905133583307e-4,-0.2837214244512584,14.3206224441528,0.5972503273419831,0.37134468118874736,normal_flow,4087170.csv
4087170,2015-06-09,nighttime,6,-0.7211447466486548,0.1057984510515562,-0.36393442622949645,14.3206224441528,0.5972503273419831,0.37134468118874736,normal_flow,4087170.csv
4087170,2015-06-10,daytime,6,-0.968387661306638,0.00148321419989001,-0.3389003055141051,12.7062520980835,0.6521247470539222,0.36674602229893266,normal_flow,4087170.csv
4087170,2015-06-10,nighttime,6,-0.9666804582931708,0.00164679224734621,-0.5826241924704814,12.7062520980835,0.6521247470539222,0.36674602229893266,normal_flow,4087170.csv
4087170,2015-06-11,daytime,6,-0.8909263475977417,0.01719676448913179,-0.6086185613287046,12.5163793563843,0.6585525532674682,0.3655160099988097,normal_flow,4087170.csv
4087170,2015-06-11,nighttime,6,-0.8334124052329769,0.03931561838021906,-0.2386380880121327,12.5163793563843,0.6585525532674682,0.3655160099988097,normal_flow,4087170.csv
4087170,2015-06-12,daytime,6,-0.5035229272541785,0.308546036962932,-0.25026642984013353,23.124231338501,0.3909653612665159,0.3664762131492283,normal_flow,4087170.csv
4087170,2015-06-12,nighttime,6,-0.9277157036557168,0.00764868581808364,-0.6121717188485739,23.124231338501,0.3909653612665159,0.3664762131492283,normal_flow,4087170.csv
4087170,2015-06-13,daytime,6,-0.5505852632837097,0.25757545097947115,-0.6093382232196402,33.9017448425293,0.24657778835852875,0.3695948894972821,normal_flow,4087170.csv
4087170,2015-06-13,nighttime,6,-0.8360485772166549,0.03811659076781325,-0.8841724013037935,33.9017448425293,0.24657778835852875,0.3695948894972821,normal_flow,4087170.csv
4087170,2015-06-14,daytime,6,-0.7031226339350932,0.11912143864863704,-0.38966024697683627,36.7011909484863,0.2215212474705392,0.3726937269372694,normal_flow,4087170.csv
4087170,2015-06-14,nighttime,6,-0.4511385386778239,0.3692013988270466,-0.20280680800236683,36.7011909484863,0.2215212474705392,0.3726937269372694,normal_flow,4087170.csv
4087170,2015-06-15,daytime,6,-0.5953216677876702,0.21251084584005375,-0.17568859549284693,47.1972694396973,0.14789905963575764,0.37353489663928896,normal_flow,4087170.csv
4087170,2015-06-15,nighttime,6,0.4748188586668302,0.3412963678555182,0.4219392752203668,47.1972694396973,0.14789905963575764,0.37353489663928896,normal_flow,4087170.csv
4087170,2015-06-16,daytime,6,-0.5410322056414552,0.26763604184854417,-0.3257981822419105,52.0051574707031,0.12450898702535412,0.36837678054199896,normal_flow,4087170.csv
4087170,2015-06-16,nighttime,6,0.02029779310531224,0.9695574916915212,0.00262211110433938,52.0051574707031,0.12450898702535412,0.36837678054199896,normal_flow,4087170.csv
4087170,2015-06-17,daytime,6,-0.04523983720336305,0.9321865390900858,-0.01334983464869874,46.5255699157715,0.15081537912153314,0.3606832519938103,normal_flow,4087170.csv
4087170,2015-06-17,nighttime,6,0.606400786466888,0.20189224917276913,0.27187375149822135,46.5255699157715,0.15081537912153314,0.3606832519938103,normal_flow,4087170.csv
4087170,2015-06-18,daytime,6,0.16028096907343323,0.7616373545598292,0.0702323274710659,38.342716217041,0.2068206165932627,0.34789112407253103,normal_flow,4087170.csv
4087170,2015-06-18,nighttime,6,-0.23082070977448327,0.659917791315045,-0.21527272727272057,38.342716217041,0.2068206165932627,0.34789112407253103,normal_flow,4087170.csv
4087170,2015-06-19,daytime,6,-0.7290572554745691,0.10017000673293094,-0.10681007915886272,30.7404918670654,0.2821092727056303,0.3314764115383089,normal_flow,4087170.csv
4087170,2015-06-19,nighttime,6,-0.6877474950228631,0.13102987668285265,-0.3253189401373473,30.7404918670654,0.2821092727056303,0.3314764115383089,normal_flow,4087170.csv
4087170,2015-06-20,daytime,6,0.06814312120259276,0.8979435289755731,0.08145544759144557,23.4195175170898,0.3865016069515534,0.33438876324247113,normal_flow,4087170.csv
4087170,2015-06-20,nighttime,6,-0.3490142144902162,0.4977355498791356,-0.26823708206679425,23.4195175170898,0.3865016069515534,0.33438876324247113,normal_flow,4087170.csv
4087170,2015-06-21,daytime,6,-0.20638364750303972,0.6948199029521231,-0.0206563978490177,18.887228012085,0.476074276871801,0.35042653652342975,normal_flow,4087170.csv
4087170,2015-06-21,nighttime,6,-0.9437288428919096,0.00466057497422114,-0.3929849677881171,18.887228012085,0.476074276871801,0.35042653652342975,normal_flow,4087170.csv
4087170,2015-06-22,daytime,6,-0.7014962396585346,0.12035772900583312,-1.4873566598059809,17.0902690887451,0.51904535174384,0.3723683688449787,normal_flow,4087170.csv
4087170,2015-06-22,nighttime,6,0.3392684516184699,0.5106227448203365,0.3612756264237565,17.0902690887451,0.51904535174384,0.3723683688449787,normal_flow,4087170.csv
4087170,2015-06-23,daytime,6,-0.945903605738586,0.00431047542654211,-0.4139569077645016,19.3459739685059,0.464885132722295,0.4039598460500734,normal_flow,4087170.csv
4087170,2015-06-23,nighttime,6,-0.2784025501439674,0.5931853844180943,-0.1271893244370243,19.3459739685059,0.464885132722295,0.4039598460500734,normal_flow,4087170.csv
4087170,2015-06-24,daytime,6,-0.9521921374091528,0.00337375296068211,-0.92289652873671,18.6526069641113,0.4818473991191525,0.44156648018093086,normal_flow,4087170.csv
4087170,2015-06-24,nighttime,6,-0.9612627000325554,0.00222180343517911,-0.6067023857662422,18.6526069641113,0.4818473991191525,0.44156648018093086,normal_flow,4087170.csv
4087170,2015-06-25,daytime,6,-0.7757987082324859,0.06976445320349052,-0.6209565938623406,19.5830421447754,0.46024282823473395,0.4793000833234139,normal_flow,4087170.csv
4087170,2015-06-25,nighttime,6,-0.5963322073723771,0.21153316368413905,-0.44219480052709514,19.5830421447754,0.46024282823473395,0.4793000833234139,normal_flow,4087170.csv
4087170,2015-06-26,daytime,6,-0.3720767736022576,0.4676402032430578,-0.2036344200962135,21.964168548584,0.4123318652541364,0.514522080704678,normal_flow,4087170.csv
4087170,2015-06-26,nighttime,6,-0.4541488352239263,0.3656111102327415,-0.20258132031046963,21.964168548584,0.4123318652541364,0.514522080704678,normal_flow,4087170.csv
4087170,2015-06-27,daytime,6,-0.9306263002013144,0.00705212757849671,-0.42353689567432307,20.8877620697021,0.43465063682894894,0.5456651985874698,normal_flow,4087170.csv
4087170,2015-06-27,nighttime,6,-0.9832584753826265,4.1807182384102177e-4,-1.1340038455852228,20.8877620697021,0.43465063682894894,0.5456651985874698,normal_flow,4087170.csv
4087170,2015-06-28,daytime,6,-0.8485419348027552,0.03267212867996553,-0.6484213336894417,18.4334888458252,0.487144387572908,0.5704995437051145,normal_flow,4087170.csv
4087170,2015-06-28,nighttime,6,-0.9294655032630252,0.00728721422043135,-0.7765414082451416,18.4334888458252,0.487144387572908,0.5704995437051145,normal_flow,4087170.csv
4087170,2015-06-29,daytime,6,-0.6836020834048513,0.13432453781580528,-0.37989756722152934,15.9118900299072,0.5506487322937745,0.5894814109431417,normal_flow,4087170.csv
4087170,2015-06-29,nighttime,6,-0.9290148051669032,0.00737950325416618,-0.6701596198366724,15.9118900299072,0.5506487322937745,0.5894814109431417,normal_flow,4087170.csv
4087170,2015-06-30,daytime,6,-0.7603692382412451,0.07925420609955924,-5.1857767316746415,13.5630283355713,0.6217712177121771,0.5966115145022418,normal_flow,4087170.csv
4087170,2015-06-30,nighttime,6,-0.0319273451943963,0.952125254863811,-0.02016894280505429,13.5630283355713,0.6217712177121771,0.5966115145022418,normal_flow,4087170.csv
4087170,2015-07-01,daytime,6,0.3706556874449444,0.4694778529992956,0.16848747410054551,11.7348899841309,0.6886084989882156,0.5975875887791136,normal_flow,4087170.csv
4087170,2015-07-01,nighttime,6,-0.21909832354116116,0.6766113209075499,-0.2134379533165953,11.7348899841309,0.6886084989882156,0.5975875887791136,normal_flow,4087170.csv
4087170,2015-07-02,daytime,6,0.942893512699756,0.00479860990166681,1.10187403128075,10.8967237472534,0.7168194262587787,0.6002221957703449,normal_flow,4087170.csv
4087170,2015-07-02,nighttime,6,-0.8654712943802914,0.02592961053705957,-0.6216171065820015,10.8967237472534,0.7168194262587787,0.6002221957703449,normal_flow,4087170.csv
4087170,2015-07-03,daytime,6,0.5325872929498108,0.2766530469168882,0.19818649268789945,10.3940410614014,0.7351505773122248,0.6058485100980042,normal_flow,4087170.csv
4087170,2015-07-03,nighttime,6,-0.968690093969534,0.00145511861308877,-0.9625896822686012,10.3940410614014,0.7351505773122248,0.6058485100980042,normal_flow,4087170.csv
4087170,2015-07-04,daytime,6,0.9693082437279036,0.00139852028441609,0.33604096088698254,10.0134792327881,0.7492560409475062,0.6173471412133477,normal_flow,4087170.csv
4087170,2015-07-04,nighttime,6,0.3435760688745615,0.5049145319138552,0.08823529411763774,10.0134792327881,0.7492560409475062,0.6173471412133477,normal_flow,4087170.csv
4087170,2015-07-05,daytime,6,0.7680033086537464,0.07449038031707253,0.2479691876750814,9.73983478546143,0.7590167837162243,0.6311232789747252,normal_flow,4087170.csv
4087170,2015-07-05,nighttime,6,-0.8263781438148439,0.04259994714690542,-0.28571428571430185,9.73983478546143,0.7590167837162243,0.6311232789747252,normal_flow,4087170.csv
4087170,2015-07-06,daytime,6,-0.3212432859378172,0.5347107827389969,-0.2571264036857141,9.67965316772461,0.7608022854422093,0.6337618537475698,normal_flow,4087170.csv
4087170,2015-07-06,nighttime,6,-0.8620071590959544,0.02724920470727978,-0.7728535061328593,9.67965316772461,0.7608022854422093,0.6337618537475698,normal_flow,4087170.csv
4087170,2015-07-07,daytime,6,0.5190956915742665,0.2912943126348714,0.3885400313971121,13.4247760772705,0.6259969051303417,0.6229179065984208,normal_flow,4087170.csv
4087170,2015-07-07,nighttime,6,0.08976490502459886,0.8657142935140562,0.04696738191714021,13.4247760772705,0.6259969051303417,0.6229179065984208,normal_flow,4087170.csv
4087170,2015-07-08,daytime,6,0.7169710763502541,0.10882198887908448,1.1726283048212414,18.7493286132812,0.479526246875372,0.6096456771019323,normal_flow,4087170.csv
4087170,2015-07-08,nighttime,6,-0.45976574724208574,0.35894506516838676,-0.4302819956615856,18.7493286132812,0.479526246875372,0.6096456771019323,normal_flow,4087170.csv
4087170,2015-07-09,daytime,6,-0.5885264158523743,0.2191323643923107,-0.22034083460782872,17.0063724517822,0.5213665039876205,0.59285799309606,normal_flow,4087170.csv
4087170,2015-07-09,nighttime,6,-0.8078089660088109,0.05185657239057309,-1.3204404021061655,17.0063724517822,0.5213665039876205,0.59285799309606,normal_flow,4087170.csv
4087170,2015-07-10,daytime,6,-0.5355127897211737,0.27351637386259553,-0.1720898258478279,16.1774826049805,0.5446375431496251,0.567107090425743,normal_flow,4087170.csv
4087170,2015-07-10,nighttime,6,-0.17763581432968875,0.7363488816056796,-0.3612373552266608,16.1774826049805,0.5446375431496251,0.567107090425743,normal_flow,4087170.csv
4087170,2015-07-11,daytime,6,-0.8890802933857624,0.01777243934212047,-0.335285505124462,14.7398204803467,0.5848113319842876,0.5375233107169781,normal_flow,4087170.csv
4087170,2015-07-11,nighttime,6,-0.6443692823081955,0.16722093229680646,-0.49709202873757047,14.7398204803467,0.5848113319842876,0.5375233107169781,normal_flow,4087170.csv
4087170,2015-07-12,daytime,6,0.8433851534141082,0.03487157432019516,0.7486687106664399,13.0112504959106,0.6412927032496132,0.504245526326231,normal_flow,4087170.csv
4087170,2015-07-12,nighttime,6,0.16395847455825005,0.7562660852843602,0.08557969118041832,13.0112504959106,0.6412927032496132,0.504245526326231,normal_flow,4087170.csv
4087170,2015-07-13,daytime,6,0.07572123728031074,0.8866352257272859,0.15378289473695045,16.8282604217529,0.5267230091655756,0.4714399079474666,normal_flow,4087170.csv
4087170,2015-07-13,nighttime,6,-0.08861372192910633,0.8674273319342577,-0.04894403379095637,16.8282604217529,0.5267230091655756,0.4714399079474666,normal_flow,4087170.csv
4087170,2015-07-14,daytime,6,-0.7676207021093583,0.07472595004476065,-0.44391174600069383,23.3256130218506,0.3879895250565409,0.44309804388366464,normal_flow,4087170.csv
4087170,2015-07-14,nighttime,6,-0.9448848887920543,0.00447280231415391,-1.0169718624385322,23.3256130218506,0.3879895250565409,0.44309804388366464,normal_flow,4087170.csv
4087170,2015-07-15,daytime,6,-0.6811524921713618,0.136287985881375,-0.4653897550110697,21.4761619567871,0.4226877752648494,0.4297623298813633,normal_flow,4087170.csv
4087170,2015-07-15,nighttime,6,-0.9194975241561644,0.00946011879611032,-1.419060126763072,21.4761619567871,0.4226877752648494,0.4297623298813633,normal_flow,4087170.csv
4087170,2015-07-16,daytime,6,-0.3221368529275945,0.5335091378442807,-0.150907461348875,20.7579498291016,0.43679323890013094,0.4329960718962028,normal_flow,4087170.csv
4087170,2015-07-16,nighttime,6,-0.8672429326829054,0.02526677397171419,-0.8211521926053673,20.7579498291016,0.43679323890013094,0.4329960718962028,normal_flow,4087170.csv
4087170,2015-07-17,daytime,6,-0.9500305732146652,0.00368302999934757,-0.546866686255643,26.9055042266846,0.3305558862040233,0.4404356624211403,normal_flow,4087170.csv
4087170,2015-07-17,nighttime,6,-0.6660355163548716,0.1486745049663171,-0.224029049573738,26.9055042266846,0.3305558862040233,0.4404356624211403,normal_flow,4087170.csv
4087170,2015-07-18,daytime,6,-0.0416880055463843,0.9375042162603684,-0.00754570958691947,29.8490123748779,0.2913938816807523,0.45237074951394673,normal_flow,4087170.csv
4087170,2015-07-18,nighttime,6,-0.01888982025731394,0.9716686397970076,-0.01571497766534769,29.8490123748779,0.2913938816807523,0.45237074951394673,normal_flow,4087170.csv
4087170,2015-07-19,daytime,6,-0.2579044851402485,0.6217204950431401,-0.09474292316581198,33.5656356811523,0.25008927508629925,0.46580962583819385,normal_flow,4087170.csv
4087170,2015-07-19,nighttime,6,-0.9467124239548774,0.00418369185294114,-0.8627660483802359,33.5656356811523,0.25008927508629925,0.46580962583819385,normal_flow,4087170.csv
4087170,2015-07-20,daytime,6,-0.8044733465797496,0.05360845060017044,-0.40454011033733434,32.0814056396484,0.26693250803475777,0.4782763956671825,normal_flow,4087170.csv
4087170,2015-07-20,nighttime,6,-0.8178395205979975,0.0467513957715734,-0.21068585708997928,32.0814056396484,0.26693250803475777,0.4782763956671825,normal_flow,4087170.csv
4087170,2015-07-21,daytime,6,0.35214007007225756,0.4936230421154991,0.08733709395059806,26.5349712371826,0.3356743244851803,0.5001071301035591,normal_flow,4087170.csv
4087170,2015-07-21,nighttime,6,-0.7135190453537916,0.11135106852236328,-0.8431731502669368,26.5349712371826,0.3356743244851803,0.5001071301035591,normal_flow,4087170.csv
4087170,2015-07-22,daytime,6,-0.8996366688403329,0.01460372756939118,-0.4655338836373357,21.3008823394775,0.4259611950958219,0.5322302900448359,normal_flow,4087170.csv
4087170,2015-07-22,nighttime,6,-0.973576674083214,0.00103806394935794,-1.2256685714285438,21.3008823394775,0.4259611950958219,0.5322302900448359,normal_flow,4087170.csv
4087170,2015-07-23,daytime,6,-0.08591169381206429,0.8714495086186501,-0.00923408798247789,16.7820053100586,0.5280323770979646,0.5627901440304726,normal_flow,4087170.csv
4087170,2015-07-23,nighttime,6,-0.9423100285456312,0.00489619926630988,-0.485285454498893,16.7820053100586,0.5280323770979646,0.5627901440304726,normal_flow,4087170.csv
4087170,2015-07-24,daytime,6,-0.36345795348366366,0.47881977362470807,-0.1980275692031753,13.2495498657227,0.6329603618616831,0.5934333214299885,normal_flow,4087170.csv
4087170,2015-07-24,nighttime,6,-0.9340377719005738,0.00638302196414146,-0.4503925697081872,13.2495498657227,0.6329603618616831,0.5934333214299885,normal_flow,4087170.csv
4087170,2015-07-25,daytime,6,0.3160773628601449,0.5416727942655539,0.05050564281138901,10.7077569961548,0.7236638495417212,0.6308375986985676,normal_flow,4087170.csv
4087170,2015-07-25,nighttime,6,-0.9510344198311408,0.00353774143787445,-0.25762639412427546,10.7077569961548,0.7236638495417212,0.6308375986985676,normal_flow,4087170.csv
4087170,2015-07-26,daytime,6,-0.19533614793789036,0.7107224217013286,-0.10247176297265738,8.98252105712891,0.7863944768479942,0.6698567630837599,normal_flow,4087170.csv
4087170,2015-07-26,nighttime,6,-0.581114123943048,0.22644808162533503,-0.14910943239310792,8.98252105712891,0.7863944768479942,0.6698567630837599,normal_flow,4087170.csv
4087170,2015-07-27,daytime,6,0.9125197996841448,0.0111444445690011,0.4265514170786324,7.84710741043091,0.8282942506844423,0.6934095147403087,normal_flow,4087170.csv
4087170,2015-07-27,nighttime,6,0.6074310418652791,0.20091610332670473,0.23157708070618996,7.84710741043091,0.8282942506844423,0.6934095147403087,normal_flow,4087170.csv
4087170,2015-07-28,daytime,6,0.9000506362868377,0.01448557211976145,0.4303970011927133,7.10331535339355,0.8541840257112249,0.71707336428203,normal_flow,4087170.csv
4087170,2015-07-28,nighttime,6,-0.1279602932416191,0.8091071606069584,-0.04968370175563401,7.10331535339355,0.8541840257112249,0.71707336428203,normal_flow,4087170.csv
4087170,2015-07-29,daytime,6,-0.9854422726804634,3.163485462347453e-4,-0.8803022077902308,6.63114213943481,0.8698369241756934,0.7387691941435544,normal_flow,4087170.csv
4087170,2015-07-29,nighttime,6,-0.04028307134918361,0.9396080771665672,-0.213798977851256,6.63114213943481,0.8698369241756934,0.7387691941435544,normal_flow,4087170.csv
4087170,2015-07-30,daytime,6,-0.08839298670408309,0.8677558412936647,-0.01500571409640516,6.29224872589111,0.8810855850493989,0.7526762686981708,normal_flow,4087170.csv
4087170,2015-07-30,nighttime,6,0.6863086111927432,0.13216945601772503,0.16631998613275709,6.29224872589111,0.8810855850493989,0.7526762686981708,normal_flow,4087170.csv
4087170,2015-07-31,daytime,6,-0.35773830780787896,0.4862836217773199,-0.10324021386699064,5.64079093933105,0.8964408998928699,0.7609729000515811,normal_flow,4087170.csv
4087170,2015-07-31,nighttime,6,-0.43750116952239054,0.3856186986856544,-0.22274881516583103,5.64079093933105,0.8964408998928699,0.7609729000515811,normal_flow,4087170.csv
4087170,2015-08-01,daytime,6,0.0428488614387795,0.9357660436306696,0.01519524118029514,5.85399913787842,0.8916200452327104,0.764250287664167,normal_flow,4087170.csv
4087170,2015-08-01,nighttime,6,0.3150263967552931,0.5430922715233681,0.1467468650144087,5.85399913787842,0.8916200452327104,0.764250287664167,normal_flow,4087170.csv
4087170,2015-08-02,daytime,6,-0.6638567038771988,0.15049766860333638,-0.34543544244692775,6.43268537521362,0.8766813474586359,0.7659762726659525,normal_flow,4087170.csv
4087170,2015-08-02,nighttime,6,-0.46833255743461955,0.3488621145931023,-0.23559315456558147,6.43268537521362,0.8766813474586359,0.7659762726659525,normal_flow,4087170.csv
4087170,2015-08-03,daytime,6,-0.8266555381665948,0.04246810026401428,-0.1769580760481228,14.1193151473999,0.6033805499345316,0.7626076260762608,normal_flow,4087170.csv
4087170,2015-08-03,nighttime,6,0.18115616988911443,0.7312382967124615,0.26329140682823177,14.1193151473999,0.6033805499345316,0.7626076260762608,normal_flow,4087170.csv
4087170,2015-08-04,daytime,6,-0.7259008294761368,0.10239894889084283,-0.36233619839370296,13.5605640411377,0.6218902511605762,0.7403563067888743,normal_flow,4087170.csv
4087170,2015-08-04,nighttime,6,-0.8825615207860801,0.01987785080269084,-0.3208550929767335,13.5605640411377,0.6218902511605762,0.7403563067888743,normal_flow,4087170.csv
4087170,2015-08-05,daytime,6,0.95312642187698,0.00324420476221632,0.6752144232452163,12.4444065093994,0.6611117724080466,0.7169463952704043,normal_flow,4087170.csv
4087170,2015-08-05,nighttime,6,-0.39564510822196225,0.43749850139432594,-0.1828704878915245,12.4444065093994,0.6611117724080466,0.7169463952704043,normal_flow,4087170.csv
4087170,2015-08-08,daytime,6,-0.8623571903254214,0.02711445569421023,-0.38793650793651546,11.8953552246094,0.6821211760504702,0.6770582867118994,normal_flow,4087170.csv
4087170,2015-08-08,nighttime,6,0.8765833533638007,0.02190758226561398,3.63844977052585,11.8953552246094,0.6821211760504702,0.6770582867118994,normal_flow,4087170.csv
4087170,2015-08-09,daytime,6,-0.609988135822565,0.19850167440431052,-0.5493439121146954,10.0041379928589,0.7495536245685037,0.6662262429075904,normal_flow,4087170.csv
4087170,2015-08-09,nighttime,6,0.03097716750178433,0.9535491113585128,0.01989876069128407,10.0041379928589,0.7495536245685037,0.6662262429075904,normal_flow,4087170.csv
4087170,2015-08-10,daytime,6,-0.9085923236923744,0.01215117276051028,-0.3140372257921352,10.3701152801514,0.7358647780026187,0.6587430067849066,normal_flow,4087170.csv
4087170,2015-08-10,nighttime,6,-0.7592248342358311,0.07997982980072248,-1.2169025811824408,10.3701152801514,0.7358647780026187,0.6587430067849066,normal_flow,4087170.csv
4087170,2015-08-11,daytime,6,-0.6754985388470974,0.140866601082365,-0.2181795958279051,18.124418258667,0.494524461373646,0.6557949450462247,normal_flow,4087170.csv
4087170,2015-08-11,nighttime,6,-0.7600370367105495,0.07946453510397969,-1.0087136316644514,18.124418258667,0.494524461373646,0.6557949450462247,normal_flow,4087170.csv
4087170,2015-08-12,daytime,6,0.4677205616025245,0.34957902282819436,0.5337247206500816,17.7533111572266,0.5030353529341745,0.6410308296631353,normal_flow,4087170.csv
4087170,2015-08-12,nighttime,6,-0.558111536409287,0.249755354433165,-1.161670235545892,17.7533111572266,0.5030353529341745,0.6410308296631353,normal_flow,4087170.csv
4087170,2015-08-13,daytime,6,0.6609354465645046,0.15295691765744862,1.5670600858368269,14.0203285217285,0.6065944530413047,0.6244653414276078,normal_flow,4087170.csv
4087170,2015-08-13,nighttime,6,-0.3464003382521037,0.5011823341757107,-0.2768050028425049,14.0203285217285,0.6065944530413047,0.6244653414276078,normal_flow,4087170.csv
4087170,2015-08-14,daytime,6,-0.16066893814742664,0.7610703875481677,-0.08706328831340157,10.861273765564,0.7178907272943698,0.6158552553267468,normal_flow,4087170.csv
4087170,2015-08-14,nighttime,6,0.7479562115816007,0.08728343108603626,0.26055733354147886,10.861273765564,0.7178907272943698,0.6158552553267468,normal_flow,4087170.csv
4087170,2015-08-15,daytime,6,-0.7987056406165319,0.05670096342226606,-0.24666449723398304,10.6850576400757,0.7245566004047137,0.6106336547236441,normal_flow,4087170.csv
4087170,2015-08-15,nighttime,6,-0.973641969953072,0.00103296255728234,-0.7260076913486793,10.6850576400757,0.7245566004047137,0.6106336547236441,normal_flow,4087170.csv
4087170,2015-08-16,daytime,6,0.8911529854584331,0.01712671696741185,0.285332901868776,10.5364875793457,0.7291393881680752,0.6072134269729794,normal_flow,4087170.csv
4087170,2015-08-16,nighttime,6,-0.8725322112013192,0.02333650508593287,-0.7502381846002542,10.5364875793457,0.7291393881680752,0.6072134269729794,normal_flow,4087170.csv
4087170,2015-08-17,daytime,6,-0.2989861265574905,0.564884399300636,-0.11001178541809647,9.59148406982422,0.7644328056183788,0.6030829663135341,normal_flow,4087170.csv
4087170,2015-08-17,nighttime,6,-0.12152541982249886,0.818609239952186,-0.08680577644886209,9.59148406982422,0.7644328056183788,0.6030829663135341,normal_flow,4087170.csv
4087170,2015-08-18,daytime,6,0.8040080460873935,0.0538549646264287,0.4082178704694685,15.6095790863037,0.5591596238543031,0.6059834146728564,normal_flow,4087170.csv
4087170,2015-08-18,nighttime,6,0.20147484482070105,0.7018768776123812,0.05375187125748547,15.6095790863037,0.5591596238543031,0.6059834146728564,normal_flow,4087170.csv
4087170,2015-08-19,daytime,6,-0.4790301398815979,0.3364162833171717,-0.16192541920412193,22.6138477325439,0.4004285204142364,0.629452842915526,normal_flow,4087170.csv
4087170,2015-08-19,nighttime,6,-0.21465249399968123,0.6829663902274341,-0.0811866473591966,22.6138477325439,0.4004285204142364,0.629452842915526,normal_flow,4087170.csv
4087170,2015-08-20,daytime,6,-0.949398546983668,0.00377597788251848,-0.4779943952742672,21.948314666748,0.4126294488751339,0.655045034321311,normal_flow,4087170.csv
4087170,2015-08-20,nighttime,6,-0.9892270117665316,1.7346077138609997e-4,-0.3358386162124473,21.948314666748,0.4126294488751339,0.655045034321311,normal_flow,4087170.csv
4087170,2015-08-21,daytime,6,-0.9097542099527498,0.01184895941965914,-0.22974112555490517,17.6370964050293,0.5054160219021545,0.6753323017101138,normal_flow,4087170.csv
4087170,2015-08-21,nighttime,6,-0.7467349306924688,0.0880921775914226,-0.2870244059014189,17.6370964050293,0.5054160219021545,0.6753323017101138,normal_flow,4087170.csv
4087170,2015-08-22,daytime,6,-0.6274379465296699,0.18234745635461905,-0.09451991011599592,15.1061925888062,0.574157838352577,0.6728206959488949,normal_flow,4087170.csv
4087170,2015-08-22,nighttime,6,-0.908495974882893,0.01217639893029446,-0.4955809534776768,15.1061925888062,0.574157838352577,0.6728206959488949,normal_flow,4087170.csv
4087170,2015-08-23,daytime,6,-0.9862451979606328,2.8249070172175507e-4,-0.3287764866712067,13.2998962402344,0.6308177597905011,0.6571281196682934,normal_flow,4087170.csv
4087170,2015-08-23,nighttime,6,-0.92860093006345,0.00746475072175328,-0.4538526571486423,13.2998962402344,0.6308177597905011,0.6571281196682934,normal_flow,4087170.csv
4087170,2015-08-24,daytime,6,-0.9896821952500452,1.5913644052778717e-4,-0.31977208136755875,11.7692775726318,0.68759671467682415,0.6445859619886521,normal_flow,4087170.csv
4087170,2015-08-24,nighttime,6,-0.5007846355801208,0.31161774695364103,-0.23972806669312677,11.7692775726318,0.68759671467682415,0.6445859619886521,normal_flow,4087170.csv
4087170,2015-08-25,daytime,6,-0.1754381590112434,0.7395426273503948,-0.07374027038099432,9.17221069335938,0.7793715033924533,0.6290124191564497,normal_flow,4087170.csv
4087170,2015-08-25,nighttime,6,-0.7025759715241282,0.11953635774139568,-0.14635284358963782,9.17221069335938,0.7793715033924533,0.6290124191564497,normal_flow,4087170.csv
4087170,2015-08-26,daytime,6,-0.9276779708218056,0.00765657454118863,-0.6802088061734005,7.32909393310547,0.8465658850136889,0.6286394476847994,normal_flow,4087170.csv
4087170,2015-08-26,nighttime,6,-0.8269918661828227,0.0423084978776635,-0.403098220171491,7.32909393310547,0.8465658850136889,0.6286394476847994,normal_flow,4087170.csv
4087170,2015-08-27,daytime,6,-0.9744235646230056,9.728656055406982e-4,-0.2003534817957068,6.06401968002319,0.8869182240209499,0.6448795778280363,normal_flow,4087170.csv
4087170,2015-08-27,nighttime,6,-0.866312397727327,0.02561390502169588,-0.2811505507956068,6.06401968002319,0.8869182240209499,0.6448795778280363,normal_flow,4087170.csv
4087170,2015-08-28,daytime,6,-0.928164293528674,0.00755520371987281,-0.8268630723459919,5.01632452011108,0.9109034638733484,0.6685156528984645,normal_flow,4087170.csv
4087170,2015-08-28,nighttime,6,-0.7901130967522707,0.06145574555414278,-0.334595421378601,5.01632452011108,0.9109034638733484,0.6685156528984645,normal_flow,4087170.csv
4087170,2015-08-29,daytime,6,-0.7582392783946871,0.08060712464013547,-0.27149321266972204,11.9569940567017,0.6802166408760861,0.6919652422330674,normal_flow,4087170.csv
4087170,2015-08-29,nighttime,6,-0.6677094934216578,0.14728021390699364,-0.29884763124196667,11.9569940567017,0.6802166408760861,0.6919652422330674,normal_flow,4087170.csv
4087170,2015-08-30,daytime,6,-0.18551583657176068,0.7249186133102354,-0.04878574507834647,18.3566875457764,0.489167956195691,0.7095821925961195,normal_flow,4087170.csv
4087170,2015-08-30,nighttime,6,-0.7124054591645242,0.11217236849873174,-0.4098840613654861,18.3566875457764,0.489167956195691,0.7095821925961195,normal_flow,4087170.csv
4087170,2015-08-31,daytime,6,0.3903475957978056,0.4442174809869204,0.20219461029528285,16.3008308410645,0.5410070229734555,0.7252668333134944,normal_flow,4087170.csv
4087170,2015-08-31,nighttime,6,-0.240860627353224,0.6456956841368058,-0.1622580645161143,16.3008308410645,0.5410070229734555,0.7252668333134944,normal_flow,4087170.csv
4087170,2015-09-01,daytime,6,-0.32069868540278273,0.5354435244616492,-0.10004960506733676,16.6949806213379,0.5308296631353411,0.7266158790620164,normal_flow,4087170.csv
4087170,2015-09-01,nighttime,6,-0.7196290059232692,0.10689215474303249,-0.48955902767522896,16.6949806213379,0.5308296631353411,0.7266158790620164,normal_flow,4087170.csv
4087170,2015-09-02,daytime,6,-0.2322969666248172,0.6578221406631235,-0.3970149253732683,15.828143119812,0.5535650517795501,0.7014799825417609,normal_flow,4087170.csv
4087170,2015-09-02,nighttime,6,-0.44850045476728234,0.3723578471279086,-0.1528880112406589,15.828143119812,0.5535650517795501,0.7014799825417609,normal_flow,4087170.csv
4087170,2015-09-03,daytime,6,0.13522198719140163,0.7984032852720704,0.00897520118245578,12.9334783554077,0.6440304725627901,0.6723763044082054,normal_flow,4087170.csv
4087170,2015-09-03,nighttime,6,0.3922950153985614,0.4417436719603453,0.16158077562709272,12.9334783554077,0.6440304725627901,0.6723763044082054,normal_flow,4087170.csv
4087170,2015-09-04,daytime,6,-0.04153658876758345,0.9377309481419932,-0.02929508222232021,9.51589298248291,0.7671705749315557,0.6433361107804626,normal_flow,4087170.csv
4087170,2015-09-04,nighttime,6,-0.9241844180438076,0.00840410962496005,-0.3884090909090964,9.51589298248291,0.7671705749315557,0.6433361107804626,normal_flow,4087170.csv
4087170,2015-09-05,daytime,6,0.5079370048180727,0.3036183666137381,0.05771478179571625,7.02419519424438,0.8571598619211999,0.6158552553267468,normal_flow,4087170.csv
4087170,2015-09-05,nighttime,6,-0.5949051856141074,0.21291431710733175,-0.18433597421777423,7.02419519424438,0.8571598619211999,0.6158552553267468,normal_flow,4087170.csv
4087170,2015-09-06,daytime,6,0.9603647048846335,0.00232530226372187,0.6075519239767767,7.59528017044067,0.8384120937983573,0.6085227949053684,normal_flow,4087170.csv
4087170,2015-09-06,nighttime,6,-0.794816796744487,0.05883109884824027,-0.1815274782479314,7.59528017044067,0.8384120937983573,0.6085227949053684,normal_flow,4087170.csv
4087170,2015-09-07,daytime,6,0.46529562482290615,0.35242481845189816,0.1123806201212546,6.73601627349854,0.8660873705511248,0.6202991707336428,normal_flow,4087170.csv
4087170,2015-09-07,nighttime,6,-0.8825586045549664,0.01987881791709174,-0.27131546429501563,6.73601627349854,0.8660873705511248,0.6202991707336428,normal_flow,4087170.csv
4087170,2015-09-08,daytime,6,-0.893032177843728,0.01655120340531577,-0.3175202266196568,11.1956520080566,0.7078324009046542,0.6362853628536286,normal_flow,4087170.csv
4087170,2015-09-08,nighttime,6,0.17344893441826853,0.7424356634553215,0.05742501329913314,11.1956520080566,0.7078324009046542,0.6362853628536286,normal_flow,4087170.csv
4087170,2015-09-09,daytime,6,-0.9383798718776332,0.00557857323323419,-0.5549167086452493,22.5285758972168,0.4023330555886204,0.659607983176606,normal_flow,4087170.csv
4087170,2015-09-09,nighttime,6,-0.9112793333511424,0.01145785902941529,-0.5847430083729044,22.5285758972168,0.4023330555886204,0.659607983176606,normal_flow,4087170.csv
4087170,2015-09-10,daytime,6,-0.8804645836189542,0.02057906985956277,-0.6010499885871242,22.0848655700684,0.4100107130103559,0.6847319763520215,normal_flow,4087170.csv
4087170,2015-09-10,nighttime,6,-0.8881027501606408,0.01808095935630694,-0.41265690376571657,22.0848655700684,0.4100107130103559,0.6847319763520215,normal_flow,4087170.csv
4087170,2015-09-11,daytime,6,-0.8674205328503236,0.02520077712895572,-0.21441928636409643,19.98708152771,0.451315319604809,0.6764869261595842,normal_flow,4087170.csv
4087170,2015-09-11,nighttime,6,-0.9037694848563846,0.01344490576797724,-0.4726529698259272,19.98708152771,0.451315319604809,0.6764869261595842,normal_flow,4087170.csv
4087170,2015-09-12,daytime,6,-0.9368510088184482,0.00585578001247234,-0.14843703679304382,17.9262809753418,0.498690632067611,0.6399476252827044,normal_flow,4087170.csv
4087170,2015-09-12,nighttime,6,-0.9421209033706855,0.00492803754749704,-0.35562805872757053,17.9262809753418,0.498690632067611,0.6399476252827044,normal_flow,4087170.csv
4087170,2015-09-13,daytime,6,0.45761635589748306,0.3614908111578439,0.06766811736627597,15.2163696289062,0.57022973455541,0.597301908502956,normal_flow,4087170.csv
4087170,2015-09-13,nighttime,6,-0.7399898403776166,0.0926188944343207,-0.5336142625608017,15.2163696289062,0.57022973455541,0.597301908502956,normal_flow,4087170.csv
4087170,2015-09-14,daytime,6,0.27163229485866913,0.6025726304058587,0.7375706446062539,12.3344497680664,0.6658135936198072,0.5596754354640321,normal_flow,4087170.csv
4087170,2015-09-14,nighttime,6,-0.3802834314184671,0.457072289918944,-0.19890308247710375,12.3344497680664,0.6658135936198072,0.5596754354640321,normal_flow,4087170.csv
4087170,2015-09-15,daytime,6,-0.6219576187078142,0.18735990264830177,-0.8268583564775664,9.13578605651855,0.7807999047732412,0.5236519461968814,normal_flow,4087170.csv
4087170,2015-09-15,nighttime,6,-0.3200189663346199,0.536358463899738,-0.2133206921071188,9.13578605651855,0.7807999047732412,0.5236519461968814,normal_flow,4087170.csv
4087170,2015-09-16,daytime,6,-0.9077433077324516,0.01237433383579105,-3.928647686833186,6.30219268798828,0.8806689679800024,0.5034440344403444,normal_flow,4087170.csv
4087170,2015-09-16,nighttime,6,-0.9799623770825676,5.982368820302075e-4,-1.4096993148947028,6.30219268798828,0.8806689679800024,0.5034440344403444,normal_flow,4087170.csv
4087170,2015-09-17,daytime,6,-0.25677316096456976,0.6233051011464006,-0.6052904564316597,4.19001388549805,0.9304249494107844,0.5112764353449987,normal_flow,4087170.csv
4087170,2015-09-17,nighttime,6,-0.9718270055437028,0.00117939572394517,-1.0935340417979769,4.19001388549805,0.9304249494107844,0.5112764353449987,normal_flow,4087170.csv
4087170,2015-09-18,daytime,6,-0.303958213294317,0.5581041202144341,-0.2358831358133768,17.0412750244141,0.520354719676229,0.5285085108915606,normal_flow,4087170.csv
4087170,2015-09-18,nighttime,6,-0.8561759589276964,0.02954050652706899,-0.9516549278018308,17.0412750244141,0.520354719676229,0.5285085108915606,normal_flow,4087170.csv
4087170,2015-09-19,daytime,6,-0.7616530999070008,0.0784437134804747,-0.28430451127819395,37.0059204101562,0.21908106177835973,0.551751775582272,normal_flow,4087170.csv
4087170,2015-09-19,nighttime,6,-0.6813392525246595,0.1361378574344256,-0.24130948363145543,37.0059204101562,0.21908106177835973,0.551751775582272,normal_flow,4087170.csv
4087170,2015-09-20,daytime,6,0.5729417692443765,0.23462492927910217,0.4577956051621758,37.1421699523926,0.2174741102249732,0.5774868071261358,normal_flow,4087170.csv
4087170,2015-09-20,nighttime,6,-0.8197856648726329,0.04578938078230751,-0.4382957884426644,37.1421699523926,0.2174741102249732,0.5774868071261358,normal_flow,4087170.csv
4087170,2015-09-21,daytime,6,-0.00995109841660566,0.985073845075666,-0.00613588745881027,31.4740943908691,0.27401499821449826,0.6008372019204063,normal_flow,4087170.csv
4087170,2015-09-21,nighttime,6,-0.8647745240288993,0.02619253227734335,-0.4975709288768179,31.4740943908691,0.27401499821449826,0.6008372019204063,normal_flow,4087170.csv
4087170,2015-09-22,daytime,6,-0.33246289584585387,0.5196794803361193,-0.12411622276031964,27.2712879180908,0.32573503154386385,0.6145974685553307,normal_flow,4087170.csv
4087170,2015-09-22,nighttime,6,-0.4407580631085121,0.38167542635714446,-0.1220596251415069,27.2712879180908,0.32573503154386385,0.6145974685553307,normal_flow,4087170.csv
4087170,2015-09-23,daytime,6,0.6895504391180904,0.12960799655228028,0.2195999898603273,22.4317893981934,0.4047137245566004,0.608372019204063,normal_flow,4087170.csv
4087170,2015-09-23,nighttime,6,0.15997093313042468,0.7620904843393309,0.09141940657575952,22.4317893981934,0.4047137245566004,0.608372019204063,normal_flow,4087170.csv
4087170,2015-09-24,daytime,6,-0.4048310606357545,0.42592692346348593,-0.1299539985845496,17.0643749237061,0.5198190691584336,0.5939531008213308,normal_flow,4087170.csv
4087170,2015-09-24,nighttime,6,0.5496227323968987,0.2585823336258426,0.6578217821782796,17.0643749237061,0.5198190691584336,0.5939531008213308,normal_flow,4087170.csv
4087170,2015-09-25,daytime,6,0.5052000165043139,0.30667033186605025,1.0627421758570283,12.2604465484619,0.6684918462087847,0.5751497837559021,normal_flow,4087170.csv
4087170,2015-09-25,nighttime,6,-0.936719165411726,0.00587999312645476,-0.6650518955294201,12.2604465484619,0.6684918462087847,0.5751497837559021,normal_flow,4087170.csv
4087170,2015-09-26,daytime,6,0.5672963845992441,0.24034055590796893,0.3192021613688704,8.62013816833496,0.7999642899654803,0.5840812601674404,normal_flow,4087170.csv
4087170,2015-09-26,nighttime,6,-0.940404910158836,0.00522153389211398,-0.7577906966759134,8.62013816833496,0.7999642899654803,0.5840812601674404,normal_flow,4087170.csv
4087170,2015-09-27,daytime,6,-0.5807403905297724,0.22681949238457597,-1.160800970873799,6.16041946411133,0.8847161052255684,0.6172003332936555,normal_flow,4087170.csv
4087170,2015-09-27,nighttime,6,0.11510760069448676,0.8281011729848591,0.21482277121335192,6.16041946411133,0.8847161052255684,0.6172003332936555,normal_flow,4087170.csv
4087170,2015-09-28,daytime,6,-0.5196890197848792,0.29064441216517256,-1.0937338166754018,4.62138366699219,0.920485656469468,0.6543744792286632,normal_flow,4087170.csv
4087170,2015-09-28,nighttime,6,-0.9174963443353128,0.00992948466085046,-0.6080950985726952,4.62138366699219,0.920485656469468,0.6543744792286632,normal_flow,4087170.csv
4087170,2015-09-29,daytime,6,0.6741406798976901,0.1419758734151942,0.5735694822889443,6.56601762771606,0.8722175931436734,0.6932627068206166,normal_flow,4087170.csv
4087170,2015-09-29,nighttime,6,-0.4533781184200741,0.3665291480017371,-0.32944575219348693,6.56601762771606,0.8722175931436734,0.6932627068206166,normal_flow,4087170.csv
4087170,2015-09-30,daytime,6,-0.01617432826135717,0.9757406232820338,-0.00784826684113639,11.7748928070068,0.6874181645042257,0.7314764115383089,normal_flow,4087170.csv
4087170,2015-09-30,nighttime,6,0.46548827475278504,0.35219843253419264,0.31728045325771087,11.7748928070068,0.6874181645042257,0.7314764115383089,normal_flow,4087170.csv
4087170,2015-10-01,daytime,6,-0.9377052053008668,0.00570009028880204,-0.5357630091600144,12.3699827194214,0.6643851922390192,0.7659683371027258,low_flow,4087170.csv
4087170,2015-10-01,nighttime,6,-0.425743584949139,0.3999692528146125,-0.25280665280645476,12.3699827194214,0.6643851922390192,0.7659683371027258,low_flow,4087170.csv
4087170,2015-10-02,daytime,6,0.6504131335337197,0.16195478952400563,0.4774436090222394,12.829421043396,0.6483751934293537,0.788810855850494,low_flow,4087170.csv
4087170,2015-10-02,nighttime,6,-0.8993041474936435,0.01469897148030129,-0.5548387096774473,12.829421043396,0.6483751934293537,0.788810855850494,low_flow,4087170.csv
4087170,2015-10-03,daytime,6,-0.9223184745556924,0.00881724764113097,-0.7671232876715157,12.6483850479126,0.6543268658493037,0.802551283577352,low_flow,4087170.csv
4087170,2015-10-03,nighttime,6,-0.8653910980069123,0.02595980794142738,-1.4307463795026585,12.6483850479126,0.6543268658493037,0.802551283577352,low_flow,4087170.csv
4087170,2015-10-04,daytime,6,-0.8037180680558754,0.05400885778525132,-0.5652173913045138,10.9280490875244,0.7158671586715867,0.8089076697218585,low_flow,4087170.csv
4087170,2015-10-04,nighttime,6,-0.8351976797126575,0.03850170773564176,-1.0203045685276395,10.9280490875244,0.7158671586715867,0.8089076697218585,low_flow,4087170.csv
4087170,2015-10-05,daytime,6,-0.9452212455088942,0.00441888028396685,-0.8118768199065741,9.28663635253906,0.7750862992500893,0.8083204380430901,low_flow,4087170.csv
4087170,2015-10-05,nighttime,6,-0.5402230765135962,0.26849499921033887,-0.5459610027852769,9.28663635253906,0.7750862992500893,0.8083204380430901,low_flow,4087170.csv
4087170,2015-10-06,daytime,6,0.9170853237392818,0.01002725259592253,0.41461836998695745,7.01630687713623,0.8573384120937984,0.8049676625798516,low_flow,4087170.csv
4087170,2015-10-06,nighttime,6,-0.9867363918187276,2.6271826410571657e-4,-0.7436090225564637,7.01630687713623,0.8573384120937984,0.8049676625798516,low_flow,4087170.csv
4087170,2018-10-03,daytime,6,-0.9784249890934914,6.932002635666035e-4,-0.5894109809147221,52.7807388305664,0.12153315081537912,0.25143435305320794,normal_flow,4087170.csv
4087170,2018-10-03,nighttime,6,-0.6284375957115504,0.1814392339788143,-0.9576271186437432,52.7807388305664,0.12153315081537912,0.25143435305320794,normal_flow,4087170.csv
4087170,2018-10-04,daytime,6,0.37207075507113135,0.4676479812416299,0.840909090908746,44.8587799072266,0.16075467206284966,0.23380153156370273,high_flow,4087170.csv
4087170,2018-10-04,nighttime,6,0.8650816115798354,0.02607649950893601,1.0735009671180205,44.8587799072266,0.16075467206284966,0.23380153156370273,high_flow,4087170.csv
4087170,2018-10-05,daytime,6,-0.8450861405645619,0.03413862083349323,-1.650442477876951,44.2300720214844,0.16426615879062018,0.2172281077649486,high_flow,4087170.csv
4087170,2018-10-05,nighttime,6,0.4812057100254143,0.33390517591345337,0.6615969581749119,44.2300720214844,0.16426615879062018,0.2172281077649486,high_flow,4087170.csv
4087170,2018-10-06,daytime,6,-0.660811651273416,0.15306150848928649,-2.781541066893643,53.732177734375,0.11689084632781813,0.1999365154941872,high_flow,4087170.csv
4087170,2018-10-06,nighttime,6,-0.481192822291599,0.33392003122918085,-0.6648044692730425,53.732177734375,0.11689084632781813,0.1999365154941872,high_flow,4087170.csv
4087170,2018-10-07,daytime,6,0.18829608882332097,0.7208939249455975,0.8657718120803481,57.9951629638672,0.1027853826925366,0.1836448041899774,high_flow,4087170.csv
4087170,2018-10-07,nighttime,6,-0.8674328643989828,0.02519619772963956,-1.1504244482172008,57.9951629638672,0.1027853826925366,0.1836448041899774,high_flow,4087170.csv
4087170,2018-10-08,daytime,6,0.31295047660830483,0.5458991571032205,0.255694872973153,50.8102684020996,0.12885370789191763,0.17511010593976908,high_flow,4087170.csv
4087170,2018-10-08,nighttime,6,-0.985464395527256,3.153901272269182e-4,-4.387230443974449,50.8102684020996,0.12885370789191763,0.17511010593976908,high_flow,4087170.csv
4087170,2018-10-09,daytime,6,-0.5450651336042883,0.26337063502507685,-0.2406521353889564,45.7299346923828,0.15569575050589216,0.18458516843232947,high_flow,4087170.csv
4087170,2018-10-09,nighttime,6,0.8199399751972992,0.04571350061960068,0.7947947947946494,45.7299346923828,0.15569575050589216,0.18458516843232947,high_flow,4087170.csv
4087170,2018-10-10,daytime,6,0.9915734326559243,1.0621138301591158e-4,0.4881188118812128,42.4261016845703,0.17670515414831567,0.204404237590763,high_flow,4087170.csv
4087170,2018-10-10,nighttime,6,0.11654059066488466,0.8259805242131022,0.30269730269766437,42.4261016845703,0.17670515414831567,0.204404237590763,high_flow,4087170.csv
4087170,2018-10-11,daytime,6,-0.7229401757574628,0.1045093659453433,-0.2983782465552646,42.8373107910156,0.17366980121414116,0.2256675792564377,high_flow,4087170.csv
4087170,2018-10-11,nighttime,6,0.9398703082306704,0.00531466789797081,0.9629878869447496,42.8373107910156,0.17366980121414116,0.2256675792564377,high_flow,4087170.csv
4087170,2018-10-12,daytime,6,-0.9521960697432053,0.00337320247487527,-0.6554926387315455,39.2133979797363,0.2004523271039162,0.24655001388723569,high_flow,4087170.csv
4087170,2018-10-12,nighttime,6,0.22742955695802175,0.6647374708921139,0.1377760557923421,39.2133979797363,0.2004523271039162,0.24655001388723569,high_flow,4087170.csv
4087170,2018-10-13,daytime,6,-0.8444144209366706,0.03442718848790399,-0.4051339285714554,35.3074073791504,0.23348410903463873,0.269249692496925,normal_flow,4087170.csv
4087170,2018-10-13,nighttime,6,-0.8712762626552243,0.02378823750669684,-0.5294090252875887,35.3074073791504,0.23348410903463873,0.269249692496925,normal_flow,4087170.csv
4087170,2018-10-14,daytime,6,-0.924989950304985,0.00822873902720864,-0.24483506449037265,32.1639633178711,0.26603975717176526,0.2965639011228822,normal_flow,4087170.csv
4087170,2018-10-14,nighttime,6,-0.5633112762638092,0.24440793833452568,-0.5357710651830384,32.1639633178711,0.26603975717176526,0.2965639011228822,normal_flow,4087170.csv
4087170,2018-10-15,daytime,6,-0.9747259513756388,9.500940535743096e-4,-0.6453248661201384,28.8124389648438,0.3044280442804428,0.32614371305003376,normal_flow,4087170.csv
4087170,2018-10-15,nighttime,6,-0.8286313554179596,0.04153450883139481,-0.4695976605827422,28.8124389648438,0.3044280442804428,0.32614371305003376,normal_flow,4087170.csv
4087170,2018-10-16,daytime,6,-0.988784585836582,1.8797290396305148e-4,-0.6096044450324153,25.3492183685303,0.35525532674681587,0.35456890052771495,normal_flow,4087170.csv
4087170,2018-10-16,nighttime,6,-0.9676578805211918,0.00155210390483557,-0.7483348334833523,25.3492183685303,0.35525532674681587,0.35456890052771495,normal_flow,4087170.csv
4087170,2018-10-17,daytime,6,-0.1796378666405321,0.7334416357421404,-0.16939890710374172,22.3914108276367,0.4052493750743959,0.38161330000396776,normal_flow,4087170.csv
4087170,2018-10-17,nighttime,6,-0.988063597326584,2.1286622752089937e-4,-0.49533582089553024,22.3914108276367,0.4052493750743959,0.38161330000396776,normal_flow,4087170.csv
4087170,2018-10-18,daytime,6,-0.8496937602236444,0.03219009186561879,-0.38712733351909434,20.5241851806641,0.4404832758004999,0.4081577589969448,normal_flow,4087170.csv
4087170,2018-10-18,nighttime,6,-0.8734572093583666,0.02300644701526195,-0.5868673050615923,20.5241851806641,0.4404832758004999,0.4081577589969448,normal_flow,4087170.csv
4087170,2018-10-19,daytime,6,-0.96604782848573,0.00170955574378481,-0.6050924813836672,18.9718723297119,0.4739911915248185,0.4359004880371384,normal_flow,4087170.csv
4087170,2018-10-19,nighttime,6,-0.9553741837559858,0.00294275987161085,-0.5130267461997331,18.9718723297119,0.4739911915248185,0.4359004880371384,normal_flow,4087170.csv
4087170,2018-10-20,daytime,6,-0.9156323823837196,0.01037658243569754,-0.8803673938002697,17.6902637481689,0.50476133793596,0.46294885529500457,normal_flow,4087170.csv
4087170,2018-10-20,nighttime,6,-0.8988503731015633,0.01482942712306441,-0.28116710875333417,17.6902637481689,0.50476133793596,0.46294885529500457,normal_flow,4087170.csv
4087170,2018-10-21,daytime,6,-0.646901463400405,0.1650059533608165,-0.4563650920737763,16.8306617736816,0.5266039757171765,0.4876244891481173,normal_flow,4087170.csv
4087170,2018-10-21,nighttime,6,-0.8184783530007071,0.04643458352763074,-0.3322676410139662,16.8306617736816,0.5266039757171765,0.4876244891481173,normal_flow,4087170.csv
4087170,2018-10-22,daytime,6,0.600245752481387,0.20776413198014315,0.26599503796706625,16.0987663269043,0.5464825615998096,0.509217156687696,normal_flow,4087170.csv
4087170,2018-10-22,nighttime,6,-0.633520349376741,0.1768505490023781,-0.580512820512882,16.0987663269043,0.5464825615998096,0.509217156687696,normal_flow,4087170.csv
4087170,2018-10-23,daytime,6,-0.5586751757680414,0.24917351220035192,-0.14397533206829155,15.776252746582,0.555231520057136,0.5291830337658215,normal_flow,4087170.csv
4087170,2018-10-23,nighttime,6,-0.8906717256137392,0.01727562489132757,-0.5553889007928539,15.776252746582,0.555231520057136,0.5291830337658215,normal_flow,4087170.csv
4087170,2018-10-24,daytime,6,0.46500146327557235,0.35277059218327594,0.16994633273699294,15.5121841430664,0.5613617426496845,0.5397055906042931,normal_flow,4087170.csv
4087170,2018-10-24,nighttime,6,0.8586980297918085,0.02853873517290323,1.1518072289161962,15.5121841430664,0.5613617426496845,0.5397055906042931,normal_flow,4087170.csv
4087170,2018-10-25,daytime,6,0.6874738367011116,0.1312462822216226,1.8175675675668028,15.0851955413818,0.5748720390429711,0.5425068444232829,normal_flow,4087170.csv
4087170,2018-10-25,nighttime,6,-0.8831751574445765,0.01967485047086148,-0.6273381294963115,15.0851955413818,0.5748720390429711,0.5425068444232829,normal_flow,4087170.csv
4087170,2018-10-26,daytime,6,-0.6476347056861075,0.1643668843347127,-0.29257849666984487,14.557035446167,0.5898107368170455,0.5442487005515216,normal_flow,4087170.csv
4087170,2018-10-26,nighttime,6,-0.9741176055739118,9.961782252948862e-4,-0.9999999999998226,14.557035446167,0.5898107368170455,0.5442487005515216,normal_flow,4087170.csv
4087170,2018-10-27,daytime,6,0.4416162085132444,0.3806387602990255,1.1666666666659211,14.0335006713867,0.6061778359719081,0.5435860810221005,normal_flow,4087170.csv
4087170,2018-10-27,nighttime,6,-0.3080451104371435,0.552547810319242,-1.008849557523228,14.0335006713867,0.6061778359719081,0.5435860810221005,normal_flow,4087170.csv
4087170,2018-10-28,daytime,6,0.8682782539597904,0.02488320069588454,0.456591639871582,14.1067132949829,0.6036186168313296,0.5399634964091576,normal_flow,4087170.csv
4087170,2018-10-28,nighttime,6,-0.6944787673748266,0.12575566701378943,-0.5278008298755684,14.1067132949829,0.6036186168313296,0.5399634964091576,normal_flow,4087170.csv
4087170,2018-10-29,daytime,6,-0.20002041464784495,0.7039706030321349,-0.07053291536050295,14.5532350540161,0.5899297702654446,0.5290124191564496,normal_flow,4087170.csv
4087170,2018-10-29,nighttime,6,-0.939888212700122,0.00531153568178479,-1.1335957682371511,14.5532350540161,0.5899297702654446,0.5290124191564496,normal_flow,4087170.csv
4087170,2018-10-30,daytime,6,-0.03885837464838443,0.9417417755811412,-0.01691729323311504,14.0946054458618,0.6039162004523271,0.5122802840931635,normal_flow,4087170.csv
4087170,2018-10-30,nighttime,6,-0.7201073039829531,0.10654649603860872,-1.176470588235315,14.0946054458618,0.6039162004523271,0.5122802840931635,normal_flow,4087170.csv
4087170,2018-10-31,daytime,6,-0.456371566947101,0.362968045256472,-0.22324902723732035,17.3303565979004,0.51309367932389,0.4930801888664048,normal_flow,4087170.csv
4087170,2018-10-31,nighttime,6,-0.1741349089273865,0.7414377801144856,-0.1026315789473061,17.3303565979004,0.51309367932389,0.4930801888664048,normal_flow,4087170.csv
4087170,2018-11-01,daytime,6,-0.9932891340859146,6.740246763169957e-5,-1.2054303278688157,20.1805324554443,0.4472681823592429,0.47281672816728165,normal_flow,4087170.csv
4087170,2018-11-01,nighttime,6,-0.911508985909638,0.01139951785872833,-2.6181102362207818,20.1805324554443,0.4472681823592429,0.47281672816728165,normal_flow,4087170.csv
4087170,2018-11-02,daytime,6,-0.9745670564740384,9.620264704574276e-4,-1.2693383038209265,19.2889404296875,0.4666111177240805,0.4510137682021982,normal_flow,4087170.csv
4087170,2018-11-02,nighttime,6,-0.8637356684391011,0.02658687620582819,-1.177137458668102,19.2889404296875,0.4666111177240805,0.4510137682021982,normal_flow,4087170.csv
4087170,2018-11-03,daytime,6,-0.8594749712336096,0.02823343175900377,-1.0463592233007464,19.376745223999,0.464051898583502,0.4295044240764988,normal_flow,4087170.csv
4087170,2018-11-03,nighttime,6,-0.9796825357446582,6.150055125932409e-4,-0.9421734795613892,19.376745223999,0.464051898583502,0.4295044240764988,normal_flow,4087170.csv
4087170,2018-11-05,daytime,6,-0.11392750606532756,0.829848100603724,-0.01767085373642017,24.8795852661133,0.3623378169265564,0.3983136928143475,normal_flow,4087170.csv
4087170,2018-11-05,nighttime,6,0.8460049910982824,0.03374573969753602,0.2882439744220605,24.8795852661133,0.3623378169265564,0.3983136928143475,normal_flow,4087170.csv
4087170,2018-11-06,daytime,6,-0.41286141192237935,0.4158949342689056,-0.4090909090908694,29.4927635192871,0.2955005356505178,0.3920882434630798,normal_flow,4087170.csv
4087170,2018-11-06,nighttime,6,-0.9848911499743408,3.406915195309098e-4,-0.6788732394366048,29.4927635192871,0.2955005356505178,0.3920882434630798,normal_flow,4087170.csv
4087170,2018-11-07,daytime,6,-0.9541228977874002,0.00310878379747655,-0.7862548578439759,32.0588912963867,0.2672300916557553,0.3893584097131294,normal_flow,4087170.csv
4087170,2018-11-07,nighttime,6,0.3894367350528047,0.445376074035167,0.12285714285717309,32.0588912963867,0.2672300916557553,0.3893584097131294,normal_flow,4087170.csv
4087170,2018-11-08,daytime,6,0.3126628657610121,0.5462883601460664,0.14606741573015633,32.9347343444824,0.25740983216283775,0.3957187636392493,normal_flow,4087170.csv
4087170,2018-11-08,nighttime,6,-0.531509152083821,0.27781246546767324,-0.20999704689240292,32.9347343444824,0.25740983216283775,0.3957187636392493,normal_flow,4087170.csv
4087170,2018-11-09,daytime,6,-0.9937085645088524,5.924872650408994e-5,-0.8932269116372592,33.7885093688965,0.24782763956671824,0.4080506288933857,normal_flow,4087170.csv
4087170,2018-11-09,nighttime,6,-0.5386734720830324,0.27014299273525416,-0.33402489626557447,33.7885093688965,0.24782763956671824,0.4080506288933857,normal_flow,4087170.csv
4087170,2018-11-10,daytime,6,-0.9551629257039448,0.0029704754443601,-0.28549651567940926,32.0590896606445,0.26717057493155577,0.41891044716898784,normal_flow,4087170.csv
4087170,2018-11-10,nighttime,6,-0.828156931129581,0.04175779410208014,-0.5668212054022173,32.0590896606445,0.26717057493155577,0.41891044716898784,normal_flow,4087170.csv
4087170,2018-11-11,daytime,6,-0.9235754183687108,0.0085378878520233,-0.555285272003544,26.9522171020508,0.33002023568622785,0.4303694004681982,normal_flow,4087170.csv
4087170,2018-11-11,nighttime,6,-0.9506503523966856,0.00359298881501248,-0.594760245162923,26.9522171020508,0.33002023568622785,0.4303694004681982,normal_flow,4087170.csv
4087170,2018-11-12,daytime,6,-0.9948962876156776,3.900534970869823e-5,-0.5201861158597162,21.9923000335693,0.4119152481847399,0.44297901043526566,normal_flow,4087170.csv
4087170,2018-11-12,nighttime,6,-0.46693217865530406,0.3505033301051372,-0.45227832512317306,21.9923000335693,0.4119152481847399,0.44297901043526566,normal_flow,4087170.csv
4087170,2018-11-14,daytime,6,-0.996608236807369,1.723657681283946e-5,-0.7254553945652441,15.4504718780518,0.562968694203071,0.4849978177201127,normal_flow,4087170.csv
4087170,2018-11-14,nighttime,6,-0.23294924097121625,0.6568966744582192,-0.22391559202828032,15.4504718780518,0.562968694203071,0.4849978177201127,normal_flow,4087170.csv
4087170,2018-11-15,daytime,6,-0.9742443577010036,9.864871226382306e-4,-0.5879775853285062,13.9733467102051,0.6084989882156886,0.5109828195056144,normal_flow,4087170.csv
4087170,2018-11-15,nighttime,6,-0.9241263315507654,0.00841682506407917,-0.5022461814914525,13.9733467102051,0.6084989882156886,0.5109828195056144,normal_flow,4087170.csv
4087170,2018-11-16,daytime,6,-0.9852160054977324,3.262340972458979e-4,-0.8943894389438958,13.2710876464844,0.6322461611712892,0.5380946712692933,normal_flow,4087170.csv
4087170,2018-11-16,nighttime,6,-0.9870306481111188,2.5121538362051854e-4,-0.492605291438536,13.2710876464844,0.6322461611712892,0.5380946712692933,normal_flow,4087170.csv
4087170,2018-11-17,daytime,6,-0.8083580109129704,0.05157079365275442,-0.6392988929889506,13.334358215332,0.6295083918581121,0.5639963496409157,normal_flow,4087170.csv
4087170,2018-11-17,nighttime,6,-0.9887659377003128,1.885973409557762e-4,-0.7816823259599308,13.334358215332,0.6295083918581121,0.5639963496409157,normal_flow,4087170.csv
4087170,2018-11-18,daytime,6,0.6109566566556598,0.19759031076726935,0.48076923076957945,13.163161277771,0.6359361980716581,0.5859818275602111,normal_flow,4087170.csv
4087170,2018-11-18,nighttime,6,-0.820175298497072,0.04559789611859482,-0.4683037782738915,13.163161277771,0.6359361980716581,0.5859818275602111,normal_flow,4087170.csv
4087170,2018-11-19,daytime,6,-0.27899720791537147,0.5923626816222161,-0.0767461914343214,13.0606307983398,0.6395667182478276,0.5998968376780542,normal_flow,4087170.csv
4087170,2018-11-19,nighttime,6,-0.6013930398942791,0.2066644295572631,-0.2867605633803163,13.0606307983398,0.6395667182478276,0.5998968376780542,normal_flow,4087170.csv
4087170,2018-11-20,daytime,6,-0.7050135494761305,0.11769109012251072,-0.10072743467935837,13.0393209457397,0.6402214022140221,0.6080506288933857,normal_flow,4087170.csv
4087170,2018-11-20,nighttime,6,-0.2373332884955745,0.6506842139867853,-0.07903962604909016,13.0393209457397,0.6402214022140221,0.6080506288933857,normal_flow,4087170.csv
4087170,2018-11-21,daytime,6,-0.9891983444813616,1.7438349722105173e-4,-0.6503795066415892,12.8367748260498,0.6478990596357577,0.6122445740586439,normal_flow,4087170.csv
4087170,2018-11-21,nighttime,6,0.4303214677188983,0.3943605241653633,0.6705882352940353,12.8367748260498,0.6478990596357577,0.6122445740586439,normal_flow,4087170.csv
4087170,2018-11-22,daytime,6,-0.912554147455262,0.01113582621835697,-2.5052631578949693,12.5745496749878,0.6570051184382811,0.6138039122326707,normal_flow,4087170.csv
4087170,2018-11-22,nighttime,6,-0.7462778412200076,0.08839572718934026,-0.6767676767679289,12.5745496749878,0.6570051184382811,0.6138039122326707,normal_flow,4087170.csv
4087170,2018-11-23,daytime,6,-0.6640329530228816,0.1503498368312181,-0.23415421881300463,12.3721876144409,0.6640876086180216,0.6142919493711066,normal_flow,4087170.csv
4087170,2018-11-23,nighttime,6,-0.990797324344083,1.266441750419313e-4,-0.6763334009328918,12.3721876144409,0.6640876086180216,0.6142919493711066,normal_flow,4087170.csv
4087170,2018-11-24,daytime,6,-0.973313818986908,0.00105872607357482,-0.4020562770563438,13.1532220840454,0.6363528151410547,0.6107169781375233,normal_flow,4087170.csv
4087170,2018-11-24,nighttime,6,-0.9964705679897474,1.86633525987801e-5,-0.760852407261065,13.1532220840454,0.6363528151410547,0.6107169781375233,normal_flow,4087170.csv
4087170,2018-11-25,daytime,6,-0.5166899891917803,0.29393500350980195,-0.4652880354509296,14.3330726623535,0.5969527437209856,0.5912272348529937,normal_flow,4087170.csv
4087170,2018-11-25,nighttime,6,-0.4587016893574662,0.36020454414289943,-0.12500000000013226,14.3330726623535,0.5969527437209856,0.5912272348529937,normal_flow,4087170.csv
4087170,2018-11-26,daytime,6,-0.04441683025760427,0.9334185685922058,-0.03145400593493253,16.4062156677246,0.5387453874538746,0.5662659207237234,normal_flow,4087170.csv
4087170,2018-11-26,nighttime,6,0.6472645401696387,0.1646893775156537,0.07889344262288817,16.4062156677246,0.5387453874538746,0.5662659207237234,normal_flow,4087170.csv
4087170,2018-11-27,daytime,6,-0.369046405631944,0.47156157519996333,-0.10623229461771752,16.5578689575195,0.5342221164147125,0.5434908542633814,normal_flow,4087170.csv
4087170,2018-11-27,nighttime,6,-0.8970979260901399,0.01533844858814972,-0.13875598086053711,16.5578689575195,0.5342221164147125,0.5434908542633814,normal_flow,4087170.csv
4087170,2018-11-28,daytime,6,-0.5486830298565533,0.25956680975904345,-0.2058584214808891,15.5993194580078,0.5594572074753006,0.5238939808752926,normal_flow,4087170.csv
4087170,2018-11-28,nighttime,6,0.3056141802017908,0.5558509160599849,0.08158658497248823,15.5993194580078,0.5594572074753006,0.5238939808752926,normal_flow,4087170.csv
4087170,2018-11-29,daytime,6,-0.9725763070172524,0.00111777628852397,-0.742783003567984,14.6906023025513,0.5863587668134745,0.5079712732611197,normal_flow,4087170.csv
4087170,2018-11-29,nighttime,6,-0.9548970876980524,0.00300553323562503,-0.5229736706246462,14.6906023025513,0.5863587668134745,0.5079712732611197,normal_flow,4087170.csv
4087170,2018-11-30,daytime,6,0.26269044501932415,0.6150279763461757,0.13694267515926328,13.7436685562134,0.6158195452922272,0.4959568305360473,normal_flow,4087170.csv
4087170,2018-11-30,nighttime,6,-0.5096697458647946,0.3016921159708101,-0.6736526946106407,13.7436685562134,0.6158195452922272,0.4959568305360473,normal_flow,4087170.csv
4087170,2018-12-01,daytime,6,-0.969222049993864,0.00140634560767238,-0.9111341811575198,14.9419727325439,0.5786215926675395,0.4874261000674523,normal_flow,4087170.csv
4087170,2018-12-01,nighttime,6,-0.6096352834005504,0.1988341300165856,-0.4004656577412608,14.9419727325439,0.5786215926675395,0.4874261000674523,normal_flow,4087170.csv
4087170,2018-12-02,daytime,6,0.4760231516618976,0.33989822930628266,0.215041128084529,26.4380664825439,0.33716224259016786,0.483494028488672,normal_flow,4087170.csv
4087170,2018-12-02,nighttime,6,-0.7867707421290279,0.06335265751910599,-0.5699958211451405,26.4380664825439,0.33716224259016786,0.483494028488672,normal_flow,4087170.csv
4087170,2018-12-03,daytime,6,-0.6969878354173418,0.1238138190330915,-0.4145847400408868,32.582878112793,0.26151648613260325,0.4842399714319724,normal_flow,4087170.csv
4087170,2018-12-03,nighttime,6,-0.5931435776360953,0.21462431378220093,-1.520361990950184,32.582878112793,0.26151648613260325,0.4842399714319724,normal_flow,4087170.csv
4087170,2018-12-04,daytime,6,0.04815713303362194,0.927820141281008,0.04081632653110512,29.3200798034668,0.2979407213426973,0.4904019362774273,normal_flow,4087170.csv
4087170,2018-12-04,nighttime,6,-0.8058229640253831,0.05289638643770088,-0.7142857142853017,29.3200798034668,0.2979407213426973,0.4904019362774273,normal_flow,4087170.csv
4087170,2018-12-05,daytime,6,-0.7603566040805266,0.07926220064702838,-1.893048128342077,25.8960514068604,0.3462683013926913,0.4978613657104313,normal_flow,4087170.csv
4087170,2018-12-05,nighttime,6,-0.6445476302005965,0.16706451942181,-1.069565217391162,25.8960514068604,0.3462683013926913,0.4978613657104313,normal_flow,4087170.csv
4087170,2018-12-06,daytime,6,-0.01708092037899393,0.9743811111777352,-0.01428571428575349,22.1556739807129,0.4090584454231639,0.5038963615442607,normal_flow,4087170.csv
4087170,2018-12-06,nighttime,6,0.3557658542716543,0.4888657438226935,1.6999999999995563,22.1556739807129,0.4090584454231639,0.5038963615442607,normal_flow,4087170.csv
4087170,2018-12-07,daytime,6,0.08671227034456513,0.8702575900364793,0.4444444444448902,18.8465995788574,0.476788477562195,0.5081895012498512,normal_flow,4087170.csv
4087170,2018-12-07,nighttime,6,-0.405894780335908,0.42459352825507735,-0.8629518072288225,18.8465995788574,0.476788477562195,0.5081895012498512,normal_flow,4087170.csv
4087170,2018-12-08,daytime,6,-0.6157451419592914,0.1931097339499648,-0.6181705618326534,16.4851188659668,0.5361266515890966,0.5095901281593461,normal_flow,4087170.csv
4087170,2018-12-08,nighttime,6,-0.9633045282508342,0.00199513018629562,-1.7273662551440607,16.4851188659668,0.5361266515890966,0.5095901281593461,normal_flow,4087170.csv
4087170,2018-12-09,daytime,6,-0.5983767522769979,0.2095606871153603,-0.8538228359716009,14.9883260726929,0.5773717414593501,0.5124032853231758,normal_flow,4087170.csv
4087170,2018-12-09,nighttime,6,-0.8874096924229081,0.01830123616844549,-1.1350574712640744,14.9883260726929,0.5773717414593501,0.5124032853231758,normal_flow,4087170.csv
4087170,2018-12-10,daytime,6,-0.9753798154884228,9.017684227499152e-4,-1.362910008410412,13.9826536178589,0.6081418878704916,0.5300559457207475,normal_flow,4087170.csv
4087170,2018-12-10,nighttime,6,-0.9127793944668924,0.01107938854303716,-1.3505718547987038,13.9826536178589,0.6081418878704916,0.5300559457207475,normal_flow,4087170.csv
4087170,2018-12-11,daytime,6,-0.8153945861073896,0.04797313964644981,-2.808139534883904,13.2866182327271,0.6311748601356981,0.552850851089156,normal_flow,4087170.csv
4087170,2018-12-11,nighttime,6,-0.6867775361761114,0.13179760418718525,-1.141425389754776,13.2866182327271,0.6311748601356981,0.552850851089156,normal_flow,4087170.csv
4087170,2018-12-12,daytime,6,0.05369349158804207,0.919537161545485,0.01167259786482714,12.8810119628906,0.6461135579097727,0.5750267825258898,normal_flow,4087170.csv
4087170,2018-12-12,nighttime,6,-0.8932498350025531,0.01648515562167327,-1.3528693528692184,12.8810119628906,0.6461135579097727,0.5750267825258898,normal_flow,4087170.csv
4087170,2018-12-13,daytime,6,-0.5214163403662131,0.2887555232194458,-0.15000000000020783,12.7751522064209,0.6499821449827401,0.5954846645240646,normal_flow,4087170.csv
4087170,2018-12-13,nighttime,6,-0.45129273378398455,0.3690171963245208,-0.119967132292484,12.7751522064209,0.6499821449827401,0.5954846645240646,normal_flow,4087170.csv
4087170,2018-12-14,daytime,6,0.48286928380484384,0.3319896381952711,0.3495934959348593,12.7587795257568,0.6507558623973336,0.6086815061699004,normal_flow,4087170.csv
4087170,2018-12-14,nighttime,6,0.5595353227147211,0.24828661305973793,0.4591836734694827,12.7587795257568,0.6507558623973336,0.6086815061699004,normal_flow,4087170.csv
4087170,2018-12-15,daytime,6,0.16189821621857164,0.7592744353687405,0.4482758620682762,13.1362171173096,0.6368289489346506,0.6178986628575963,normal_flow,4087170.csv
4087170,2018-12-15,nighttime,6,-0.8982572481178549,0.01500078183844785,-1.2021899188218894,13.1362171173096,0.6368289489346506,0.6178986628575963,normal_flow,4087170.csv
4087170,2018-12-16,daytime,6,-0.0078181398438929,0.9882730291694556,-0.00736196319014133,13.590033531189,0.6208189501249851,0.6253382533825338,normal_flow,4087170.csv
4087170,2018-12-16,nighttime,6,-0.3319718205491256,0.5203347944940632,-0.402938090241308,13.590033531189,0.6208189501249851,0.6253382533825338,normal_flow,4087170.csv
4087170,2018-12-17,daytime,6,-0.3478118067419619,0.499320217936761,-0.2150882825042872,14.1484022140503,0.6019521485537436,0.6313811847795897,normal_flow,4087170.csv
4087170,2018-12-17,nighttime,6,0.866680686989366,0.02547624748321539,0.6523702031602668,14.1484022140503,0.6019521485537436,0.6313811847795897,normal_flow,4087170.csv
4087170,2018-12-18,daytime,6,0.9839375975209992,3.849291039650156e-4,0.5688816855751023,14.1191778182983,0.6034400666587311,0.6366067531643058,normal_flow,4087170.csv
4087170,2018-12-18,nighttime,6,0.4041730249990993,0.42675247331853655,0.6470588235297035,14.1191778182983,0.6034400666587311,0.6366067531643058,normal_flow,4087170.csv
4087170,2018-12-19,daytime,6,-0.20283436775147065,0.6999209319151933,-0.03865336658346725,13.3058032989502,0.6305796928937031,0.641383962226719,normal_flow,4087170.csv
4087170,2018-12-19,nighttime,6,-0.00607097549936508,0.9908936486291458,-0.0081240768101048,13.3058032989502,0.6305796928937031,0.641383962226719,normal_flow,4087170.csv
4087170,2018-12-20,daytime,6,-0.6301260378120604,0.17990949490614638,-0.1363636363635018,12.6775121688843,0.6531365313653137,0.6413244455025195,normal_flow,4087170.csv
4087170,2018-12-20,nighttime,6,-0.9239376189039756,0.0084581998134382,-0.6207792207793258,12.6775121688843,0.6531365313653137,0.6413244455025195,normal_flow,4087170.csv
4087170,2018-12-21,daytime,6,-0.5633436577783444,0.2443747798823069,-0.02601279317686898,14.0076417922974,0.6070110701107011,0.6326667460222989,normal_flow,4087170.csv
4087170,2018-12-21,nighttime,6,0.4157438157734955,0.41231346395844026,0.1953124999998787,14.0076417922974,0.6070110701107011,0.6326667460222989,normal_flow,4087170.csv
4087170,2018-12-22,daytime,6,0.8071421334899541,0.05220464216073823,0.46414342629495103,13.7611999511719,0.6150458278776336,0.6173193667420545,normal_flow,4087170.csv
4087170,2018-12-22,nighttime,6,0.6202118985715762,0.1889683746216979,0.5228426395940738,13.7611999511719,0.6150458278776336,0.6173193667420545,normal_flow,4087170.csv
4087170,2018-12-23,daytime,6,-0.2773500981124819,0.5946421642971316,-0.256410256410261,12.8414525985718,0.6477205094631592,0.5986469864698647,normal_flow,4087170.csv
4087170,2018-12-23,nighttime,6,0.2743363203565286,0.5988188523536362,0.059027777777924,12.8414525985718,0.6477205094631592,0.5986469864698647,normal_flow,4087170.csv
4087170,2018-12-24,daytime,6,-0.8718409726777322,0.02358461531318141,-0.3200449185849934,12.2645406723022,0.6680157124151886,0.5753561083997937,normal_flow,4087170.csv
4087170,2018-12-24,nighttime,6,-0.971696360800228,0.00119030702196601,-0.4167071393880548,12.2645406723022,0.6680157124151886,0.5753561083997937,normal_flow,4087170.csv
4087170,2018-12-25,daytime,6,-0.646064196128216,0.16573696290835957,-0.6250000000003642,11.7906312942505,0.6865254136412332,0.5494504622465579,normal_flow,4087170.csv
4087170,2018-12-25,nighttime,6,-0.0909717652295414,0.8639187870462935,-0.06896551724143837,11.7906312942505,0.6865254136412332,0.5494504622465579,normal_flow,4087170.csv
4087170,2018-12-26,daytime,6,-0.9204779051142442,0.00923420589900484,-0.655683690280348,11.3336181640625,0.7028329960718962,0.5251597032099353,normal_flow,4087170.csv
4087170,2018-12-26,nighttime,6,-0.8763442682772183,0.02199071616095177,-0.17402486069458217,11.3336181640625,0.7028329960718962,0.5251597032099353,normal_flow,4087170.csv
4087170,2018-12-27,daytime,6,0.02380277794622528,0.9643025760772476,0.00566572237951428,12.8977108001709,0.6452208070467802,0.5040987184065389,normal_flow,4087170.csv
4087170,2018-12-27,nighttime,6,0.7166469756447809,0.10905834813967834,5.764705882356713,12.8977108001709,0.6452208070467802,0.5040987184065389,normal_flow,4087170.csv
4087170,2018-12-28,daytime,6,-0.6578269712479897,0.1555923558442897,-0.20220588235285925,17.0577583312988,0.520116652779431,0.4871523231361346,normal_flow,4087170.csv
4087170,2018-12-28,nighttime,6,0.7115578549511481,0.11279927614630894,0.6268656716422556,17.0577583312988,0.520116652779431,0.4871523231361346,normal_flow,4087170.csv
4087170,2018-12-29,daytime,6,-0.7816870204165769,0.06628837647229127,-0.7423312883436786,21.5856437683105,0.4205451731936674,0.47733206364321706,normal_flow,4087170.csv
4087170,2018-12-29,nighttime,6,0.311495911643514,0.5478683104263959,0.17500000000051982,21.5856437683105,0.4205451731936674,0.47733206364321706,normal_flow,4087170.csv
4087170,2018-12-30,daytime,6,-0.8637113428188637,0.02659614359961105,-0.6139258420608383,25.2510433197021,0.35674324485180336,0.46845613617426496,normal_flow,4087170.csv
4087170,2018-12-30,nighttime,6,0.7530124103412558,0.08397082832485663,0.32690882134915417,25.2510433197021,0.35674324485180336,0.46845613617426496,normal_flow,4087170.csv
4087170,2018-12-31,daytime,6,-0.8140439484068672,0.04865433180595219,-0.3944260746339504,31.6701717376709,0.27145577907391977,0.4532515970320994,normal_flow,4087170.csv
4087170,2018-12-31,nighttime,6,-0.7796567932186018,0.06747773745852688,-0.15265588914547942,31.6701717376709,0.27145577907391977,0.4532515970320994,normal_flow,4087170.csv
4087170,2019-01-01,daytime,6,-0.839233721319965,0.03669112829073003,-0.9686585875469144,37.5141563415527,0.21336745625520773,0.42851644645478715,normal_flow,4087170.csv
4087170,2019-01-01,nighttime,6,-0.8450804694673132,0.03414105232387552,-0.4345495774066523,37.5141563415527,0.21336745625520773,0.42851644645478715,normal_flow,4087170.csv
4087170,2019-01-02,daytime,6,0.7091243713126615,0.11460765262615516,0.5139372822300552,34.7008476257324,0.23907868110939173,0.399008054596675,normal_flow,4087170.csv
4087170,2019-01-02,nighttime,6,-0.7303092312083045,0.09929194187690092,-1.3255813953492936,34.7008476257324,0.23907868110939173,0.399008054596675,normal_flow,4087170.csv
4087170,2019-01-03,daytime,6,0.2418059217848567,0.6443603259970587,0.16511627906971948,28.0273170471191,0.3146649208427568,0.3654485577113836,normal_flow,4087170.csv
4087170,2019-01-03,nighttime,6,-0.8687302676181904,0.02471661083700213,-1.3831775700933115,28.0273170471191,0.3146649208427568,0.3654485577113836,normal_flow,4087170.csv
4087170,2019-01-04,daytime,6,-0.8951266779946515,0.01592090041355724,-0.859247135842619,22.6752891540527,0.3989406023092489,0.33344046343689243,normal_flow,4087170.csv
4087170,2019-01-04,nighttime,6,-0.4372729435014001,0.38589554571288553,-0.32203389830489354,22.6752891540527,0.3989406023092489,0.33344046343689243,normal_flow,4087170.csv
4087170,2019-01-05,daytime,6,-0.02953864969143533,0.9557049121688176,-0.03612281757966658,19.5985336303711,0.4597071777169385,0.3106971392294568,normal_flow,4087170.csv
4087170,2019-01-05,nighttime,6,-0.45980204601441466,0.3589021274176631,-0.20628415300535485,19.5985336303711,0.4597071777169385,0.3106971392294568,normal_flow,4087170.csv
4087170,2019-01-06,daytime,6,-0.7452386043597512,0.08908761666587692,-1.277777777778095,18.651481628418,0.481906915843352,0.2974487164226481,normal_flow,4087170.csv
4087170,2019-01-06,nighttime,6,-0.6263815336842948,0.18330929503073431,-0.35052631578938226,18.651481628418,0.481906915843352,0.2974487164226481,normal_flow,4087170.csv
4087170,2019-01-07,daytime,6,-0.9827796728399344,4.422562462044056e-4,-3.4346895074946375,21.6365432739258,0.4196524223306749,0.2921477601872793,normal_flow,4087170.csv
4087170,2019-01-07,nighttime,6,-0.9396505434536544,0.00535318728068181,-2.8695652173914787,21.6365432739258,0.4196524223306749,0.2921477601872793,normal_flow,4087170.csv
4087170,2019-01-08,daytime,6,-0.9850045059202618,3.3561128433450514e-4,-1.7831325301209224,29.3828315734863,0.2969884537555053,0.2960837995476729,normal_flow,4087170.csv
4087170,2019-01-08,nighttime,6,-0.9966183754582246,1.7133741723801218e-5,-0.5718178721471439,29.3828315734863,0.2969884537555053,0.2960837995476729,normal_flow,4087170.csv
4087170,2019-01-09,daytime,6,-0.9721134622790938,0.00115564537076491,-0.4890981169475511,34.1818771362305,0.24389953576955128,0.30691981113359523,normal_flow,4087170.csv
4087170,2019-01-09,nighttime,6,0.790244520002518,0.06138169825507763,0.18088571626585623,34.1818771362305,0.24389953576955128,0.30691981113359523,normal_flow,4087170.csv
4087170,2019-01-10,daytime,6,-0.7073058414842724,0.11596727032612728,-0.90799999999982,39.318546295166,0.1994405427925247,0.31817640757052734,normal_flow,4087170.csv
4087170,2019-01-10,nighttime,6,-0.9394040529438106,0.00539655301576474,-1.0158870255959458,39.318546295166,0.1994405427925247,0.31817640757052734,normal_flow,4087170.csv
4087170,2019-01-11,daytime,6,-0.7771844158790974,0.06893913814363899,-9.499999999998357,44.0652351379395,0.16509939292941317,0.3257945482680633,normal_flow,4087170.csv
4087170,2019-01-11,nighttime,6,0.7200894118524422,0.10655941751219077,3.124999999998941,44.0652351379395,0.16509939292941317,0.3257945482680633,normal_flow,4087170.csv
4087170,2019-01-12,daytime,6,NA,NA,NA,42.0512237548828,0.17896678966789667,0.328647383248026,normal_flow,4087170.csv
4087170,2019-01-12,nighttime,6,-0.529193385205547,0.28030907203443794,-3.241379310345427,42.0512237548828,0.17896678966789667,0.328647383248026,normal_flow,4087170.csv
4087170,2019-01-13,daytime,6,-0.17328916106799944,0.7426681200603611,-0.1548223350256506,36.6621475219727,0.22181883109153672,0.32810379716700394,normal_flow,4087170.csv
4087170,2019-01-13,nighttime,6,-0.9542582694069648,0.00309060602966715,-1.1879699248121778,36.6621475219727,0.22181883109153672,0.32810379716700394,normal_flow,4087170.csv
4087170,2019-01-14,daytime,6,-0.7794971703974067,0.06757165786499897,-0.6783004552351768,31.1721992492676,0.27722890132127126,0.32657620124588344,normal_flow,4087170.csv
4087170,2019-01-14,nighttime,6,-0.3155235253909636,0.5424206991979252,-0.14732142857120717,31.1721992492676,0.27722890132127126,0.32657620124588344,normal_flow,4087170.csv
4087170,2019-01-15,daytime,6,-0.07500211495887893,0.8877077829071504,-0.1011826544016068,26.915470123291,0.3304963694798238,0.32957584414553825,normal_flow,4087170.csv
4087170,2019-01-15,nighttime,6,-0.8452438720565352,0.03407102592296311,-0.9971611071684454,26.915470123291,0.3304963694798238,0.32957584414553825,normal_flow,4087170.csv
4087170,2019-01-16,daytime,6,-0.5584536718449009,0.2494021061695944,-1.6999999999997244,24.0323104858398,0.3759076300440424,0.34116970201960084,normal_flow,4087170.csv
4087170,2019-01-16,nighttime,6,-0.7780055290534598,0.06845220242687765,-1.4164222873899306,24.0323104858398,0.3759076300440424,0.34116970201960084,normal_flow,4087170.csv
4087170,2019-01-17,daytime,6,-0.8253370708475832,0.04309647511696399,-0.7158469945358559,22.2250175476074,0.4079276276633734,0.3567551481966433,normal_flow,4087170.csv
4087170,2019-01-17,nighttime,6,-0.8606664587672659,0.02776825432931766,-3.038961038962656,22.2250175476074,0.4079276276633734,0.3567551481966433,normal_flow,4087170.csv
4087170,2019-01-18,daytime,6,-0.9506271322018268,0.00359634248389468,-1.7426900584795573,21.1267433166504,0.4289370313057969,0.375717176526604,normal_flow,4087170.csv
4087170,2019-01-18,nighttime,6,0.5051345486512426,0.30674347314230843,0.30893598426925023,21.1267433166504,0.4289370313057969,0.375717176526604,normal_flow,4087170.csv
4087170,2019-01-19,daytime,6,-0.26907658528779815,0.606125991617194,-0.5319148936172935,20.4440040588379,0.44173312700868944,0.397420941951355,normal_flow,4087170.csv
4087170,2019-01-19,nighttime,6,-0.2,0.704,-0.0999999999997027,20.4440040588379,0.44173312700868944,0.397420941951355,normal_flow,4087170.csv
4087170,2019-01-20,daytime,6,0.15675693061702595,0.7667905773554308,0.397727272727175,19.9798984527588,0.451553386501607,0.41859699242153714,normal_flow,4087170.csv
4087170,2019-01-20,nighttime,6,-0.5423408734657037,0.26624903281672346,-2.0357142857162893,19.9798984527588,0.451553386501607,0.41859699242153714,normal_flow,4087170.csv
4087170,2019-01-21,daytime,6,-0.3357796019324654,0.5152598264875557,-0.2432432432432169,19.6369552612305,0.45899297702654446,0.4373130182914732,normal_flow,4087170.csv
4087170,2019-01-21,nighttime,6,-0.9340757930335616,0.00637574825941588,-1.8040000000004377,19.6369552612305,0.45899297702654446,0.4373130182914732,normal_flow,4087170.csv
4087170,2019-01-22,daytime,6,-0.9694415576189566,0.0013864595832364,-1.168421052631856,19.3529090881348,0.464647065825497,0.45275959211205014,normal_flow,4087170.csv
4087170,2019-01-22,nighttime,6,-0.5237522374651598,0.2862085595756174,-1.324999999999807,19.3529090881348,0.464647065825497,0.45275959211205014,normal_flow,4087170.csv
4087170,2019-01-23,daytime,6,-0.7555548436223909,0.0823269328973602,-0.5100334448161636,19.0876808166504,0.4708963218664445,0.46507955402134665,normal_flow,4087170.csv
4087170,2019-01-23,nighttime,6,-0.0837666146834301,0.8746439666813651,-0.0640668523677467,19.0876808166504,0.4708963218664445,0.46507955402134665,normal_flow,4087170.csv
4087170,2019-01-24,daytime,6,-0.9637151699267016,0.00195099723803462,-0.4999999999999051,18.826488494873,0.47768122842518745,0.4748720390429711,normal_flow,4087170.csv
4087170,2019-01-24,nighttime,6,0.5763596966634347,0.2311910628942082,0.4732576985416268,18.826488494873,0.47768122842518745,0.4748720390429711,normal_flow,4087170.csv
4087170,2019-01-25,daytime,6,-0.04448244465642122,0.9333203414524834,-0.06896551724170119,18.5658836364746,0.4838709677419355,0.4830932825457287,normal_flow,4087170.csv
4087170,2019-01-25,nighttime,6,0.12532104253951007,0.8130025424671079,0.02094048493755284,18.5658836364746,0.4838709677419355,0.4830932825457287,normal_flow,4087170.csv
4087170,2019-01-26,daytime,6,-0.6493367204129815,0.16288749473766836,-0.5510044351681673,18.3022594451904,0.4906558743006785,0.4902709994841884,normal_flow,4087170.csv
4087170,2019-01-26,nighttime,6,-0.811783033210051,0.04980458788993661,-0.5493697478992048,18.3022594451904,0.4906558743006785,0.4902709994841884,normal_flow,4087170.csv
4087170,2019-01-27,daytime,6,0.18355271459428796,0.72776302033951,0.17021276595751234,18.0392913818359,0.4966075467206285,0.4872554854580804,normal_flow,4087170.csv
4087170,2019-01-27,nighttime,6,-0.6994910880640418,0.12188958950603251,-0.21103896103894568,18.0392913818359,0.4966075467206285,0.4872554854580804,normal_flow,4087170.csv
4087170,2019-01-28,daytime,6,-0.5379010560671741,0.27096590170766616,-0.2035053554039805,17.7766189575195,0.5025592191405786,0.4688767210252748,normal_flow,4087170.csv
4087170,2019-01-28,nighttime,6,-0.4506687661968152,0.3697627904791646,-0.12968036529698632,17.7766189575195,0.5025592191405786,0.4688767210252748,normal_flow,4087170.csv
4087170,2019-01-29,daytime,6,-0.5965438869014728,0.21132859817941307,-0.2550646814743097,17.5068378448486,0.508927508629925,0.44829980557870097,normal_flow,4087170.csv
4087170,2019-01-29,nighttime,6,-0.8582968888915717,0.02869697448674818,-0.5133531157268728,17.5068378448486,0.508927508629925,0.44829980557870097,normal_flow,4087170.csv
4087170,2019-01-30,daytime,6,-0.28322459020534185,0.5865227104171877,-0.2081218274113534,17.2317333221436,0.5152957981192715,0.4282267983970162,normal_flow,4087170.csv
4087170,2019-01-30,nighttime,6,-0.8048202569879649,0.05342499907845513,-0.35803736399099845,17.2317333221436,0.5152957981192715,0.4282267983970162,normal_flow,4087170.csv
4087170,2019-01-31,daytime,6,-0.3022663209788041,0.560408788978934,-0.5146198830407989,16.9561939239502,0.5227949053684086,0.4057255088679919,normal_flow,4087170.csv
4087170,2019-01-31,nighttime,6,-0.23198891724012605,0.6582593134048531,-0.25852272727286657,16.9561939239502,0.5227949053684086,0.4057255088679919,normal_flow,4087170.csv
4087170,2019-02-01,daytime,6,0.30032927419231914,0.5630505895350066,0.4950690335302866,16.6787090301514,0.5312462802047375,0.3817442367972067,normal_flow,4087170.csv
4087170,2019-02-01,nighttime,6,0.2418818002602262,0.6442531653060326,0.481308411214714,16.6787090301514,0.5312462802047375,0.3817442367972067,normal_flow,4087170.csv
4087170,2019-02-02,daytime,6,-0.3690824924346999,0.4715148179934008,-0.3974358974357961,16.4704246520996,0.5366027853826926,0.3589374280839583,normal_flow,4087170.csv
4087170,2019-02-02,nighttime,6,-0.7489648827728547,0.08661800052689994,-0.3695696100222001,16.4704246520996,0.5366027853826926,0.3589374280839583,normal_flow,4087170.csv
4087170,2019-02-03,daytime,6,-0.8481925230073536,0.03281902473637538,-3.231578947368866,22.8105506896973,0.3965004166170694,0.33863825735031544,normal_flow,4087170.csv
4087170,2019-02-03,nighttime,6,0.33709993123171705,0.5135035083360554,1.1363636363642518,22.8105506896973,0.3965004166170694,0.33863825735031544,normal_flow,4087170.csv
4087170,2019-02-04,daytime,6,-0.09579924482236872,0.8567407313264062,-0.03110151187898529,42.5547065734863,0.17587192000952268,0.32151331190731264,normal_flow,4087170.csv
4087170,2019-02-04,nighttime,6,-0.6962436467180945,0.12438839945870582,-2.246616541353589,42.5547065734863,0.17587192000952268,0.32151331190731264,normal_flow,4087170.csv
4087170,2019-02-05,daytime,6,-0.6027210709143122,0.205394445800202,-1.9887640449430544,46.6435050964355,0.15033924532793716,0.3075427528468833,normal_flow,4087170.csv
4087170,2019-02-05,nighttime,6,-0.3318755414092939,0.5204633021135332,-1.9857142857136851,46.6435050964355,0.15033924532793716,0.3075427528468833,normal_flow,4087170.csv
4087170,2019-02-06,daytime,6,0.870018177820058,0.02424487188913412,0.5218705906068095,44.3553810119629,0.16355195810022616,0.2960560250763798,normal_flow,4087170.csv
4087170,2019-02-06,nighttime,6,-0.5839122357109506,0.22367510637463844,-0.8424289008458395,44.3553810119629,0.16355195810022616,0.2960560250763798,normal_flow,4087170.csv
4087170,2019-02-07,daytime,6,0.7721731564835925,0.0719449217382915,4.276595744682706,50.0785484313965,0.13337697893107964,0.2863151212157283,normal_flow,4087170.csv
4087170,2019-02-07,nighttime,6,-0.10274314564488107,0.8464275677654329,-0.23374340949059777,50.0785484313965,0.13337697893107964,0.2863151212157283,normal_flow,4087170.csv
4087170,2019-02-08,daytime,6,0.05657135880077568,0.9152334849857696,0.07125307125309764,53.4647102355957,0.11796214736340913,0.2773479347696703,normal_flow,4087170.csv
4087170,2019-02-08,nighttime,6,NA,NA,NA,53.4647102355957,0.11796214736340913,0.2773479347696703,normal_flow,4087170.csv
4087170,2019-02-09,daytime,6,0.43890743256997006,0.383914356755632,0.10611510791347668,48.2738647460938,0.14176883704320914,0.2685950085307305,normal_flow,4087170.csv
4087170,2019-02-09,nighttime,6,NA,NA,NA,48.2738647460938,0.14176883704320914,0.2685950085307305,normal_flow,4087170.csv
4087170,2019-02-10,daytime,6,-0.3152523028036043,0.5427870654989483,-0.4038461538459302,41.1421394348145,0.1861683132960362,0.2603459905566798,normal_flow,4087170.csv
4087170,2019-02-10,nighttime,6,-0.3118724702337889,0.5473583448734143,-0.9999999999990874,41.1421394348145,0.1861683132960362,0.2603459905566798,normal_flow,4087170.csv
4087170,2019-02-11,daytime,6,-0.40451991747774313,0.42631720794062217,-1.1999999999991573,34.5937232971191,0.23973336507558624,0.26152838947744317,normal_flow,4087170.csv
4087170,2019-02-11,nighttime,6,NA,NA,NA,34.5937232971191,0.23973336507558624,0.26152838947744317,normal_flow,4087170.csv
4087170,2019-02-12,daytime,6,0.09028938981450722,0.8649339426823759,0.13043478260896166,29.7019119262695,0.2930008332341388,0.2774352259651629,normal_flow,4087170.csv
4087170,2019-02-12,nighttime,6,-0.07075491376786591,0.8940447380184593,-0.04255319148933571,29.7019119262695,0.2930008332341388,0.2774352259651629,normal_flow,4087170.csv
4087170,2019-07-17,daytime,6,-0.6882350810882815,0.13064468273958843,-0.06461263440153518,10.8209075927734,0.7195571955719557,0.4922588580724517,normal_flow,4087170.csv
4087170,2019-07-17,nighttime,6,-0.6608251100194582,0.15305013613687554,-0.2862473347548231,10.8209075927734,0.7195571955719557,0.4922588580724517,normal_flow,4087170.csv
4087170,2019-07-18,daytime,6,-0.8908785902425698,0.0172115424862428,-0.3033480767139238,12.9585933685303,0.6431972384239971,0.4746696821806928,normal_flow,4087170.csv
4087170,2019-07-18,nighttime,6,-0.6844187611300812,0.1336726701227753,-0.23015560370297583,12.9585933685303,0.6431972384239971,0.4746696821806928,normal_flow,4087170.csv
4087170,2019-07-19,daytime,6,-0.912195566218,0.01122595854010329,-0.35812389049801535,20.8545265197754,0.43524580407094393,0.46020711820021426,normal_flow,4087170.csv
4087170,2019-07-19,nighttime,6,-0.9779803481505678,7.219593213643829e-4,-0.3089650783549363,20.8545265197754,0.43524580407094393,0.46020711820021426,normal_flow,4087170.csv
4087170,2019-07-20,daytime,6,-0.9818792900867426,4.895651323295265e-4,-0.4064587571165501,31.4503555297852,0.27419354838709675,0.4494663333730111,normal_flow,4087170.csv
4087170,2019-07-20,nighttime,6,-0.995668803560394,2.8098268871997157e-5,-0.531899908046872,31.4503555297852,0.27419354838709675,0.4494663333730111,normal_flow,4087170.csv
4087170,2019-07-21,daytime,6,-0.9947788916159644,4.081879550061379e-5,-0.5032372563841242,45.0980987548828,0.15908820378526367,0.4425028766416697,normal_flow,4087170.csv
4087170,2019-07-21,nighttime,6,-0.996583431230654,1.74894725286973e-5,-0.3729319779411034,45.0980987548828,0.15908820378526367,0.4425028766416697,normal_flow,4087170.csv
4087170,2019-07-22,daytime,6,-0.7466937200638026,0.08811952605974493,-0.3496195046289504,44.3716468811035,0.16337340792762767,0.4400785620759433,normal_flow,4087170.csv
4087170,2019-07-22,nighttime,6,-0.94968308651542,0.00373399169987867,-0.4019092602448038,44.3716468811035,0.16337340792762767,0.4400785620759433,normal_flow,4087170.csv
4087170,2019-07-23,daytime,6,-0.957077640813444,0.00272395482542749,-0.6854098360655633,39.2014923095703,0.2005713605523152,0.4395032337420148,normal_flow,4087170.csv
4087170,2019-07-23,nighttime,6,-0.8884270471442577,0.01797832643339479,-0.5766362370415961,39.2014923095703,0.2005713605523152,0.4395032337420148,normal_flow,4087170.csv
4087170,2019-07-24,daytime,6,-0.5886798510072913,0.21898194891427283,-0.7956204379563887,35.3871040344238,0.2327699083442447,0.44003491647819704,normal_flow,4087170.csv
4087170,2019-07-24,nighttime,6,0.2939257023674544,0.5718079078977443,0.330845771144327,35.3871040344238,0.2327699083442447,0.44003491647819704,normal_flow,4087170.csv
4087170,2019-07-25,daytime,6,-0.2262145996700617,0.6664661454509442,-0.07256505576207266,29.9189643859863,0.29079871443875727,0.43982859183430545,normal_flow,4087170.csv
4087170,2019-07-25,nighttime,6,0.2701782501063194,0.6045936293605843,0.13701195793112608,29.9189643859863,0.29079871443875727,0.43982859183430545,normal_flow,4087170.csv
4087170,2019-07-26,daytime,6,-0.7448928201677457,0.08931836385546994,-0.2793962729092902,23.933219909668,0.3776931317700274,0.44540729278260527,normal_flow,4087170.csv
4087170,2019-07-26,nighttime,6,-0.29779328468680605,0.5665143523462206,-0.1353811149033075,23.933219909668,0.3776931317700274,0.44540729278260527,normal_flow,4087170.csv
4087170,2019-07-27,daytime,6,-0.40962990828570967,0.4199224031555762,-0.20887680039566367,19.0487899780273,0.471908106177836,0.4667618934253859,normal_flow,4087170.csv
4087170,2019-07-27,nighttime,6,-0.9373084047317544,0.00577215778992977,-0.31261270937799945,19.0487899780273,0.471908106177836,0.4667618934253859,normal_flow,4087170.csv
4087170,2019-07-28,daytime,6,-0.982431390528034,4.602727294644438e-4,-0.38957379358923927,15.5046443939209,0.5617188429948815,0.4989009244931159,normal_flow,4087170.csv
4087170,2019-07-28,nighttime,6,-0.9571164810077636,0.00271906298747676,-0.2961651196873661,15.5046443939209,0.5617188429948815,0.4989009244931159,normal_flow,4087170.csv
4087170,2019-07-29,daytime,6,-0.988176584608438,2.0886331103247275e-4,-0.23333506926360345,12.621654510498,0.6554576836090942,0.5384398682696504,normal_flow,4087170.csv
4087170,2019-07-29,nighttime,6,-0.8100685435202986,0.0506851475335452,-0.23432682425486967,12.621654510498,0.6554576836090942,0.5384398682696504,normal_flow,4087170.csv
4087170,2019-07-30,daytime,6,-0.6553680993636934,0.15769055734960238,-0.31634182908543224,11.5450992584229,0.6947387215807642,0.5629726619846843,normal_flow,4087170.csv
4087170,2019-07-30,nighttime,6,-0.9919324674426924,9.73650843375748e-5,-0.2144064930672671,11.5450992584229,0.6947387215807642,0.5629726619846843,normal_flow,4087170.csv
4087170,2019-07-31,daytime,6,0.8653527579975416,0.02597425051327248,0.24044310525949544,10.8044338226318,0.7202118795381502,0.577701067333254,normal_flow,4087170.csv
4087170,2019-07-31,nighttime,6,-0.180148149496488,0.7327009817484569,-0.22200392927337836,10.8044338226318,0.7202118795381502,0.577701067333254,normal_flow,4087170.csv
4087170,2019-08-01,daytime,6,0.26589302008568017,0.6105596682310772,0.334301432600771,10.9092664718628,0.7164623259135817,0.5872356465500139,normal_flow,4087170.csv
4087170,2019-08-01,nighttime,6,-0.09952509393417448,0.8512052692845624,-0.06883728617472122,10.9092664718628,0.7164623259135817,0.5872356465500139,normal_flow,4087170.csv
4087170,2019-08-02,daytime,6,-0.41465956415420147,0.41365946604926807,-0.06511816063083231,10.6016187667847,0.7268777526484942,0.5919771455779074,normal_flow,4087170.csv
4087170,2019-08-02,nighttime,6,-0.291689437412543,0.5748747103982381,-0.24812218327487448,10.6016187667847,0.7268777526484942,0.5919771455779074,normal_flow,4087170.csv
4087170,2019-08-03,daytime,6,-0.13510588539617024,0.7985742563187288,-0.02953479528454572,9.82984924316406,0.7555648137126533,0.5946236559139785,normal_flow,4087170.csv
4087170,2019-08-03,nighttime,6,-0.7739314445005686,0.07088364577395329,-0.16643589033508158,9.82984924316406,0.7555648137126533,0.5946236559139785,normal_flow,4087170.csv
4087170,2019-08-04,daytime,6,-0.7819410506794686,0.06614023867046294,-0.8618370811517317,9.81906509399414,0.7562790144030472,0.5940245208903702,normal_flow,4087170.csv
4087170,2019-08-04,nighttime,6,-0.3906561939565116,0.4438251717531336,-0.1730337078651781,9.81906509399414,0.7562790144030472,0.5940245208903702,normal_flow,4087170.csv
4087170,2019-08-05,daytime,6,-0.15223099198629908,0.773417433450455,-0.08002539145157689,9.93143653869629,0.7521723604332817,0.590397968495814,normal_flow,4087170.csv
4087170,2019-08-05,nighttime,6,-0.9946465844305868,4.291187546390863e-5,-0.659783579867001,9.93143653869629,0.7521723604332817,0.590397968495814,normal_flow,4087170.csv
4087170,2019-08-06,daytime,6,-0.7498124065875618,0.0860606477638112,-0.17332403046688252,16.6772899627686,0.5313653136531366,0.5866761893425386,normal_flow,4087170.csv
4087170,2019-08-06,nighttime,6,-0.654284586015546,0.15861891542694853,-0.530129803146202,16.6772899627686,0.5313653136531366,0.5866761893425386,normal_flow,4087170.csv
4087170,2019-08-07,daytime,6,-0.9835964466484944,4.0140793795876735e-4,-0.3834542627623652,21.5362987518311,0.42149744078085943,0.5841923580526128,normal_flow,4087170.csv
4087170,2019-08-07,nighttime,6,-0.7522941101890082,0.08443791703460149,-0.18160967472895315,21.5362987518311,0.42149744078085943,0.5841923580526128,normal_flow,4087170.csv
4087170,2019-08-08,daytime,6,-0.9415414830299232,0.0050262092939917,-0.5946076736951439,24.0375289916992,0.3757885965956434,0.5797881204618498,normal_flow,4087170.csv
4087170,2019-08-08,nighttime,6,-0.7448151496793515,0.08937023133856153,-0.31505824016465084,24.0375289916992,0.3757885965956434,0.5797881204618498,normal_flow,4087170.csv
4087170,2019-08-09,daytime,6,-0.07223654438191485,0.8918336528458096,-0.2076404494382512,24.9071750640869,0.3619211998571598,0.5822997262230687,normal_flow,4087170.csv
4087170,2019-08-09,nighttime,6,-0.9923272860298372,8.807996109582377e-5,-0.4611073750280093,24.9071750640869,0.3619211998571598,0.5822997262230687,normal_flow,4087170.csv
4087170,2019-08-10,daytime,6,-0.716466809185795,0.10918983710331452,-0.19377555656518647,21.7206726074219,0.41739078681109393,0.5895012498512082,normal_flow,4087170.csv
4087170,2019-08-10,nighttime,6,-0.7836578183218879,0.06514307616066468,-0.4384265740971674,21.7206726074219,0.41739078681109393,0.5895012498512082,normal_flow,4087170.csv
4087170,2019-08-11,daytime,6,0.12512415091825513,0.8132932488007427,0.11563238136134515,19.4213047027588,0.4629210808237115,0.5934253858667619,normal_flow,4087170.csv
4087170,2019-08-11,nighttime,6,-0.8190215172166521,0.04616600360844897,-0.6301792252842177,19.4213047027588,0.4629210808237115,0.5934253858667619,normal_flow,4087170.csv
4087170,2019-08-12,daytime,6,-0.8818785422362023,0.02010496279751445,-0.650465176941111,17.5683307647705,0.5073205570765386,0.593453160338055,normal_flow,4087170.csv
4087170,2019-08-12,nighttime,6,-0.9205516948749028,0.0092173096115656,-0.4174736154934249,17.5683307647705,0.5073205570765386,0.593453160338055,normal_flow,4087170.csv
4087170,2019-08-13,daytime,6,0.4723301143578146,0.34419224593154885,1.104746365199144,14.2242603302002,0.5996309963099631,0.595000595167242,normal_flow,4087170.csv
4087170,2019-08-13,nighttime,6,-0.33611104647001827,0.5148187695640607,-0.14363636363639185,14.2242603302002,0.5996309963099631,0.595000595167242,normal_flow,4087170.csv
4087170,2019-08-14,daytime,6,0.34611074460051405,0.501564644316007,1.8031914893616792,12.5512781143188,0.6574812522318771,0.6119271515295798,normal_flow,4087170.csv
4087170,2019-08-14,nighttime,6,-0.8673579439737079,0.02522402600896425,-0.9474989665149856,12.5512781143188,0.6574812522318771,0.6119271515295798,normal_flow,4087170.csv
4087170,2019-08-15,daytime,6,0.9149855442232676,0.01053396734539555,4.301255721160336,12.6541318893433,0.6541483156767052,0.6370313057969289,normal_flow,4087170.csv
4087170,2019-08-15,nighttime,6,0.6144117823070319,0.19435311516735612,1.8976857490870536,12.6541318893433,0.6541483156767052,0.6370313057969289,normal_flow,4087170.csv
4087170,2019-08-16,daytime,6,-0.9143107698023776,0.01069937349444073,-2.8410958904113977,9.85768032073975,0.7541364123318652,0.6680434868864817,normal_flow,4087170.csv
4087170,2019-08-16,nighttime,6,0.29920814571224197,0.5645811630194761,0.354435483871111,9.85768032073975,0.7541364123318652,0.6680434868864817,normal_flow,4087170.csv
4087170,2019-08-17,daytime,6,-0.45245830470945425,0.36762583962128526,-0.2558049235070221,7.69882726669312,0.8349006070705869,0.702698091497044,normal_flow,4087170.csv
4087170,2019-08-17,nighttime,6,-0.6394021482579575,0.1716018005255459,-0.8825233926953436,7.69882726669312,0.8349006070705869,0.702698091497044,normal_flow,4087170.csv
4087170,2019-08-18,daytime,6,-0.8074234925513605,0.05205764846006821,-0.3884039900249494,8.20950984954834,0.8144268539459588,0.7352180295996509,normal_flow,4087170.csv
4087170,2019-08-18,nighttime,6,-0.23063678355835524,0.660178993462117,-0.186881188118776,8.20950984954834,0.8144268539459588,0.7352180295996509,normal_flow,4087170.csv
4087170,2019-08-19,daytime,6,-0.6289211636242964,0.1810005685735474,-0.32516724771506733,9.80842876434326,0.7566956314724438,0.7546561917232075,normal_flow,4087170.csv
4087170,2019-08-19,nighttime,6,-0.8601368106394124,0.02797458591065072,-0.6925081433225191,9.80842876434326,0.7566956314724438,0.7546561917232075,normal_flow,4087170.csv
4087170,2019-08-20,daytime,6,-0.8703644752636359,0.02411876747841824,-0.6888512081390167,9.28179454803467,0.7753838828710867,0.7493830099591319,normal_flow,4087170.csv
4087170,2019-08-20,nighttime,6,-0.6989948483169454,0.12227000137617058,-0.3794903285231968,9.28179454803467,0.7753838828710867,0.7493830099591319,normal_flow,4087170.csv
4087170,2019-08-21,daytime,6,-0.6522661045186875,0.16035449962811776,-0.18142583120203765,9.00803661346436,0.7852636590882038,0.7443399595286275,normal_flow,4087170.csv
4087170,2019-08-21,nighttime,6,-0.9853118002453886,3.220303783500433e-4,-0.49220329562167425,9.00803661346436,0.7852636590882038,0.7443399595286275,normal_flow,4087170.csv
4087170,2019-08-22,daytime,6,-0.8685066562734705,0.02479895637325304,-1.109339146397387,8.68406391143799,0.7980597547910963,0.7422171963655121,normal_flow,4087170.csv
4087170,2019-08-22,nighttime,6,-0.6823682640190795,0.13531195938437854,-0.3754654750505294,8.68406391143799,0.7980597547910963,0.7422171963655121,normal_flow,4087170.csv
4087170,2019-08-23,daytime,6,0.32440027904549573,0.5304688008719741,0.3544776119403178,7.50588321685791,0.8409713129389358,0.7424711343887632,normal_flow,4087170.csv
4087170,2019-08-23,nighttime,6,-0.8377464909616175,0.03735354253111133,-2.3804092586378705,7.50588321685791,0.8409713129389358,0.7424711343887632,normal_flow,4087170.csv
4087170,2019-08-24,daytime,6,-0.41946346716255256,0.4077070139466733,-0.8320855614974226,6.27296733856201,0.8817402690155934,0.7395270404316946,normal_flow,4087170.csv
4087170,2019-08-24,nighttime,6,-0.9511307023906572,0.00352395734341316,-1.0548872180449234,6.27296733856201,0.8817402690155934,0.7395270404316946,normal_flow,4087170.csv
4087170,2019-08-25,daytime,6,0.56690113539963,0.240742760890774,0.32779456193351847,5.24847316741943,0.9051898583501964,0.7354045153354759,normal_flow,4087170.csv
4087170,2019-08-25,nighttime,6,-0.8718133121600393,0.02359456967381003,-1.4460864805693323,5.24847316741943,0.9051898583501964,0.7354045153354759,normal_flow,4087170.csv
4087170,2019-08-26,daytime,6,-0.945042680444212,0.00444746647140632,-1.5834522111267864,9.84992122650146,0.7544935126770622,0.7367138832678649,normal_flow,4087170.csv
4087170,2019-08-26,nighttime,6,0.4946474907688916,0.31854298322833013,1.1071707545696856,9.84992122650146,0.7544935126770622,0.7367138832678649,normal_flow,4087170.csv
4087170,2019-08-27,daytime,6,-0.0912678933034703,0.8634782829872477,-0.149857954545744,21.1871604919434,0.42822283061540295,0.7429909137801055,normal_flow,4087170.csv
4087170,2019-08-27,nighttime,6,-0.7448712380906283,0.08933277477260239,-0.35277777777774594,21.1871604919434,0.42822283061540295,0.7429909137801055,normal_flow,4087170.csv
4087170,2019-08-28,daytime,6,-0.990006270412212,1.4931288658292732e-4,-0.4740270793036553,16.9221229553223,0.5239852398523985,0.7419553227790342,normal_flow,4087170.csv
4087170,2019-08-28,nighttime,6,-0.9665290564291894,0.00166170727823446,-0.43850267379677904,16.9221229553223,0.5239852398523985,0.7419553227790342,normal_flow,4087170.csv
4087170,2019-08-29,daytime,6,-0.9367531382254224,0.00587374932850234,-0.5525657071339151,13.4274997711182,0.6256398047851446,0.7452684204261397,normal_flow,4087170.csv
4087170,2019-08-29,nighttime,6,-0.9533168351233746,0.00321810809632432,-0.4343101745143155,13.4274997711182,0.6256398047851446,0.7452684204261397,normal_flow,4087170.csv
4087170,2019-08-30,daytime,6,-0.7201760923717023,0.10649682436261763,-0.2303537386147024,12.5344791412354,0.6579573860254732,0.7495893346030235,normal_flow,4087170.csv
4087170,2019-08-30,nighttime,6,-0.513617298704559,0.29732087460883794,-0.25961538461543787,12.5344791412354,0.6579573860254732,0.7495893346030235,normal_flow,4087170.csv
4087170,2019-08-31,daytime,6,-0.7573101259206454,0.0812005428672128,-0.23481203405065423,11.1116733551025,0.7099750029758362,0.7517755822719517,normal_flow,4087170.csv
4087170,2019-08-31,nighttime,6,-0.9642284773154566,0.0018965160997192,-0.37181321848825055,11.1116733551025,0.7099750029758362,0.7517755822719517,normal_flow,4087170.csv
4087170,2019-09-01,daytime,6,-0.07830535018807817,0.8827820482668667,-0.01343140390150472,9.34246158599854,0.7730627306273062,0.7528548188707693,normal_flow,4087170.csv
4087170,2019-09-01,nighttime,6,-0.9465450375854196,0.00420977752312746,-0.5048218854556195,9.34246158599854,0.7730627306273062,0.7528548188707693,normal_flow,4087170.csv
4087170,2019-09-02,daytime,6,-0.20281309684430984,0.6999515257290909,-0.06313044671654479,7.71829795837402,0.8340673729317938,0.7530055945720747,normal_flow,4087170.csv
4087170,2019-09-02,nighttime,6,-0.7686304956705329,0.07410495278564277,-0.137254901960808,7.71829795837402,0.8340673729317938,0.7530055945720747,normal_flow,4087170.csv
4087170,2019-09-03,daytime,6,-0.9340781191491574,0.00637530338897044,-0.44450888916912307,7.22082138061523,0.8508510891560529,0.7517438400190454,normal_flow,4087170.csv
4087170,2019-09-03,nighttime,6,-0.8355646757883181,0.03833538239289316,-0.329610460365046,7.22082138061523,0.8508510891560529,0.7517438400190454,normal_flow,4087170.csv
4087170,2019-09-04,daytime,6,-0.9122356643145508,0.0112158620797119,-0.2304795380366421,9.70919036865234,0.7598500178550173,0.7641352219973813,normal_flow,4087170.csv
4087170,2019-09-04,nighttime,6,-0.8485901464723471,0.0326518844305978,-0.4301855670103111,9.70919036865234,0.7598500178550173,0.7641352219973813,normal_flow,4087170.csv
4087170,2019-09-05,daytime,6,-0.7736683795557278,0.07104197155189482,-0.25197498354178555,7.6986665725708,0.8349601237947863,0.7486965837400309,normal_flow,4087170.csv
4087170,2019-09-05,nighttime,6,-0.8778140387726812,0.02148203157956046,-0.3905325443786949,7.6986665725708,0.8349601237947863,0.7486965837400309,normal_flow,4087170.csv
4087170,2019-09-06,daytime,6,-0.9163835757506912,0.01019524886189884,-0.4937706986279322,6.83928442001343,0.8628734674443519,0.7144268539459588,normal_flow,4087170.csv
4087170,2019-09-06,nighttime,6,-0.6818094642558878,0.13576019063040168,-0.3120373977405159,6.83928442001343,0.8628734674443519,0.7144268539459588,normal_flow,4087170.csv
4087170,2019-09-07,daytime,6,-0.18917696322937907,0.7196196804920589,-0.06958762886588345,6.52976560592651,0.8737650279728604,0.6763678927111851,normal_flow,4087170.csv
4087170,2019-09-07,nighttime,6,-0.9921881963463912,9.129805965143371e-5,-0.4254600075103304,6.52976560592651,0.8737650279728604,0.6763678927111851,normal_flow,4087170.csv
4087170,2019-09-08,daytime,6,-0.700615696476159,0.12102939034869636,-0.21061566711707605,5.56916809082031,0.8979288179978574,0.637098758084355,normal_flow,4087170.csv
4087170,2019-09-08,nighttime,6,-0.956173231763318,0.00283908750813761,-0.27026693030153504,5.56916809082031,0.8979288179978574,0.637098758084355,normal_flow,4087170.csv
4087170,2019-09-09,daytime,6,-0.9507286315086608,0.00358169437329744,-0.635658914728886,5.17525768280029,0.9074514938697774,0.5962226719041384,normal_flow,4087170.csv
4087170,2019-09-09,nighttime,6,-0.9695278697995844,0.00137867861922385,-0.48019457956920986,5.17525768280029,0.9074514938697774,0.5962226719041384,normal_flow,4087170.csv
4087170,2019-09-10,daytime,6,-0.7563996148091316,0.081783958283261,-0.2863972755255905,10.3774547576904,0.7355671943816212,0.5553267468158553,normal_flow,4087170.csv
4087170,2019-09-10,nighttime,6,-0.18541678287402305,0.7250620830199198,-0.09442870632668156,10.3774547576904,0.7355671943816212,0.5553267468158553,normal_flow,4087170.csv
4087170,2019-09-11,daytime,6,-0.6179396080587267,0.1910705095950733,-0.21018711018708877,13.7832326889038,0.6140935602904416,0.5183946355592588,normal_flow,4087170.csv
4087170,2019-09-11,nighttime,6,-0.9359893255794568,0.00601491206508022,-0.45189076315702464,13.7832326889038,0.6140935602904416,0.5183946355592588,normal_flow,4087170.csv
4087170,2019-09-12,daytime,6,-0.8643151207410116,0.02636657415735333,-0.36072922893006343,29.7605152130127,0.2924056659921438,0.4936436138554934,normal_flow,4087170.csv
4087170,2019-09-12,nighttime,6,-0.9918112593520592,1.0030866015851207e-4,-0.39297838867269297,29.7605152130127,0.2924056659921438,0.4936436138554934,normal_flow,4087170.csv
4087170,2019-09-13,daytime,6,-0.9145888441390552,0.01063105832809254,-0.46963410033953007,55.2402877807617,0.1115938578740626,0.4705431893028608,normal_flow,4087170.csv
4087170,2019-09-13,nighttime,6,-0.9442220895352974,0.00457999551516776,-0.29155152500321263,55.2402877807617,0.1115938578740626,0.4705431893028608,normal_flow,4087170.csv
4087170,2019-09-14,daytime,6,-0.852156901994963,0.0311706261502199,-0.4009615384615533,63.0886192321777,0.08707296750386859,0.4513351585128754,normal_flow,4087170.csv
4087170,2019-09-14,nighttime,6,-0.9344625936778364,0.00630198089244326,-0.39999999999998254,63.0886192321777,0.08707296750386859,0.4513351585128754,normal_flow,4087170.csv
4087170,2019-09-15,daytime,6,-0.8109484453754021,0.05023233783127079,-0.18663967611335067,52.9339637756348,0.12093798357338412,0.4309288576756735,normal_flow,4087170.csv
4087170,2019-09-15,nighttime,6,-0.365171971981926,0.4765899871725557,-0.19621583742113,52.9339637756348,0.12093798357338412,0.4309288576756735,normal_flow,4087170.csv
4087170,2019-09-16,daytime,6,-0.29117695279066874,0.575578146793482,-0.07122920620743606,44.9825172424316,0.15992143792405666,0.4048129190969329,normal_flow,4087170.csv
4087170,2019-09-16,nighttime,6,-0.46006021636381766,0.35859679063020566,-0.20381631369257389,44.9825172424316,0.15992143792405666,0.4048129190969329,normal_flow,4087170.csv
4087170,2019-09-17,daytime,6,-0.05296364242691803,0.9206288217720536,-0.00784061696657769,36.8115425109863,0.22062849660754671,0.38070467801452207,normal_flow,4087170.csv
4087170,2019-09-17,nighttime,6,-0.29616397188030796,0.5687427719598691,-0.1635478082542636,36.8115425109863,0.22062849660754671,0.38070467801452207,normal_flow,4087170.csv
4087170,2019-09-18,daytime,6,-0.17395691351299583,0.7416966854852777,-0.05469046714773428,29.4124069213867,0.2968694203071063,0.3671031226441297,normal_flow,4087170.csv
4087170,2019-09-18,nighttime,6,-0.5555635561443862,0.2523922518432506,-0.1650620577659223,29.4124069213867,0.2968694203071063,0.3671031226441297,normal_flow,4087170.csv
4087170,2019-09-19,daytime,6,-0.11164677802434898,0.833225671677396,-0.06037735849057298,23.2868003845215,0.3885846922985358,0.35717573304765304,normal_flow,4087170.csv
4087170,2019-09-19,nighttime,6,-0.9128161984988272,0.01107018016416513,-0.17803573301633976,23.2868003845215,0.3885846922985358,0.35717573304765304,normal_flow,4087170.csv
4087170,2019-09-20,daytime,6,-0.76648516970716,0.07542707831410536,-0.575879396984853,18.3842716217041,0.488453755505297,0.3679165178748562,normal_flow,4087170.csv
4087170,2019-09-20,nighttime,6,-0.6657831151274196,0.14888522141596494,-0.5315046533374764,18.3842716217041,0.488453755505297,0.3679165178748562,normal_flow,4087170.csv
4087170,2019-09-21,daytime,6,-0.32516918906374626,0.5294370987537473,-0.20242598147906984,15.0884494781494,0.5747530055945721,0.3861246676982899,normal_flow,4087170.csv
4087170,2019-09-21,nighttime,6,-0.6819437308392882,0.13565243277435968,-0.4566844919786115,15.0884494781494,0.5747530055945721,0.3861246676982899,normal_flow,4087170.csv
4087170,2019-09-22,daytime,6,-0.9478104081001792,0.00401455446213474,-0.2625863562419436,15.2911167144775,0.5676705154148316,0.4025155735428322,normal_flow,4087170.csv
4087170,2019-09-22,nighttime,6,-0.8098701837422982,0.05078748619093841,-0.12512406139409468,15.2911167144775,0.5676705154148316,0.4025155735428322,normal_flow,4087170.csv
4087170,2019-09-23,daytime,6,-0.9783820883651744,6.959497615005208e-4,-0.4434786044490503,17.6212940216064,0.506189739316748,0.4126373844383605,normal_flow,4087170.csv
4087170,2019-09-23,nighttime,6,-0.8251733272340145,0.04317481510194193,-0.34165995165191326,17.6212940216064,0.506189739316748,0.4126373844383605,normal_flow,4087170.csv
4087170,2019-09-24,daytime,6,-0.947530796896748,0.00405730160017969,-0.1907211321322849,16.1231422424316,0.5458278776336151,0.4226203229774233,normal_flow,4087170.csv
4087170,2019-09-24,nighttime,6,-0.9873954900252444,2.373092451657157e-4,-0.4950786742551052,16.1231422424316,0.5458278776336151,0.4226203229774233,normal_flow,4087170.csv
4087170,2019-09-25,daytime,6,-0.91469996241705,0.01060381896879341,-0.6455942423652893,16.663631439209,0.531543863825735,0.41706939650041663,normal_flow,4087170.csv
4087170,2019-09-25,nighttime,6,-0.350213994967739,0.4961558531703826,-0.11999999999999292,16.663631439209,0.531543863825735,0.41706939650041663,normal_flow,4087170.csv
4087170,2019-09-26,daytime,6,-0.8576582272905848,0.02894976422952966,-0.2130721220526946,19.3325271606445,0.4651827163432925,0.4032059675435464,normal_flow,4087170.csv
4087170,2019-09-26,nighttime,6,-0.8999591428367095,0.01451164654506921,-0.2752124689350176,19.3325271606445,0.4651827163432925,0.4032059675435464,normal_flow,4087170.csv
4087170,2019-09-27,daytime,6,-0.9957298590107848,2.7312225004074277e-5,-0.4003539823008766,19.8819770812988,0.4535174384001904,0.3835852874657779,normal_flow,4087170.csv
4087170,2019-09-27,nighttime,6,-0.9698475981092904,0.00135004422016084,-0.377880746250467,19.8819770812988,0.4535174384001904,0.3835852874657779,normal_flow,4087170.csv
4087170,2019-09-28,daytime,6,-0.9506340323903324,0.00359534573618107,-0.29386385426653033,23.5434131622314,0.38471610522556843,0.3560528508510892,normal_flow,4087170.csv
4087170,2019-09-28,nighttime,6,-0.9474693765072338,0.00406672136143925,-0.46314954383179135,23.5434131622314,0.38471610522556843,0.3560528508510892,normal_flow,4087170.csv
4087170,2019-09-29,daytime,6,-0.38375430343466543,0.452625787462757,-0.40032679738556376,26.7169494628906,0.3329365551720033,0.3220568979883347,normal_flow,4087170.csv
4087170,2019-09-29,nighttime,6,-0.9957376005983966,2.7213353248318023e-5,-0.4464186563020794,26.7169494628906,0.3329365551720033,0.3220568979883347,normal_flow,4087170.csv
4087170,2019-09-30,daytime,6,-0.8957974329640411,0.01572153761236682,-0.198830997242652,31.5629863739014,0.2727651470063088,0.2896480577709003,normal_flow,4087170.csv
4087170,2019-09-30,nighttime,6,-0.03292611923917252,0.9506286692270058,-0.00566156426923995,31.5629863739014,0.2727651470063088,0.2896480577709003,normal_flow,4087170.csv
4087170,2019-10-01,daytime,6,-0.2701434456624658,0.6046420256245143,-0.04170141784821345,28.4173641204834,0.3096655160099988,0.26411538308931476,normal_flow,4087170.csv
4087170,2019-10-01,nighttime,6,-0.6426007089417296,0.16877531409591437,-0.2967463739709321,28.4173641204834,0.3096655160099988,0.26411538308931476,normal_flow,4087170.csv
4087170,2019-10-02,daytime,6,0.3643077066501512,0.477713918586945,0.13272010512474397,49.1867332458496,0.13736459945244614,0.23943578145458871,high_flow,4087170.csv
4087170,2019-10-02,nighttime,6,-0.9152412630880538,0.01047160999859686,-0.24177860120426736,49.1867332458496,0.13736459945244614,0.23943578145458871,high_flow,4087170.csv
4087170,2019-10-03,daytime,6,-0.09961790365340868,0.8510674349464382,-0.123595505617163,62.4264717102051,0.08891798595405309,0.2200134904574852,high_flow,4087170.csv
4087170,2019-10-03,nighttime,6,NA,NA,1.8083675331882733e-14,62.4264717102051,0.08891798595405309,0.2200134904574852,high_flow,4087170.csv
4087170,2019-10-04,daytime,6,0.8107357724127207,0.05034160975372492,1.2723735408559762,60.609058380127,0.0942744911320081,0.2053406340515018,high_flow,4087170.csv
4087170,2019-10-04,nighttime,6,-0.34973821726735504,0.4967821074912288,-0.05815061963774941,60.609058380127,0.0942744911320081,0.2053406340515018,high_flow,4087170.csv
4087170,2019-10-05,daytime,6,0.3644054444069474,0.4775867748204193,0.2592592592593094,67.7603378295898,0.07546720628496607,0.190596357576479,high_flow,4087170.csv
4087170,2019-10-05,nighttime,6,-0.9452419372788344,0.00441557361792021,-0.4186602870814507,67.7603378295898,0.07546720628496607,0.190596357576479,high_flow,4087170.csv
4087170,2019-10-06,daytime,6,-0.250532372560781,0.6320639574445482,-0.1438721136767026,72.5097885131836,0.06481371265325557,0.1844978772368369,high_flow,4087170.csv
4087170,2019-10-06,nighttime,6,-0.7006755752005634,0.12098366434768004,-0.191588785046806,72.5097885131836,0.06481371265325557,0.1844978772368369,high_flow,4087170.csv
4087170,2019-10-07,daytime,6,0.08085132260322515,0.8789872760706723,0.02639442231076379,64.9791107177734,0.08153791215331509,0.184565329524263,high_flow,4087170.csv
4087170,2019-10-07,nighttime,6,-0.21398591453114324,0.6839203326797727,-0.08325449385039137,64.9791107177734,0.08153791215331509,0.184565329524263,high_flow,4087170.csv
4087170,2019-10-09,daytime,6,-0.9777818274440848,7.349868183428888e-4,-0.7075999171671514,42.5720825195312,0.17563385311272467,0.1918184343133754,high_flow,4087170.csv
4087170,2019-10-09,nighttime,6,-0.6985006985010391,0.12264932426179538,-0.26612903225807294,42.5720825195312,0.17563385311272467,0.1918184343133754,high_flow,4087170.csv
4087170,2019-10-10,daytime,6,-0.8876409160636907,0.01822760340588003,-0.6080817464004139,34.5386962890625,0.24020949886918225,0.2094115779867476,high_flow,4087170.csv
4087170,2019-10-10,nighttime,6,0.4288584334275408,0.3961500761733716,0.14467312348671496,34.5386962890625,0.24020949886918225,0.2094115779867476,high_flow,4087170.csv
4087170,2019-10-11,daytime,6,0.5846385189176667,0.222957586966453,0.7199999999999012,34.0455856323242,0.2450898702535413,0.23392056501210173,high_flow,4087170.csv
4087170,2019-10-11,nighttime,6,0.6162591020820052,0.19263133367684676,0.5200000000003077,34.0455856323242,0.2450898702535413,0.23392056501210173,high_flow,4087170.csv
4087170,2019-10-12,daytime,6,-0.3292447425932526,0.5239782969521306,-0.1370967741936448,35.4311256408691,0.23235329127484824,0.26138554933936436,normal_flow,4087170.csv
4087170,2019-10-12,nighttime,6,-0.950487027488458,0.0036166102915521,-0.3002531645569673,35.4311256408691,0.23235329127484824,0.26138554933936436,normal_flow,4087170.csv
4087170,2019-10-13,daytime,6,-0.8750963205102684,0.02242708699795899,-0.5062098501070125,29.681303024292,0.2932389001309368,0.2930801888664048,normal_flow,4087170.csv
4087170,2019-10-13,nighttime,6,-0.39013146533078746,0.4444923059308069,-1.3915662650610978,29.681303024292,0.2932389001309368,0.2930801888664048,normal_flow,4087170.csv
4087170,2019-10-14,daytime,6,-0.2194634095579692,0.6760900241363745,-0.1085883514313168,26.680419921875,0.3339483394833948,0.32723088521207794,normal_flow,4087170.csv
4087170,2019-10-14,nighttime,6,-0.9685030074621082,0.00147246734670208,-0.5509896324222646,26.680419921875,0.3339483394833948,0.32723088521207794,normal_flow,4087170.csv
4087170,2019-10-15,daytime,6,-0.7594857474231212,0.07981413184422446,-0.4693551607107257,26.5966300964355,0.33490060707058683,0.35974685553307145,normal_flow,4087170.csv
4087170,2019-10-15,nighttime,6,-0.969762275752891,0.00135765647393868,-0.7758620689655792,26.5966300964355,0.33490060707058683,0.35974685553307145,normal_flow,4087170.csv
4087170,2019-10-16,daytime,6,-0.9456729537404706,0.00434697075139836,-0.934340499709638,25.2708377838135,0.35632662778240687,0.3901797405070825,normal_flow,4087170.csv
4087170,2019-10-16,nighttime,6,-0.8943895930208541,0.01614137119033869,-1.6141732283464938,25.2708377838135,0.35632662778240687,0.3901797405070825,normal_flow,4087170.csv
4087170,2019-10-17,daytime,6,-0.8487390176327514,0.03258941025541439,-0.37673130193902266,22.5702972412109,0.4012617545530294,0.4110661429194937,normal_flow,4087170.csv
4087170,2019-10-17,nighttime,6,-0.994726903638918,4.163500719018995e-5,-0.7923558145514297,22.5702972412109,0.4012617545530294,0.4110661429194937,normal_flow,4087170.csv
4087170,2019-10-18,daytime,6,-0.9295386512303394,0.00727228919462309,-0.40628066732095186,19.7487106323242,0.45655279133436494,0.4261992619926199,normal_flow,4087170.csv
4087170,2019-10-18,nighttime,6,-0.7306203761599431,0.09907425499182172,-0.690042075736284,19.7487106323242,0.45655279133436494,0.4261992619926199,normal_flow,4087170.csv
4087170,2019-10-19,daytime,6,-0.5908669118846092,0.21684245564894344,-0.19733079122975,17.6203384399414,0.5062492560409475,0.4425187477681228,normal_flow,4087170.csv
4087170,2019-10-19,nighttime,6,-0.7200373521034856,0.10659701834726196,-0.4489051094892321,17.6203384399414,0.5062492560409475,0.4425187477681228,normal_flow,4087170.csv
4087170,2019-10-20,daytime,6,-0.4581119710728599,0.36090323925488016,-0.28740075940622517,15.9066371917725,0.5508867991905726,0.44270126572233465,normal_flow,4087170.csv
4087170,2019-10-20,nighttime,6,-0.9690874237046346,0.00141861122603445,-0.7826086956522472,15.9066371917725,0.5508867991905726,0.44270126572233465,normal_flow,4087170.csv
4087170,2019-10-21,daytime,6,-0.2681508787862069,0.6074143620506098,-0.08149221296637606,14.9931125640869,0.5770741578383526,0.4367694322104511,normal_flow,4087170.csv
4087170,2019-10-21,nighttime,6,-0.9806801589113424,5.562787637251785e-4,-0.807355516637357,14.9931125640869,0.5770741578383526,0.4367694322104511,normal_flow,4087170.csv
4087170,2019-10-22,daytime,6,-0.0761019434149348,0.8860674573006149,-0.06081081081087419,15.2439661026001,0.569277466968218,0.43100821330793954,normal_flow,4087170.csv
4087170,2019-10-22,nighttime,6,0.9778411110840576,7.310843485173107e-4,0.9339366515836912,15.2439661026001,0.569277466968218,0.43100821330793954,normal_flow,4087170.csv
4087170,2019-10-23,daytime,6,-0.5094145097773343,0.3019755684643553,-0.6538461538462649,14.9159517288208,0.5796928937031306,0.4259770662222751,normal_flow,4087170.csv
4087170,2019-10-23,nighttime,6,0.18430708260782788,0.7266697490126179,0.070202808112221,14.9159517288208,0.5796928937031306,0.4259770662222751,normal_flow,4087170.csv
4087170,2019-10-24,daytime,6,0.07436228920180546,0.888662168633706,0.05050505050519129,18.3670997619629,0.488929889298893,0.4192913542038646,normal_flow,4087170.csv
4087170,2019-10-24,nighttime,6,-0.9764934591432386,8.223418372854353e-4,-0.6498194945848665,18.3670997619629,0.488929889298893,0.4192913542038646,normal_flow,4087170.csv
4087170,2019-10-25,daytime,6,0.9687223854277484,0.00145213448414367,1.317518248175435,19.2612342834473,0.4672062849660754,0.409641709320319,normal_flow,4087170.csv
4087170,2019-10-25,nighttime,6,9.497818692290892e-14,0.9999999999998576,7.634531546919763e-14,19.2612342834473,0.4672062849660754,0.409641709320319,normal_flow,4087170.csv
4087170,2019-10-26,daytime,6,0.4263159680646723,0.3992665106446082,0.3108108108110822,18.3370742797852,0.489882156886085,0.3999642899654803,normal_flow,4087170.csv
4087170,2019-10-26,nighttime,6,-0.22419872814867323,0.6693365901259027,-0.06911447084229891,18.3370742797852,0.489882156886085,0.3999642899654803,normal_flow,4087170.csv
4087170,2019-10-27,daytime,6,-0.5951612113284445,0.2126662529655218,-1.0500000000006888,35.1518783569336,0.23509106058802523,0.3921636313137325,normal_flow,4087170.csv
4087170,2019-10-27,nighttime,6,-0.6510076985889434,0.16144057167899978,-0.9280000000000188,35.1518783569336,0.23509106058802523,0.3921636313137325,normal_flow,4087170.csv
4087170,2019-10-28,daytime,6,-0.9521103338359416,0.00338521462587003,-1.2168330955776676,38.6724014282227,0.2042613974526842,0.3842161647422926,normal_flow,4087170.csv
4087170,2019-10-28,nighttime,6,0.33171906186426714,0.5206721813101688,0.1311647429170831,38.6724014282227,0.2042613974526842,0.3842161647422926,normal_flow,4087170.csv
4087170,2019-10-29,daytime,6,-0.9393761601258148,0.00540147105906686,-0.4597633136096774,33.8047676086426,0.24753005594572075,0.3780502321152244,normal_flow,4087170.csv
4087170,2019-10-29,nighttime,6,-0.5414515300665576,0.2671913123014412,-0.5929648241204643,33.8047676086426,0.24753005594572075,0.3780502321152244,normal_flow,4087170.csv
4087170,2019-10-30,daytime,6,-0.943014098573948,0.00477856163441631,-0.8193325661679381,32.730167388916,0.25943340078562077,0.3732373130182915,normal_flow,4087170.csv
4087170,2019-10-30,nighttime,6,-0.9610542630330744,0.00224561977078338,-1.5557083906462963,32.730167388916,0.25943340078562077,0.3732373130182915,normal_flow,4087170.csv
4087170,2019-10-31,daytime,6,-0.5742599402864279,0.23329822588472465,-0.2451612903226401,33.0139045715332,0.2560409475062493,0.36688489465539814,normal_flow,4087170.csv
4087170,2019-10-31,nighttime,6,-0.7403514710943894,0.0923736288574988,-0.24360902255631925,33.0139045715332,0.2560409475062493,0.36688489465539814,normal_flow,4087170.csv
4087170,2019-11-01,daytime,6,-0.7833528679512739,0.06531969702792234,-0.12047939444909288,32.9903755187988,0.25651708129984524,0.36794826012776255,normal_flow,4087170.csv
4087170,2019-11-01,nighttime,6,-0.9354012249772768,0.00612471720154845,-2.4402985074627326,32.9903755187988,0.25651708129984524,0.36794826012776255,normal_flow,4087170.csv
4087170,2019-11-02,daytime,6,-0.99734354550838,1.057575273083693e-5,-0.6732594936708979,28.2728500366211,0.3113915010117843,0.3722771098678729,normal_flow,4087170.csv
4087170,2019-11-02,nighttime,6,-0.7913942138214844,0.06073567733294809,-0.34446764091862836,28.2728500366211,0.3113915010117843,0.3722771098678729,normal_flow,4087170.csv
4087170,2019-11-04,daytime,6,-0.7108175018361697,0.1133481132816907,-0.5968586387436208,21.0106735229492,0.4316748006189739,0.3988771178034361,normal_flow,4087170.csv
4087170,2019-11-04,nighttime,6,-0.8587854787891491,0.02850429391889683,-0.2621330137806846,21.0106735229492,0.4316748006189739,0.3988771178034361,normal_flow,4087170.csv
4087170,2019-11-06,daytime,6,-0.9856450387840512,3.076183403607341e-4,-0.5266231535554817,18.0048160552979,0.4970836805142245,0.44424076498829507,normal_flow,4087170.csv
4087170,2019-11-06,nighttime,6,-0.9134009951723914,0.01092436170260221,-1.242317380352519,18.0048160552979,0.4970836805142245,0.44424076498829507,normal_flow,4087170.csv
4087170,2019-11-07,daytime,6,-0.5311616191746699,0.278186593001453,-0.47725245316667825,18.5465602874756,0.48440661825973097,0.4653295242629846,normal_flow,4087170.csv
4087170,2019-11-07,nighttime,6,-0.9977154401622936,7.82285867514455e-6,-0.6758230381668784,18.5465602874756,0.48440661825973097,0.4653295242629846,normal_flow,4087170.csv
4087170,2019-11-08,daytime,6,-0.8611448689219412,0.02758250578444829,-0.49357601713059773,17.6839065551758,0.504880371384359,0.4875094234813316,normal_flow,4087170.csv
4087170,2019-11-08,nighttime,6,-0.9656441180390866,0.00175021435686105,-0.6410492792490773,17.6839065551758,0.504880371384359,0.4875094234813316,normal_flow,4087170.csv
4087170,2019-11-09,daytime,6,-0.9518669805354342,0.00341942435373722,-0.9514137334103032,16.6464233398438,0.5321390310677301,0.5115978256556759,normal_flow,4087170.csv
4087170,2019-11-09,nighttime,6,-0.9983075956843664,4.293924831752595e-6,-0.8582221930227707,16.6464233398438,0.5321390310677301,0.5115978256556759,normal_flow,4087170.csv
4087170,2019-11-10,daytime,6,-0.7246438043393096,0.10329265592915542,-0.5263157894736189,15.1829814910889,0.571896202832996,0.5331111375629886,normal_flow,4087170.csv
4087170,2019-11-10,nighttime,6,-0.9991554573809932,1.0695771670229245e-6,-0.6357793363341457,15.1829814910889,0.571896202832996,0.5331111375629886,normal_flow,4087170.csv
4087170,2019-11-11,daytime,6,-0.4742157774239333,0.3419972989859594,-0.23408624229984124,15.880241394043,0.5520771336745626,0.5488433916597231,normal_flow,4087170.csv
4087170,2019-11-11,nighttime,6,-0.9929861897885642,7.361778346862305e-5,-0.5755179503400271,15.880241394043,0.5520771336745626,0.5488433916597231,normal_flow,4087170.csv
4087170,2019-11-12,daytime,6,-0.7978356421026306,0.05717436952930108,-0.7340195016251367,15.3380517959595,0.5664801809308415,0.5620203943974924,normal_flow,4087170.csv
4087170,2019-11-12,nighttime,6,-0.9308156180923592,0.00701414326472865,-0.8136792452828984,15.3380517959595,0.5664801809308415,0.5620203943974924,normal_flow,4087170.csv
4087170,2019-11-13,daytime,6,-0.914676808149408,0.01060949217504543,-0.3861386138615846,15.3665199279785,0.5657659802404476,0.5735825100186486,normal_flow,4087170.csv
4087170,2019-11-13,nighttime,6,-0.9865961635798504,2.682901605699302e-4,-0.503070910106088,15.3665199279785,0.5657659802404476,0.5735825100186486,normal_flow,4087170.csv
4087170,2019-11-14,daytime,6,-0.8564891703587109,0.02941520886373,-0.4392523364485259,15.0547132492065,0.5757647899059636,0.5811808118081181,normal_flow,4087170.csv
4087170,2019-11-14,nighttime,6,-0.9753106380468762,9.06822010035288e-4,-0.356711565257777,15.0547132492065,0.5757647899059636,0.5811808118081181,normal_flow,4087170.csv
4087170,2019-11-15,daytime,6,-0.9111002984499436,0.01150344125709064,-0.7363542739443206,14.5954036712646,0.5887394357814546,0.5780621354600642,normal_flow,4087170.csv
4087170,2019-11-15,nighttime,6,-0.9830725905964356,4.2738061751906045e-4,-0.5761861313868402,14.5954036712646,0.5887394357814546,0.5780621354600642,normal_flow,4087170.csv
4087170,2019-11-16,daytime,6,-0.941973014340919,0.0049530043640176,-0.5475862068965276,13.6874046325684,0.6178431139150101,0.571987461810102,normal_flow,4087170.csv
4087170,2019-11-16,nighttime,6,-0.9192117347877105,0.00952647353963443,-0.4459459459462566,13.6874046325684,0.6178431139150101,0.571987461810102,normal_flow,4087170.csv
4087170,2019-11-17,daytime,6,-0.586545432575661,0.2210780897643625,-0.19712306872653107,13.2175521850586,0.6340911796214737,0.5615283894774432,normal_flow,4087170.csv
4087170,2019-11-17,nighttime,6,-0.8844444542102616,0.0192581147799442,-0.5360281195077772,13.2175521850586,0.6340911796214737,0.5615283894774432,normal_flow,4087170.csv
4087170,2019-11-18,daytime,6,-0.8500600409682831,0.03203751254333065,-0.1852433281002605,13.4477100372314,0.6252231877157481,0.5464190770939967,normal_flow,4087170.csv
4087170,2019-11-18,nighttime,6,-0.8351204319700166,0.03853675998237459,-0.2829181494662241,13.4477100372314,0.6252231877157481,0.5464190770939967,normal_flow,4087170.csv
4087170,2019-11-19,daytime,6,0.08720825476038123,0.8695192394441571,0.06395348837230587,13.3400630950928,0.6293298416855136,0.5334007856207594,normal_flow,4087170.csv
4087170,2019-11-19,nighttime,6,-0.3605551275469188,0.4826033919702392,-0.16250000000032802,13.3400630950928,0.6293298416855136,0.5334007856207594,normal_flow,4087170.csv
4087170,2019-11-20,daytime,6,0.35702062111849275,0.48722265726137254,0.12252964426872094,12.53147315979,0.6580169027496726,0.5180653096853549,normal_flow,4087170.csv
4087170,2019-11-20,nighttime,6,0.18206557771181953,0.7299191769006204,0.07644305772228162,12.53147315979,0.6580169027496726,0.5180653096853549,normal_flow,4087170.csv
4087170,2019-11-21,daytime,6,0.5386410576918632,0.27017750668842944,0.5574999999999444,13.8981304168701,0.6110582073562671,0.5021941832321549,normal_flow,4087170.csv
4087170,2019-11-21,nighttime,6,-0.6371346749783681,0.1736174017608529,-0.9999999999998912,13.8981304168701,0.6110582073562671,0.5021941832321549,normal_flow,4087170.csv
4087170,2019-11-22,daytime,6,-0.973632044838996,0.00103373717736789,-0.4442231075698392,20.685604095459,0.43762647303892394,0.4873388088719597,normal_flow,4087170.csv
4087170,2019-11-22,nighttime,6,-0.9355751791345216,0.00609213685220599,-0.5136890951276857,20.685604095459,0.43762647303892394,0.4873388088719597,normal_flow,4087170.csv
4087170,2019-11-23,daytime,6,0.19432508268934617,0.71218145095382,0.2045454545454543,21.8962135314941,0.4137602666349244,0.4689362377494743,normal_flow,4087170.csv
4087170,2019-11-23,nighttime,6,-0.5324808436904703,0.2767674384829625,-0.32326698695939843,21.8962135314941,0.4137602666349244,0.4689362377494743,normal_flow,4087170.csv
4087170,2019-11-24,daytime,6,0.9369753561406038,0.00583298832578947,0.32572614107861114,24.0855464935303,0.3752529460778478,0.44332023965400946,normal_flow,4087170.csv
4087170,2019-11-24,nighttime,6,0.825544366348814,0.04299739379089672,1.450000000000252,24.0855464935303,0.3752529460778478,0.44332023965400946,normal_flow,4087170.csv
4087170,2019-11-25,daytime,6,-0.26010243550528783,0.6186447377951246,-0.0930232558140324,25.9295291900635,0.34525651708129984,0.41378804110621753,normal_flow,4087170.csv
4087170,2019-11-25,nighttime,6,-0.6250802237076676,0.18449698905107112,-0.2949152542372327,25.9295291900635,0.34525651708129984,0.41378804110621753,normal_flow,4087170.csv
4087170,2019-11-26,daytime,6,-0.683187090865516,0.1346563068117111,-0.4245723172627264,25.2501373291016,0.3568027615760029,0.3855929849621077,normal_flow,4087170.csv
4087170,2019-11-26,nighttime,6,-0.48625464107294675,0.3281039314730076,-0.24719101123603412,25.2501373291016,0.3568027615760029,0.3855929849621077,normal_flow,4087170.csv
4087170,2019-11-27,daytime,6,-0.5802511258001227,0.22730608425230175,-0.4776915615907109,26.4823226928711,0.33644804189977384,0.3579692893703131,normal_flow,4087170.csv
4087170,2019-11-27,nighttime,6,0.8460374525323546,0.03373189904648077,2.13558178752138,26.4823226928711,0.33644804189977384,0.3579692893703131,normal_flow,4087170.csv
4087170,2019-11-28,daytime,6,-0.10970981513328688,0.8360955243267184,-0.1434720229558164,27.1302070617676,0.3276990834424473,0.330869340951474,normal_flow,4087170.csv
4087170,2019-11-28,nighttime,6,-0.7487594622209627,0.0867533332636692,-0.16018306636135413,27.1302070617676,0.3276990834424473,0.330869340951474,normal_flow,4087170.csv
4087170,2019-11-29,daytime,6,-0.774792947011205,0.07036627501412962,-1.6718750000000646,25.4390869140625,0.3529341745030354,0.310593976907511,normal_flow,4087170.csv
4087170,2019-11-29,nighttime,6,0.6313358105322665,0.17881674644212858,0.2452830188677983,25.4390869140625,0.3529341745030354,0.310593976907511,normal_flow,4087170.csv
4087170,2019-11-30,daytime,6,-0.7985836518841186,0.05676723381233148,-0.12264150943417518,28.1890068054199,0.3127008689441733,0.3055390231321668,normal_flow,4087170.csv
4087170,2019-11-30,nighttime,6,-0.7006490497450276,0.12100391941061502,-1.799999999998955,28.1890068054199,0.3127008689441733,0.3055390231321668,normal_flow,4087170.csv
4087170,2019-12-01,daytime,6,0.6445033866354924,0.1671033157325955,0.2769230769228147,35.2905044555664,0.2336031424830377,0.3048486291314526,normal_flow,4087170.csv
4087170,2019-12-01,nighttime,6,-0.948127183140098,0.00396639428762329,-1.1622911694510492,35.2905044555664,0.2336031424830377,0.3048486291314526,normal_flow,4087170.csv
4087170,2019-12-02,daytime,6,-0.7888426505157442,0.06217365798911423,-0.420454545454565,40.3481292724609,0.1911082014045947,0.3082053723763044,normal_flow,4087170.csv
4087170,2019-12-02,nighttime,6,-0.8847306421814819,0.0191647438668421,-0.2566649242027931,40.3481292724609,0.1911082014045947,0.3082053723763044,normal_flow,4087170.csv
4087170,2019-12-03,daytime,6,-0.9391967687306946,0.00543315362497166,-1.2058823529412526,38.914608001709,0.2022973455541007,0.31414514145141453,normal_flow,4087170.csv
4087170,2019-12-03,nighttime,6,-0.8190903288619074,0.04613202984782429,-0.4918793503480931,38.914608001709,0.2022973455541007,0.31414514145141453,normal_flow,4087170.csv
4087170,2019-12-04,daytime,6,-0.9552430478282448,0.0029599489291375,-0.90354330708663,37.3609046936035,0.21497440780859425,0.31964448676744833,normal_flow,4087170.csv
4087170,2019-12-04,nighttime,6,0.5326856876147877,0.27654732700991297,0.2388663967609427,37.3609046936035,0.21497440780859425,0.31964448676744833,normal_flow,4087170.csv
4087170,2019-12-05,daytime,6,-0.9211659241782754,0.00907724780507338,-1.4054054054049423,33.4407234191895,0.2515176764670872,0.3264849422687775,normal_flow,4087170.csv
4087170,2019-12-05,nighttime,6,-0.6026434057107243,0.20546862858760348,-0.5352112676055202,33.4407234191895,0.2515176764670872,0.3264849422687775,normal_flow,4087170.csv
4087170,2019-12-06,daytime,6,-0.30103147026787336,0.5620925224019705,-0.41000000000008,28.5711650848389,0.3069277466968218,0.33418243859857955,normal_flow,4087170.csv
4087170,2019-12-06,nighttime,6,0.6200483817181541,0.1891193264984483,0.8742514970059824,28.5711650848389,0.3069277466968218,0.33418243859857955,normal_flow,4087170.csv
4087170,2019-12-07,daytime,6,-0.07769935060694418,0.8836855169252715,-0.03300330032993908,24.9133892059326,0.3618021664087608,0.3408919573066698,normal_flow,4087170.csv
4087170,2019-12-07,nighttime,6,0.3217309637420223,0.5340548712039571,0.5288461538461944,24.9133892059326,0.3618021664087608,0.3408919573066698,normal_flow,4087170.csv
4087170,2019-12-08,daytime,6,0.708248397538931,0.11526169434201897,0.5817555938037556,22.4959354400635,0.4034043566242114,0.35110899496091735,normal_flow,4087170.csv
4087170,2019-12-08,nighttime,6,6.409777814338549e-16,0.9999999999999992,-4.548361591249571e-14,22.4959354400635,0.4034043566242114,0.35110899496091735,normal_flow,4087170.csv
4087170,2019-12-09,daytime,6,-0.9860222823130104,2.9169942818480453e-4,-0.7592997811816571,21.3285179138184,0.42560409475062494,0.3674840296790065,normal_flow,4087170.csv
4087170,2019-12-09,nighttime,6,-0.14406693508613552,0.7853946722876118,-0.07179285994515282,21.3285179138184,0.42560409475062494,0.3674840296790065,normal_flow,4087170.csv
4087170,2019-12-10,daytime,6,0.7832497718090673,0.06537945758947007,1.3005780346822722,20.8982257843018,0.4343530532079514,0.3875610046423045,normal_flow,4087170.csv
4087170,2019-12-10,nighttime,6,0.8225978297274016,0.04441573616269653,1.5842105263160775,20.8982257843018,0.4343530532079514,0.3875610046423045,normal_flow,4087170.csv
4087170,2019-12-11,daytime,6,-0.7871246517492272,0.06315055036370643,-0.4646739130435693,20.5927619934082,0.4392929413165099,0.4076141729159227,normal_flow,4087170.csv
4087170,2019-12-11,nighttime,6,-0.9613481860411526,0.00221207189886195,-1.3156140907648752,20.5927619934082,0.4392929413165099,0.4076141729159227,normal_flow,4087170.csv
4087170,2019-12-12,daytime,6,-0.8486684247918361,0.03261902769287728,-0.3055555555555096,20.608585357666,0.4390548744197119,0.4275125977066222,normal_flow,4087170.csv
4087170,2019-12-12,nighttime,6,-0.4934351637946742,0.3199176220741765,-0.3478260869561492,20.608585357666,0.4390548744197119,0.4275125977066222,normal_flow,4087170.csv
4087170,2019-12-13,daytime,6,-0.9652952794436572,0.0017857269547188,-0.9397590361447318,20.3870544433594,0.4431615283894774,0.4458080387255486,normal_flow,4087170.csv
4087170,2019-12-13,nighttime,6,-0.9927803001795515,7.799793819291659e-5,-0.5927461139894208,20.3870544433594,0.4431615283894774,0.4458080387255486,normal_flow,4087170.csv
4087170,2019-12-14,daytime,6,-0.9943390851287304,4.7978231051862905e-5,-0.4846522781773844,19.8810577392578,0.45357695512438995,0.4612069991667659,normal_flow,4087170.csv
4087170,2019-12-14,nighttime,6,-0.7469325024827678,0.08796111654745722,-0.8437499999999503,19.8810577392578,0.45357695512438995,0.4612069991667659,normal_flow,4087170.csv
4087170,2019-12-15,daytime,6,-0.9624297226212332,0.00209077290664313,-0.47053907229427694,19.3020763397217,0.465956433757886,0.4735983811451018,normal_flow,4087170.csv
4087170,2019-12-15,nighttime,6,-0.9936935975196762,5.953066330658141e-5,-0.9447919499592,19.3020763397217,0.465956433757886,0.4735983811451018,normal_flow,4087170.csv
4087170,2019-12-16,daytime,6,0.32649499961194955,0.5276595183278957,0.10659898477180224,18.7521095275879,0.47922866325437447,0.48379954767289607,normal_flow,4087170.csv
4087170,2019-12-16,nighttime,6,-0.5397825769687521,0.26896307199881186,-0.30027548209358584,18.7521095275879,0.47922866325437447,0.48379954767289607,normal_flow,4087170.csv
4087170,2019-12-17,daytime,6,-0.5228936043967153,0.2871437823604278,-0.4556962025316069,18.2360668182373,0.492262825854065,0.4931158989009245,normal_flow,4087170.csv
4087170,2019-12-17,nighttime,6,0.15758775112924658,0.7655751324778294,0.05566218809977446,18.2360668182373,0.492262825854065,0.4931158989009245,normal_flow,4087170.csv
4087170,2020-01-08,daytime,6,-0.9561036003990102,0.00284804899462854,-1.2740384615384972,21.90625,0.4136412331865254,0.36613895171209776,normal_flow,4087170.csv
4087170,2020-01-08,nighttime,6,NA,NA,6.52675178645042e-14,21.90625,0.4136412331865254,0.36613895171209776,normal_flow,4087170.csv
4087170,2020-01-09,daytime,6,-0.9863323892047356,2.7892879792978985e-4,-0.366952789699476,18.40625,0.4879181049875015,0.3982581438717613,normal_flow,4087170.csv
4087170,2020-01-09,nighttime,6,-0.8441622892993206,0.03453579816231342,-1.2272727272733652,18.40625,0.4879181049875015,0.3982581438717613,normal_flow,4087170.csv
4087170,2020-01-10,daytime,6,-0.6521560834016427,0.16044933024305863,-2.7500000000013065,15.8125,0.5542197357457446,0.4451612903225806,normal_flow,4087170.csv
4087170,2020-01-10,nighttime,6,-0.11952286093328925,0.8215694433210161,-0.3999999999996943,15.8125,0.5542197357457446,0.4451612903225806,normal_flow,4087170.csv
4087170,2020-01-11,daytime,6,-0.9455658325431086,0.00436397152209848,-4.149999999999928,15.28125,0.568087132484228,0.4922786969805182,normal_flow,4087170.csv
4087170,2020-01-11,nighttime,6,-0.8721072522788111,0.02348889000354855,-0.5415688116486376,15.28125,0.568087132484228,0.4922786969805182,normal_flow,4087170.csv
4087170,2020-01-12,daytime,6,-0.6906691125023131,0.12872914147128656,-0.1247600767751714,15.96875,0.5493988810855851,0.5390667777645518,normal_flow,4087170.csv
4087170,2020-01-12,nighttime,6,-0.6094159354310603,0.1990409132498842,-0.4006309148265904,15.96875,0.5493988810855851,0.5390667777645518,normal_flow,4087170.csv
4087170,2020-01-13,daytime,6,0.46743146704805255,0.34991785870139847,0.518918918918676,15.09375,0.5745744554219736,0.5826488910050391,normal_flow,4087170.csv
4087170,2020-01-13,nighttime,6,0.7963978098031289,0.05796073026476433,0.4651162790697559,15.09375,0.5745744554219736,0.5826488910050391,normal_flow,4087170.csv
4087170,2020-01-14,daytime,6,-0.37401122050492713,0.4651423355322606,-0.0635838150289943,13.46875,0.6247470539221521,0.6212831805737412,normal_flow,4087170.csv
4087170,2020-01-14,nighttime,6,0.3790804024322292,0.458616693155665,0.4736842105265736,13.46875,0.6247470539221521,0.6212831805737412,normal_flow,4087170.csv
4087170,2020-01-15,daytime,6,-0.5114083119565273,0.2997640036286944,-0.784615384614787,12.34375,0.6654564932746102,0.6543268658493037,normal_flow,4087170.csv
4087170,2020-01-15,nighttime,6,NA,NA,2.2173074562187395e-14,12.34375,0.6654564932746102,0.6543268658493037,normal_flow,4087170.csv
4087170,2020-01-16,daytime,6,-0.9608634967721552,0.0022675268039304,-0.6658227848101756,11.625,0.6921199857159862,0.682343371820815,normal_flow,4087170.csv
4087170,2020-01-16,nighttime,6,0.7675825486094662,0.07474945953001597,0.07364787111640933,11.625,0.6921199857159862,0.682343371820815,normal_flow,4087170.csv
4087170,2020-01-17,daytime,6,0.21669453555454693,0.6800458075029462,1.8000000000012502,10.53125,0.7292584216164743,0.70595167241995,normal_flow,4087170.csv
4087170,2020-01-17,nighttime,6,-0.9428131435963468,0.00481199468479332,-0.511312217194538,10.53125,0.7292584216164743,0.70595167241995,normal_flow,4087170.csv
4087170,2020-01-18,daytime,6,-0.3872983346215015,0.44809987316447447,-0.17142857142883197,9.8125,0.7565170812998453,0.6951077252708011,normal_flow,4087170.csv
4087170,2020-01-18,nighttime,6,-0.5331139899832947,0.27608731886482085,-0.4499999999998757,9.8125,0.7565170812998453,0.6951077252708011,normal_flow,4087170.csv
4087170,2020-01-19,daytime,6,NA,NA,-2.6107007145801852e-14,9.3125,0.7743125818354958,0.6725905646153236,normal_flow,4087170.csv
4087170,2020-01-19,nighttime,6,NA,NA,NA,9.3125,0.7743125818354958,0.6725905646153236,normal_flow,4087170.csv
4087170,2020-01-20,daytime,6,0.5422176684692179,0.26637949456120047,0.8750000000001834,8.78125,0.7946673015117248,0.6573265087489585,normal_flow,4087170.csv
4087170,2020-01-20,nighttime,6,NA,NA,NA,8.78125,0.7946673015117248,0.6573265087489585,normal_flow,4087170.csv
4087170,2020-01-21,daytime,6,-0.4045773899398534,0.4262451081288598,-0.5217391304356015,8.34375,0.8096655160099988,0.6488751339126294,normal_flow,4087170.csv
4087170,2020-01-21,nighttime,6,NA,NA,NA,8.34375,0.8096655160099988,0.6488751339126294,normal_flow,4087170.csv
4087170,2020-01-22,daytime,6,-0.6956083436400687,0.12487982574305036,-0.9999999999991944,8.0625,0.8203190096417093,0.6438519223901916,normal_flow,4087170.csv
4087170,2020-01-22,nighttime,6,-0.790569415042095,0.06119881963751229,-1.2499999999994686,8.0625,0.8203190096417093,0.6438519223901916,normal_flow,4087170.csv
4087170,2020-01-23,daytime,6,-0.5767684721822358,0.2307817311284202,-2.719999999999356,7.71875,0.8338888227591953,0.6410863786057216,normal_flow,4087170.csv
4087170,2020-01-23,nighttime,6,NA,NA,-2.8433374119190114e-14,7.71875,0.8338888227591953,0.6410863786057216,normal_flow,4087170.csv
4087170,2020-01-24,daytime,6,0.15526475085266114,0.7689743684857654,0.2250000000008688,7.46875,0.8420426139745268,0.6404991469269532,normal_flow,4087170.csv
4087170,2020-01-24,nighttime,6,-0.496403447059212,0.31655580019212515,-1.899999999999063,7.46875,0.8420426139745268,0.6404991469269532,normal_flow,4087170.csv
4087170,2020-01-25,daytime,6,-0.2434077279404849,0.6420990361091358,-0.6493506493511632,23.09375,0.3915605285085109,0.6403602745704876,normal_flow,4087170.csv
4087170,2020-01-25,nighttime,6,-0.08334591669825153,0.8752706079009861,-0.2987012987014414,23.09375,0.3915605285085109,0.6403602745704876,normal_flow,4087170.csv
4087170,2020-01-26,daytime,6,-0.9206343289098996,0.0091984060217466,-0.933333333332821,35.6875,0.2303297226520652,0.6398127207078522,normal_flow,4087170.csv
4087170,2020-01-26,nighttime,6,0.5551983817777303,0.25277105742124806,0.31395348837191545,35.6875,0.2303297226520652,0.6398127207078522,normal_flow,4087170.csv
4087170,2020-01-27,daytime,6,7.17588551226011e-13,0.9999999999989236,2.7298189574525824e-13,27.59375,0.3204380430901083,0.6117327302305281,normal_flow,4087170.csv
4087170,2020-01-27,nighttime,6,0.558052339653686,0.24981649383834864,0.390804597701026,27.59375,0.3204380430901083,0.6117327302305281,normal_flow,4087170.csv
4087170,2020-01-28,daytime,6,-0.08030274695149672,0.8798047969560495,-0.03797468354446416,20.15625,0.44780383287703845,0.5677617743919374,normal_flow,4087170.csv
4087170,2020-01-28,nighttime,6,0.3492151478839351,0.4974708847522822,0.33333333333227744,20.15625,0.44780383287703845,0.5677617743919374,normal_flow,4087170.csv
4087170,2020-01-29,daytime,6,-0.141292966418631,0.7894709157355809,-0.37931034482785225,15.96875,0.5493988810855851,0.5250208308534698,normal_flow,4087170.csv
4087170,2020-01-29,nighttime,6,-0.6984302957693926,0.12270340897250157,-4.0000000000007745,15.96875,0.5493988810855851,0.5250208308534698,normal_flow,4087170.csv
4087170,2020-01-30,daytime,6,-0.7191949522279067,0.10720626619975224,-1.4999999999999962,13.5,0.6239733365075586,0.488572788953696,normal_flow,4087170.csv
4087170,2020-01-30,nighttime,6,-0.3697893806565899,0.4705992029483561,-2.0999999999988295,13.5,0.6239733365075586,0.488572788953696,normal_flow,4087170.csv
4087170,2020-01-31,daytime,6,1,0,1.0000000000021092,11.859375,0.6833115105344602,0.458179581795818,normal_flow,4087170.csv
4087170,2020-01-31,nighttime,6,-0.4660413824288266,0.35154875521790824,-0.15384615384619357,11.859375,0.6833115105344602,0.458179581795818,normal_flow,4087170.csv
4087170,2020-02-01,daytime,6,NA,NA,NA,10.59375,0.7271753362694917,0.43329762329881366,normal_flow,4087170.csv
4087170,2020-02-01,nighttime,6,-0.39036002917982815,0.44420167273926053,-0.13333333333342368,10.59375,0.7271753362694917,0.43329762329881366,normal_flow,4087170.csv
4087170,2020-02-02,daytime,6,0.3540902897606682,0.4910624738156775,0.21489001692042473,10.046875,0.7483037733603143,0.4430424949410785,normal_flow,4087170.csv
4087170,2020-02-02,nighttime,6,-0.4038406224271735,0.4271696942954597,-0.4500000000003749,10.046875,0.7483037733603143,0.4430424949410785,normal_flow,4087170.csv
4087170,2020-02-03,daytime,6,-0.9443950725988588,0.00455189926834815,-0.5223880597015864,25.4375,0.35311272467563387,0.46710709042574294,normal_flow,4087170.csv
4087170,2020-02-03,nighttime,6,0.595541514528033,0.21229799202342775,1.795918367346904,25.4375,0.35311272467563387,0.46710709042574294,normal_flow,4087170.csv
4087170,2020-02-04,daytime,6,-0.8492077756086176,0.03239306336915022,-0.4166666666668944,49.640625,0.13510296393286514,0.4890290838392255,normal_flow,4087170.csv
4087170,2020-02-04,nighttime,6,0.9755178320416082,8.917278032558245e-4,0.8969957081546694,49.640625,0.13510296393286514,0.4890290838392255,normal_flow,4087170.csv
4087170,2020-02-05,daytime,6,-0.6716421024275088,0.14402676822514904,-1.2077922077919472,43.59375,0.16855136293298417,0.505435860810221,normal_flow,4087170.csv
4087170,2020-02-05,nighttime,6,-0.882345067721457,0.0199496946634804,-0.50714285714252,43.59375,0.16855136293298417,0.505435860810221,normal_flow,4087170.csv
4087170,2020-02-06,daytime,6,-0.14160276317221795,0.7890155179960203,-0.5862068965520775,31.515625,0.27359838114510177,0.51706146093719,normal_flow,4087170.csv
4087170,2020-02-06,nighttime,6,0.15762208124816607,0.7655249164041342,0.3333333333341667,31.515625,0.27359838114510177,0.51706146093719,normal_flow,4087170.csv
4087170,2020-02-07,daytime,6,-0.9638075270977212,0.00194113847081189,-0.12588235294109007,23.921875,0.37799071539102486,0.525512835773519,normal_flow,4087170.csv
4087170,2020-02-07,nighttime,6,-0.4720988863470341,0.34446174684702363,-0.1485849056601079,23.921875,0.37799071539102486,0.525512835773519,normal_flow,4087170.csv
4087170,2020-02-08,daytime,6,0.34829587204193874,0.4986820805777113,0.7021276595742088,19.1875,0.468813236519462,0.531107407848272,normal_flow,4087170.csv
4087170,2020-02-08,nighttime,6,0.18325416653486884,0.7281957791134079,0.08955223880616928,19.1875,0.468813236519462,0.531107407848272,normal_flow,4087170.csv
4087170,2020-02-09,daytime,6,0.2332107140086329,0.656525772188888,0.07614213197973231,16.4375,0.5377336031424831,0.5349045748522001,normal_flow,4087170.csv
4087170,2020-02-09,nighttime,6,-0.10350983390207584,0.8452897661142266,-0.04285714285738293,16.4375,0.5377336031424831,0.5349045748522001,normal_flow,4087170.csv
4087170,2020-02-10,daytime,6,0.3071010278274788,0.5538299671170148,0.6406249999999947,14.5,0.591298654922033,0.5386898385112884,normal_flow,4087170.csv
4087170,2020-02-10,nighttime,6,-0.46430480007082614,0.3535899699225382,-0.5120000000001829,14.5,0.591298654922033,0.5386898385112884,normal_flow,4087170.csv
4087170,2020-02-11,daytime,6,-0.8908093871843696,0.01723296744033716,-0.5192307692305834,12.796875,0.6492679442923461,0.5694679204856564,normal_flow,4087170.csv
4087170,2020-02-11,nighttime,6,-0.8093123765960435,0.05107578485389184,-1.2857142857142794,12.796875,0.6492679442923461,0.5694679204856564,normal_flow,4087170.csv
4087170,2020-02-12,daytime,6,-0.5068920020869543,0.30478228610574215,-1.9000000000017097,11.578125,0.6939054874419712,0.6158116097290005,normal_flow,4087170.csv
4087170,2020-02-12,nighttime,6,-0.4387149846444112,0.3841474433477165,-0.11956521739121188,11.578125,0.6939054874419712,0.6158116097290005,normal_flow,4087170.csv
4087170,2020-02-13,daytime,6,-0.1957378543867823,0.710142900735778,-0.06483790523688132,10.703125,0.7237828829901202,0.6607110264651034,normal_flow,4087170.csv
4087170,2020-02-13,nighttime,6,-0.8894304240733548,0.01766255525667717,-0.18470301057762575,10.703125,0.7237828829901202,0.6607110264651034,normal_flow,4087170.csv
4087170,2020-02-14,daytime,6,0.18257418583547608,0.7291816243440579,0.24000000000052077,9.96875,0.7507439590524938,0.6986073086537317,normal_flow,4087170.csv
4087170,2020-02-14,nighttime,6,NA,NA,NA,9.96875,0.7507439590524938,0.6986073086537317,normal_flow,4087170.csv
4087170,2020-02-15,daytime,6,-0.955724249874322,0.00289711526642177,-0.6211180124223806,9.515625,0.7672300916557553,0.7299805578700949,normal_flow,4087170.csv
4087170,2020-02-15,nighttime,6,-0.38196420844782913,0.45491733779257815,-0.2553191489365328,9.515625,0.7672300916557553,0.7299805578700949,normal_flow,4087170.csv
4087170,2020-02-16,daytime,6,-0.8549090976340576,0.0300498737930489,-1.024999999999663,9.03125,0.7841328413284133,0.7563067888743403,normal_flow,4087170.csv
4087170,2020-02-16,nighttime,6,-0.8764598212021915,0.0219505177039003,-1.7333333333332377,9.03125,0.7841328413284133,0.7563067888743403,normal_flow,4087170.csv
4087170,2020-02-17,daytime,6,NA,NA,NA,8.46875,0.8050827282466373,0.7518152600880847,normal_flow,4087170.csv
4087170,2020-02-17,nighttime,6,-5.59006769157199e-13,0.9999999999991616,-1.0942859537201229e-12,8.46875,0.8050827282466373,0.7518152600880847,normal_flow,4087170.csv
4087170,2020-02-18,daytime,6,-0.8352372594583211,0.03848375366373149,-0.9264705882352494,8.203125,0.8147839542911558,0.7233742014839504,normal_flow,4087170.csv
4087170,2020-02-18,nighttime,6,-0.9068988326285506,0.01259824862571895,-0.2513089005236333,8.203125,0.8147839542911558,0.7233742014839504,normal_flow,4087170.csv
4087170,2020-02-19,daytime,6,-0.14762034939162144,0.7801779300826963,-0.05084745762721471,7.796875,0.8302583025830258,0.6922390191643852,normal_flow,4087170.csv
4087170,2020-02-19,nighttime,6,-0.9721922167526688,0.00114915771236215,-0.8578431372549283,7.796875,0.8302583025830258,0.6922390191643852,normal_flow,4087170.csv
4087170,2020-02-20,daytime,6,-0.5812779367882197,0.22628536358103768,-0.2739059967584266,7.46875,0.8420426139745268,0.6652184263778121,normal_flow,4087170.csv
4087170,2020-02-20,nighttime,6,-0.6201736729456931,0.18900365845549752,-2.9999999999988,7.46875,0.8420426139745268,0.6652184263778121,normal_flow,4087170.csv
4087170,2020-02-21,daytime,6,-0.858227415944117,0.02872442179741365,-0.39925373134326486,7.46875,0.8420426139745268,0.6436376621830735,normal_flow,4087170.csv
4087170,2020-02-21,nighttime,6,-0.7987713194299787,0.05666529816750083,-1.5173913043479372,7.46875,0.8420426139745268,0.6436376621830735,normal_flow,4087170.csv
4087170,2020-02-22,daytime,6,-0.3858540847131025,0.4499425020653088,-0.19354838709678104,7.28125,0.8485894536364719,0.6266396857516963,normal_flow,4087170.csv
4087170,2020-02-22,nighttime,6,-0.475651494154274,0.34032948887648856,-0.38461538461490286,7.28125,0.8485894536364719,0.6266396857516963,normal_flow,4087170.csv
4087170,2020-02-23,daytime,6,-0.60061280017637,0.2074120499173958,-0.13963963963970438,6.8125,0.8637067015831449,0.6137959766694441,normal_flow,4087170.csv
4087170,2020-02-23,nighttime,6,0.1616075085928426,0.7596990876978,0.09734513274332804,6.8125,0.8637067015831449,0.6137959766694441,normal_flow,4087170.csv
4087170,2020-02-24,daytime,6,-0.41279649150151543,0.4159757185389275,-1.0624999999995572,19.125,0.47036067134864895,0.5881006229417133,normal_flow,4087170.csv
4087170,2020-02-24,nighttime,6,0.2688064609897074,0.6065018711113686,0.1525423728810784,19.125,0.47036067134864895,0.5881006229417133,normal_flow,4087170.csv
4087170,2020-02-25,daytime,6,NA,NA,NA,44.125,0.16468277586001667,0.5432567551481966,normal_flow,4087170.csv
4087170,2020-02-25,nighttime,6,0.05800147905741013,0.9130953448773989,0.04878048780555023,44.125,0.16468277586001667,0.5432567551481966,normal_flow,4087170.csv
4087170,2020-02-26,daytime,6,-0.053325433854164,0.9200876673711532,-0.004739336492878,41.671875,0.1822402094988692,0.4953815022021188,normal_flow,4087170.csv
4087170,2020-02-26,nighttime,6,-0.3779644730094276,0.4600507528437035,-2.000000000000324,41.671875,0.1822402094988692,0.4953815022021188,normal_flow,4087170.csv
4087170,2020-02-27,daytime,6,-0.1425402601111682,0.7876376567900663,-0.15652173913064346,30.109375,0.2885965956433758,0.44817283656707535,normal_flow,4087170.csv
4087170,2020-02-27,nighttime,6,-0.05307819638150776,0.9204574738945476,-0.00742741390938543,30.109375,0.2885965956433758,0.44817283656707535,normal_flow,4087170.csv
4087170,2020-02-28,daytime,6,0.7542081587836204,0.083195855233941865,1.0032258064516533,22.625,0.4000714200690394,0.3976629766297663,normal_flow,4087170.csv
4087170,2020-02-28,nighttime,6,-0.9504332417563404,0.00362440590404233,-0.6349892008637986,22.625,0.4000714200690394,0.3976629766297663,normal_flow,4087170.csv
4087170,2020-03-01,daytime,6,-0.7142857142858908,0.11078717201153196,-0.10204081632653518,15.09375,0.5745744554219736,0.30344006665873113,normal_flow,4087170.csv
4087170,2020-03-01,nighttime,6,-0.3985266984932153,0.4338576606699598,-1.058823529412059,15.09375,0.5745744554219736,0.30344006665873113,normal_flow,4087170.csv
4087170,2020-03-02,daytime,6,-0.8163210468870123,0.04750846033905544,-0.1332760103182428,22.6875,0.3987025354124509,0.24699440542792525,high_flow,4087170.csv
4087170,2020-03-02,nighttime,6,-0.6566962768278253,0.15655571944910668,-0.3749999999996404,22.6875,0.3987025354124509,0.24699440542792525,high_flow,4087170.csv
4087170,2020-03-03,daytime,6,-0.6928347422149465,0.12703514623518827,-7.749999999999062,50.1875,0.13242471134388764,0.2156648018093084,high_flow,4087170.csv
4087170,2020-03-03,nighttime,6,0.27854300726569503,0.5929910367971186,0.12500000000002423,50.1875,0.13242471134388764,0.2156648018093084,high_flow,4087170.csv
4087170,2020-03-04,daytime,6,0.520834002140089,0.2893918108844001,0.1547619047620135,59.8125,0.09665516009998808,0.2047018212117605,high_flow,4087170.csv
4087170,2020-03-04,nighttime,6,0.24467726152169303,0.6403081499137577,0.13636363636339005,59.8125,0.09665516009998808,0.2047018212117605,high_flow,4087170.csv
4087170,2020-03-05,daytime,6,-0.8378548215536549,0.03730510412218901,-1.0810810810809182,52.59375,0.12212831805737412,0.1926119906360354,high_flow,4087170.csv
4087170,2020-03-05,nighttime,6,0.7999999999999999,0.05600000000000001,1.1999999999999609,52.59375,0.12212831805737412,0.1926119906360354,high_flow,4087170.csv
4087170,2020-03-06,daytime,6,-0.8508173692692047,0.03172312213269854,-0.3823989978076434,63.9375,0.08439471491489109,0.17349918660476926,high_flow,4087170.csv
4087170,2020-03-06,nighttime,6,-0.8875203139600616,0.01826599117316853,-0.24615384615333896,63.9375,0.08439471491489109,0.17349918660476926,high_flow,4087170.csv
4087170,2020-03-07,daytime,6,-0.7660492678428685,0.07569701132836332,-0.1444614599285326,60.03125,0.0963575764789906,0.14735150577312223,high_flow,4087170.csv
4087170,2020-03-07,nighttime,6,-0.8366230741500293,0.03785759977227083,-0.2186532507740529,60.03125,0.0963575764789906,0.14735150577312223,high_flow,4087170.csv
4087170,2020-03-09,daytime,6,-0.6500648099547507,0.1622563624721552,-0.7433732574121742,127.53125,0.01702178312105701,0.08216482164821648,high_flow,4087170.csv
4087170,2020-03-09,nighttime,6,-0.8818503714870564,0.02011435697102507,-0.8769455671166482,127.53125,0.01702178312105701,0.08216482164821648,high_flow,4087170.csv
4087170,2020-03-10,daytime,6,-0.8340115692049908,0.03904156890487643,-1.4431818181817888,398.59375,4.166170693965004e-4,0.06500416617069396,high_flow,4087170.csv
4087170,2020-03-10,nighttime,6,0.307514580778294,0.5532682204236982,0.6304347826085046,398.59375,4.166170693965004e-4,0.06500416617069396,high_flow,4087170.csv
4087170,2020-03-11,daytime,6,-0.5523956213904999,0.25568582267095036,-0.2633612363168748,436.71875,2.3806689679800025e-4,0.07157084474070546,high_flow,4087170.csv
4087170,2020-03-11,nighttime,6,0.9599095519940708,0.00237864846553945,0.3586760280842353,436.71875,2.3806689679800025e-4,0.07157084474070546,high_flow,4087170.csv
4087170,2020-03-12,daytime,6,-0.8823431837949108,0.01995032051003123,-0.722448979591863,339.15625,8.927508629925009e-4,0.07136055231520057,high_flow,4087170.csv
4087170,2020-03-12,nighttime,6,0.34105864293532195,0.5082481764449066,0.11507692307682856,339.15625,8.927508629925009e-4,0.07136055231520057,high_flow,4087170.csv
4087170,2020-03-13,daytime,6,0.9162613621237072,0.01022464486862939,7.599999999996783,255.59375,0.001904535174384,0.06368289489346507,high_flow,4087170.csv
4087170,2020-03-13,nighttime,6,0.6746250910531952,0.1415797163742046,1.741324921135498,255.59375,0.001904535174384,0.06368289489346507,high_flow,4087170.csv
4087170,2020-03-14,daytime,6,-0.966736489045662,0.00164128935003915,-0.5607476635512842,179.96875,0.007856207594334,0.05821529183033765,high_flow,4087170.csv
4087170,2020-03-14,nighttime,6,0.9700881170621796,0.00132869972029709,0.8386746333513687,179.96875,0.007856207594334,0.05821529183033765,high_flow,4087170.csv
4087170,2020-03-15,daytime,6,-0.5941604449824923,0.21363656361374028,-0.45762711864353833,112.9375,0.02124747053922152,0.05244613736459945,high_flow,4087170.csv
4087170,2020-03-15,nighttime,6,-0.6145537222054642,0.1942205977477748,-0.3387096774193776,112.9375,0.02124747053922152,0.05244613736459945,high_flow,4087170.csv
4087170,2020-03-16,daytime,6,0.02688016652874485,0.959689461249704,0.04624277456687888,69.4375,0.07130103559100107,0.04265365234297504,high_flow,4087170.csv
4087170,2020-03-16,nighttime,6,0.8418060627465097,0.03555855558363744,0.418045112782008,69.4375,0.07130103559100107,0.04265365234297504,high_flow,4087170.csv
4087170,2020-03-17,daytime,6,-0.3771607198974374,0.46108451570073966,-0.557620817843619,48.40625,0.14129270324961313,0.04747847478474785,high_flow,4087170.csv
4087170,2020-03-17,nighttime,6,0.4939655555072908,0.3193159510738488,0.2786885245901579,48.40625,0.14129270324961313,0.04747847478474785,high_flow,4087170.csv
4087170,2020-03-18,daytime,6,0.9713433836263262,0.00122003606248535,1.4557692307692216,35.625,0.23092488989406024,0.05824703408324406,high_flow,4087170.csv
4087170,2020-03-18,nighttime,6,0.9953704421529456,3.209959658155857e-5,1.314070351758809,35.625,0.23092488989406024,0.05824703408324406,high_flow,4087170.csv
4087170,2020-03-19,daytime,6,-0.8998176746936929,0.01455200758666543,-2.9369085173503615,60.875,0.0935007737174146,0.07476490893941197,high_flow,4087170.csv
4087170,2020-03-19,nighttime,6,0.5069761930433309,0.30468845303441905,1.1845493562235851,60.875,0.0935007737174146,0.07476490893941197,high_flow,4087170.csv
4087170,2020-03-20,daytime,6,-0.6179979783587523,0.19101639029569223,-0.3695652173913898,184.375,0.0069634567313415,0.0954568900527715,high_flow,4087170.csv
4087170,2020-03-20,nighttime,6,0.86807499125039,0.02495828675841792,3.028301886792285,184.375,0.0069634567313415,0.0954568900527715,high_flow,4087170.csv
4087170,2020-03-21,daytime,6,-0.1774000482954759,0.7366913862486297,-0.1213872832365194,245.75,0.00238066896798,0.12071182002142604,high_flow,4087170.csv
4087170,2020-03-21,nighttime,6,-0.3707993995427891,0.4692919123043463,-0.6834170854271684,245.75,0.00238066896798,0.12071182002142604,high_flow,4087170.csv
4087170,2020-03-22,daytime,6,-0.742310643733074,0.09104992970373732,-0.8546511627907539,161.34375,0.00982025949291751,0.12242986945998492,high_flow,4087170.csv
4087170,2020-03-22,nighttime,6,0.9026730444248712,0.01374783786335688,1.2515723270439536,161.34375,0.00982025949291751,0.12242986945998492,high_flow,4087170.csv
4087170,2020-03-23,daytime,6,-0.9085812283406232,0.01215407647071259,-0.8387458006719342,94.53125,0.03404356624211403,0.12112050152759592,high_flow,4087170.csv
4087170,2020-03-23,nighttime,6,-0.25487935098487685,0.6259598987862346,-0.4541984732826363,94.53125,0.03404356624211403,0.12112050152759592,high_flow,4087170.csv
4087170,2020-03-24,daytime,6,-0.977444139378294,7.57412435518165e-4,-0.80417754569198,62.25,0.08939411974764909,0.11670832837360633,high_flow,4087170.csv
4087170,2020-03-24,nighttime,6,0.8606817062397395,0.0277623251943427,0.603592814371346,62.25,0.08939411974764909,0.11670832837360633,high_flow,4087170.csv
4087170,2020-03-25,daytime,6,-0.8217268312625229,0.04483910548609259,-1.7616279069766834,44.65625,0.16194500654683966,0.108649763916994,high_flow,4087170.csv
4087170,2020-03-25,nighttime,6,0.992832361605006,7.687844138688595e-5,1.0147710487444823,44.65625,0.16194500654683966,0.108649763916994,high_flow,4087170.csv
4087170,2020-03-26,daytime,6,0.2574649710403406,0.6223359896424725,0.4552276138068826,33.78125,0.2480061897393167,0.0976113954687934,high_flow,4087170.csv
4087170,2020-03-26,nighttime,6,0.9423026338043804,0.00489744223481463,0.45058310755090336,33.78125,0.2480061897393167,0.0976113954687934,high_flow,4087170.csv
4087170,2020-03-27,daytime,6,-0.7897666920377057,0.06165111519082714,-0.33815789473693253,28.28125,0.31127246756338534,0.1004047137245566,high_flow,4087170.csv
4087170,2020-03-27,nighttime,6,0.5255285923825678,0.28427743394846494,0.5032618825722409,28.28125,0.31127246756338534,0.1004047137245566,high_flow,4087170.csv
4087170,2020-03-28,daytime,6,0.5160179529956523,0.294674288895208,0.531894013738926,23.78125,0.3807284847042019,0.11502202118795382,high_flow,4087170.csv
4087170,2020-03-28,nighttime,6,-0.5601535106589574,0.2476499652223847,-1.8975409836065904,23.78125,0.3807284847042019,0.11502202118795382,high_flow,4087170.csv
4087170,2020-03-29,daytime,6,NA,NA,NA,95.03125,0.03362694917271753,0.12877832004126494,high_flow,4087170.csv
4087170,2020-03-29,nighttime,6,-0.07824607964330105,0.8828704093502813,-0.24999999999929337,95.03125,0.03362694917271753,0.12877832004126494,high_flow,4087170.csv
4087170,2020-03-30,daytime,6,0.7128137393070992,0.1118709428970486,0.6271186440673869,275,0.0016069515533865,0.14106653969765504,high_flow,4087170.csv
4087170,2020-03-30,nighttime,6,-0.5477225575051653,0.26057454736802615,-0.08333333333322923,275,0.0016069515533865,0.14106653969765504,high_flow,4087170.csv
4087170,2020-03-31,daytime,6,-0.3872983346200674,0.448099873166303,-0.2999999999993604,208.59375,0.005118438281157,0.15681466492084276,high_flow,4087170.csv
4087170,2020-03-31,nighttime,6,0.7895420339518738,0.06177797264169862,0.3809523809523128,208.59375,0.005118438281157,0.15681466492084276,high_flow,4087170.csv
4087170,2020-04-01,daytime,6,-0.825917700020229,0.04281921940998259,-1.243902439024265,115.40625,0.02041423640042852,0.15750109113994365,high_flow,4087170.csv
4087170,2020-04-01,nighttime,6,0.6509445549042031,0.16149514961496023,1.2500000000002696,115.40625,0.02041423640042852,0.15750109113994365,high_flow,4087170.csv
4087170,2020-04-02,daytime,6,-0.24679245446475584,0.6373269525393994,-0.2436260623229456,72.25,0.06534936317105107,0.14968456136174266,high_flow,4087170.csv
4087170,2020-04-02,nighttime,6,0.5471545749705914,0.261171193984075,0.1488970588235121,72.25,0.06534936317105107,0.14968456136174266,high_flow,4087170.csv
4087170,2020-04-03,daytime,6,-0.4668484739913263,0.3506015173612847,-0.5336658354116083,49.5625,0.13540054755386263,0.13880490417807403,high_flow,4087170.csv
4087170,2020-04-03,nighttime,6,0.797637638681387,0.05728236542137547,0.237405731523423,49.5625,0.13540054755386263,0.13880490417807403,high_flow,4087170.csv
4087170,2020-04-04,daytime,6,0.7717704964872335,0.07218896962479317,1.2380952380954464,36.1875,0.22622306868229972,0.12921477601872794,high_flow,4087170.csv
4087170,2020-04-04,nighttime,6,0.9311041856070706,0.00695643827992048,0.7540540540541039,36.1875,0.22622306868229972,0.12921477601872794,high_flow,4087170.csv
4087170,2020-04-05,daytime,6,0.02090683721776767,0.9686443133191618,0.08728179551119498,38.125,0.20872515176764672,0.12079514343530531,high_flow,4087170.csv
4087170,2020-04-05,nighttime,6,0.966145492164526,0.00169979075655996,2.0933544303797196,38.125,0.20872515176764672,0.12079514343530531,high_flow,4087170.csv
4087170,2020-04-06,daytime,6,0.910204832367026,0.01173274124880694,0.6382113821138484,40.03125,0.1941435543387692,0.13313494425266834,high_flow,4087170.csv
4087170,2020-04-06,nighttime,6,0.9876322450416254,2.284961497395496e-4,1.8209790209790184,40.03125,0.1941435543387692,0.13313494425266834,high_flow,4087170.csv
4087170,2020-04-07,daytime,6,-0.47625054327917304,0.3396344685492983,-0.10813865862853655,31.75,0.2702654445899298,0.13463873348410904,high_flow,4087170.csv
4087170,2020-04-07,nighttime,6,0.9052419099893584,0.01304322245809344,0.9728260869566688,31.75,0.2702654445899298,0.13463873348410904,high_flow,4087170.csv
4087170,2020-04-08,daytime,6,-0.27835172900680955,0.5932557086368295,-0.32723772858523775,58.9375,0.0996905130341626,0.13571400230131334,high_flow,4087170.csv
4087170,2020-04-08,nighttime,6,-0.6659427470129023,0.14875193839626155,-0.567206863679862,58.9375,0.0996905130341626,0.13571400230131334,high_flow,4087170.csv
4087170,2020-04-09,daytime,6,0.3800099478478974,0.457423232988416,0.251724137931018,85.46875,0.04469705987382454,0.13897948656905923,high_flow,4087170.csv
4087170,2020-04-09,nighttime,6,0.3798990119464404,0.45756561388061834,0.0757105622440713,85.46875,0.04469705987382454,0.13897948656905923,high_flow,4087170.csv
4087170,2020-04-10,daytime,6,0.9289643620475582,0.00738986767730378,1.3100436681223235,63.84375,0.08481133198428759,0.14456612308058564,high_flow,4087170.csv
4087170,2020-04-10,nighttime,6,0.5411913988712018,0.2674671701443439,1.4979591836735582,63.84375,0.08481133198428759,0.14456612308058564,high_flow,4087170.csv
4087170,2020-04-11,daytime,6,0.5629196581172448,0.24480909294561468,0.8501228501228909,43.75,0.16742054517319366,0.15155735428322026,high_flow,4087170.csv
4087170,2020-04-11,nighttime,6,0.5226061681444447,0.28745711628108306,0.3690773067332532,43.75,0.16742054517319366,0.15155735428322026,high_flow,4087170.csv
4087170,2020-04-12,daytime,6,0.6287893304684726,0.18112011641051967,2.042121684868032,33.125,0.25443399595286276,0.15957624092369957,high_flow,4087170.csv
4087170,2020-04-12,nighttime,6,0.8633647971780761,0.0267283344695888,0.8437500000000372,33.125,0.25443399595286276,0.15957624092369957,high_flow,4087170.csv
4087170,2020-04-13,daytime,6,0.3252773303961006,0.5292920439458187,0.7987012987009747,37.03125,0.21872396143316272,0.17562591754949808,high_flow,4087170.csv
4087170,2020-04-13,nighttime,6,0.9435148004811632,0.00469575643621496,1.131299734748102,37.03125,0.21872396143316272,0.17562591754949808,high_flow,4087170.csv
4087170,2020-04-14,daytime,6,0.24118125935867143,0.6452426749292532,1.1590909090910422,107.53125,0.02416379002499702,0.19807562591754949,high_flow,4087170.csv
4087170,2020-04-14,nighttime,6,0.8755282195449088,0.02227560159828632,0.31653543307077897,107.53125,0.02416379002499702,0.19807562591754949,high_flow,4087170.csv
4087170,2020-04-15,daytime,6,-0.944271767326352,0.00457191807490324,-2.5505617977526196,112.9375,0.02124747053922152,0.2118477958973138,high_flow,4087170.csv
4087170,2020-04-15,nighttime,6,0.9090790738651332,0.01202411807660554,0.9773371104814268,112.9375,0.02124747053922152,0.2118477958973138,high_flow,4087170.csv
4087170,2020-04-16,daytime,6,0.7754358858141301,0.06998128556674593,1.3983739837399525,70.21875,0.06939650041661707,0.23182557632027936,high_flow,4087170.csv
4087170,2020-04-16,nighttime,6,-0.9578157084297024,0.0026317379046141,-1.17799847211614,70.21875,0.06939650041661707,0.23182557632027936,high_flow,4087170.csv
4087170,2020-04-17,daytime,6,0.7434732414884776,0.09026846965662634,1.4615384615385023,46.875,0.14914891084394716,0.2491012974645875,high_flow,4087170.csv
4087170,2020-04-17,nighttime,6,0.4429142997503999,0.37907248087210177,0.2020000000001524,46.875,0.14914891084394716,0.2491012974645875,high_flow,4087170.csv
4087170,2020-04-18,daytime,6,0.4636406172558056,0.3543717754846883,0.341330425299796,34.53125,0.24026901559338176,0.2655318811252629,normal_flow,4087170.csv
4087170,2020-04-18,nighttime,6,0.6469364618833572,0.16497542615162925,1.5625000000003122,34.53125,0.24026901559338176,0.2655318811252629,normal_flow,4087170.csv
4087170,2020-04-19,daytime,6,-0.23279013200552304,0.6571223955953444,-0.43511450381694566,25.875,0.34650636828948933,0.28224417728048246,normal_flow,4087170.csv
4087170,2020-04-19,nighttime,6,0.5153997730338528,0.2953549461452966,0.3938356164382135,25.875,0.34650636828948933,0.28224417728048246,normal_flow,4087170.csv
4087170,2020-04-20,daytime,6,0.3907186052197992,0.4437458442269151,0.13943488943488946,20.0625,0.4494703011546245,0.300674522874261,normal_flow,4087170.csv
4087170,2020-04-20,nighttime,6,-0.9519306868988668,0.00341045240086812,-0.3740710156895686,20.0625,0.4494703011546245,0.300674522874261,normal_flow,4087170.csv
4087170,2020-04-21,daytime,6,0.8855789308327376,0.01888926092622424,0.32816136539963137,16.6875,0.5308891798595405,0.3111335952069198,normal_flow,4087170.csv
4087170,2020-04-21,nighttime,6,-0.12177052946589063,0.8182470162721587,-0.3006993006991703,16.6875,0.5308891798595405,0.3111335952069198,normal_flow,4087170.csv
4087170,2020-04-22,daytime,6,0.5980145270196968,0.20990959804028145,0.16905737704907392,18.84375,0.47684799428639446,0.3156925762806015,normal_flow,4087170.csv
4087170,2020-04-22,nighttime,6,-0.1162527759782962,0.8264063971888282,-0.05959569440792202,18.84375,0.47684799428639446,0.3156925762806015,normal_flow,4087170.csv
4087170,2020-04-23,daytime,6,0.3078596479933083,0.5527996215803038,0.14893617021267871,22.65625,0.3993572193786454,0.3143792405665992,normal_flow,4087170.csv
4087170,2020-04-23,nighttime,6,-0.03688037242847165,0.9447045229954654,-0.00791366906462803,22.65625,0.3993572193786454,0.3143792405665992,normal_flow,4087170.csv
4087170,2020-04-24,daytime,6,0.907172000758956,0.01252560499202901,1.4240000000008184,28.875,0.3038328770384478,0.3097766138951712,normal_flow,4087170.csv
4087170,2020-04-24,nighttime,6,0.6709456800369116,0.14460065280263873,0.9681697612730404,28.875,0.3038328770384478,0.3097766138951712,normal_flow,4087170.csv
4087170,2020-04-25,daytime,6,NA,NA,NA,26.84375,0.33127008689441734,0.2999722255287069,normal_flow,4087170.csv
4087170,2020-04-25,nighttime,6,0.0287479787288074,0.956889911236842,0.24999999999955255,26.84375,0.33127008689441734,0.2999722255287069,normal_flow,4087170.csv
4087170,2020-04-26,daytime,6,-0.9860536500690232,2.9039472734845477e-4,-0.7138290479499858,21.6875,0.41810498750148795,0.2849819465936595,normal_flow,4087170.csv
4087170,2020-04-26,nighttime,6,-0.319438282499965,0.5371404478061729,-0.9999999999997046,21.6875,0.41810498750148795,0.2849819465936595,normal_flow,4087170.csv
4087170,2020-04-27,daytime,6,-0.9964152452979328,1.9252666526289793e-5,-0.8330700368615069,16.6875,0.5308891798595405,0.26536523429750425,normal_flow,4087170.csv
4087170,2020-04-27,nighttime,6,-0.9992030973187588,9.523277869829688e-7,-0.707988078472429,16.6875,0.5308891798595405,0.26536523429750425,normal_flow,4087170.csv
4087170,2020-04-28,daytime,6,-0.9977839381339648,7.360953828577427e-6,-0.5483030781373384,24.0625,0.3756100464230449,0.24314168948141093,high_flow,4087170.csv
4087170,2020-04-28,nighttime,6,-0.9594684876526968,0.00243091258470578,-1.434680922151698,24.0625,0.3756100464230449,0.24314168948141093,high_flow,4087170.csv
4087170,2020-04-29,daytime,6,0.5825571519394326,0.22501630827278615,1.0227272727267014,61.28125,0.0925485061302226,0.2206602388604531,high_flow,4087170.csv
4087170,2020-04-29,nighttime,6,-0.989972022925116,1.503362780086638e-4,-1.5714285714284588,61.28125,0.0925485061302226,0.2206602388604531,high_flow,4087170.csv
4087170,2020-04-30,daytime,6,-0.9052060501957914,0.01305293523804652,-0.6730769230769778,277.75,0.001547434829187,0.2080426933301591,high_flow,4087170.csv
4087170,2020-04-30,nighttime,6,-0.9614110578020664,0.00220492816837829,-0.945144683117299,277.75,0.001547434829187,0.2080426933301591,high_flow,4087170.csv
4087170,2020-05-06,daytime,6,0.9189340152564236,0.00959117040566174,0.4583523818231761,40.0625,0.1936674205451732,0.2070705868349006,high_flow,4087170.csv
4087170,2020-05-06,nighttime,6,-0.9860458970992496,2.9071693120520333e-4,-0.7007299270073111,40.0625,0.1936674205451732,0.2070705868349006,high_flow,4087170.csv
4087170,2020-05-07,daytime,6,0.326875454851995,0.5271497405972331,0.7788331071914845,30.21875,0.28758481133198427,0.23025433480141252,high_flow,4087170.csv
4087170,2020-05-07,nighttime,6,0.1439238328399791,0.7856048748895754,0.02215923730999617,30.21875,0.28758481133198427,0.23025433480141252,high_flow,4087170.csv
4087170,2020-05-08,daytime,6,0.45370380490713863,0.3661411085498328,0.3680297397770071,23.25,0.3891203428163314,0.2366900765781851,high_flow,4087170.csv
4087170,2020-05-08,nighttime,6,0.6993099963044155,0.12202835257321988,0.1297376093294609,23.25,0.3891203428163314,0.2366900765781851,high_flow,4087170.csv
4087170,2020-05-09,daytime,6,0.8634329948732082,0.02670229566762741,0.2925710252338029,18.96875,0.474169741697417,0.23823751140737215,high_flow,4087170.csv
4087170,2020-05-09,nighttime,6,-0.5454710984047123,0.26294273838150245,-0.3258594917787414,18.96875,0.474169741697417,0.23823751140737215,high_flow,4087170.csv
4087170,2020-05-10,daytime,6,0.04849656045846102,0.9273121892396768,0.02142857142855232,16.125,0.5457683609094155,0.24236400428520413,high_flow,4087170.csv
4087170,2020-05-10,nighttime,6,0.6138102078655086,0.1949151670604077,0.5619360131255589,16.125,0.5457683609094155,0.24236400428520413,high_flow,4087170.csv
4087170,2020-05-11,daytime,6,-0.3417929635116605,0.507275096993626,-1.874999999997265,25.375,0.35460064278062137,0.24134428441058603,high_flow,4087170.csv
4087170,2020-05-11,nighttime,6,-0.3696563309487594,0.47077149666706514,-1.28346456692828,25.375,0.35460064278062137,0.24134428441058603,high_flow,4087170.csv
4087170,2020-05-12,daytime,6,0.5907081334605512,0.2169974956590509,0.39575221238946023,33.53125,0.25056540887989526,0.23786057215410863,high_flow,4087170.csv
4087170,2020-05-12,nighttime,6,-0.6171193697746572,0.19183167916666324,-0.2894356005787896,33.53125,0.25056540887989526,0.23786057215410863,high_flow,4087170.csv
4087170,2020-05-13,daytime,6,-0.6912626184572548,0.12826392229435937,-0.6627375511185516,26.9375,0.33025830258302585,0.23013926913462684,high_flow,4087170.csv
4087170,2020-05-13,nighttime,6,-0.526030945232113,0.28373221361195766,-1.6633165829150374,26.9375,0.33025830258302585,0.23013926913462684,high_flow,4087170.csv
4087170,2020-05-14,daytime,6,-0.15734401371434692,0.7659316732102533,-0.18354430379736933,20.53125,0.44030472562790146,0.21753362694917272,high_flow,4087170.csv
4087170,2020-05-14,nighttime,6,0.11806500751140936,0.8237253632279045,0.09609949123792332,20.53125,0.44030472562790146,0.21753362694917272,high_flow,4087170.csv
4087170,2020-05-15,daytime,6,-0.8012334832810238,0.05533574574381322,-0.3872670185049252,59.375,0.0980835614807761,0.2000991945403325,high_flow,4087170.csv
4087170,2020-05-15,nighttime,6,-0.2780334162428423,0.593696225912764,-0.7866004962775557,59.375,0.0980835614807761,0.2000991945403325,high_flow,4087170.csv
4087170,2020-05-16,daytime,6,-0.4369744199809016,0.3862577694715565,-0.27301587301581404,108.59375,0.023568622783002018,0.17945085902471927,high_flow,4087170.csv
4087170,2020-05-16,nighttime,6,0.5979891422789144,0.20993405854063835,0.8247734138969748,108.59375,0.023568622783002018,0.17945085902471927,high_flow,4087170.csv
4087170,2020-05-17,daytime,6,-0.9894125732501498,1.6754701635816297e-4,-0.3661746565145353,73.0625,0.06398047851446256,0.15321191921596636,high_flow,4087170.csv
4087170,2020-05-17,nighttime,6,0.5946310130272304,0.21318009352959513,0.6619647355163454,73.0625,0.06398047851446256,0.15321191921596636,high_flow,4087170.csv
4087170,2020-05-18,daytime,6,-0.19584273441929187,0.7099916113686388,-0.21845318860236215,623.1875,1.1903344839900012e-4,0.11890251160576122,high_flow,4087170.csv
4087170,2020-05-18,nighttime,6,-0.8218969452889965,0.04475627053173063,-0.9095744680847254,623.1875,1.1903344839900012e-4,0.11890251160576122,high_flow,4087170.csv
4087170,2020-05-19,daytime,6,0.6827633504065834,0.13499543361032754,0.5810810810809842,738.84375,0,0.098214498274015,high_flow,4087170.csv
4087170,2020-05-19,nighttime,6,-0.8804335249381074,0.0205895432875946,-1.94409937888244,738.84375,0,0.098214498274015,high_flow,4087170.csv
4087170,2020-05-20,daytime,6,-0.9246136780190504,0.00831043240215489,-0.09649690903738609,426.65625,2.975836209975003e-4,0.08883466254017379,high_flow,4087170.csv
4087170,2020-05-20,nighttime,6,NA,NA,NA,426.65625,2.975836209975003e-4,0.08883466254017379,high_flow,4087170.csv
4087170,2020-05-21,daytime,6,-0.8827709304880066,0.01980846279415353,-0.3718318258622302,216.59375,0.0045827877633615,0.08038328770384479,high_flow,4087170.csv
4087170,2020-05-21,nighttime,6,-0.9317246822464016,0.00683314517557248,-0.9059180576630804,216.59375,0.0045827877633615,0.08038328770384479,high_flow,4087170.csv
4087170,2020-05-22,daytime,6,-0.615875556705235,0.1929882961180836,-0.3733528550512606,104.46875,0.02606832519938102,0.05159703209935325,high_flow,4087170.csv
4087170,2020-05-22,nighttime,6,0.9059835105523274,0.01284313984261663,0.3083654434801092,104.46875,0.02606832519938102,0.05159703209935325,high_flow,4087170.csv
4087170,2020-05-23,daytime,6,0.8477065711745174,0.03302383998221694,0.2628695881731823,66.09375,0.07939531008213307,0.04559377851843034,high_flow,4087170.csv
4087170,2020-05-23,nighttime,6,0.09325889933806587,0.8605171976826674,0.05167173252260645,66.09375,0.07939531008213307,0.04559377851843034,high_flow,4087170.csv
4087170,2020-05-24,daytime,6,0.9300551126552792,0.00716733565767105,0.2730591426280681,65.53125,0.08058564456612308,0.04593897551878744,high_flow,4087170.csv
4087170,2020-05-24,nighttime,6,0.5178748309698008,0.2926333029355109,0.4520990312162013,65.53125,0.08058564456612308,0.04593897551878744,high_flow,4087170.csv
4087170,2020-05-25,daytime,6,0.931232689487452,0.0069308161470227,0.32833638025591777,97.53125,0.03112724675633853,0.04754989485378724,high_flow,4087170.csv
4087170,2020-05-25,nighttime,6,0.33578200256294816,0.5152566315439502,0.14312120411934282,97.53125,0.03112724675633853,0.04754989485378724,high_flow,4087170.csv
4087170,2020-05-26,daytime,6,0.908746095360403,0.01211096448347119,0.18210412797315453,85.75,0.04428044280442804,0.05863190889973416,high_flow,4087170.csv
4087170,2020-05-26,nighttime,6,0.2623129917173439,0.6155551424442625,0.07748900439823095,85.75,0.04428044280442804,0.05863190889973416,high_flow,4087170.csv
4087170,2020-05-27,daytime,6,-0.0113611224212443,0.982959049587155,-0.00214264670433503,55.78125,0.1098678728722771,0.07721699797643138,high_flow,4087170.csv
4087170,2020-05-27,nighttime,6,-0.8568577588655923,0.02926808092071625,-0.33735763097947125,55.78125,0.1098678728722771,0.07721699797643138,high_flow,4087170.csv
4087170,2020-05-28,daytime,6,-0.7151728798035154,0.11013622056790348,-0.29406527173725294,38.78125,0.2034876800380907,0.08628337896282189,high_flow,4087170.csv
4087170,2020-05-28,nighttime,6,-0.4695456116364501,0.34744266647464744,-0.6245757828007948,38.78125,0.2034876800380907,0.08628337896282189,high_flow,4087170.csv
4087170,2020-05-29,daytime,6,-0.6389534365259616,0.17199988752276138,-0.18171471927162475,170.9375,0.0085108915605285,0.09151291512915127,high_flow,4087170.csv
4087170,2020-05-29,nighttime,6,-0.880525624590555,0.02055849340236376,-0.39481065918654473,170.9375,0.0085108915605285,0.09151291512915127,high_flow,4087170.csv
4087170,2020-05-30,daytime,6,-0.9559895955201254,0.00286275133196841,-0.33350746268655873,176.78125,0.0080347577669325,0.097897075744951,high_flow,4087170.csv
4087170,2020-05-30,nighttime,6,-0.7865624330442262,0.06347175480426985,-0.45336820617506146,176.78125,0.0080347577669325,0.097897075744951,high_flow,4087170.csv
4087170,2020-05-31,daytime,6,-0.05083555968956839,0.92381234646816,-0.01406982803542468,100.21875,0.02874657778835853,0.1054001507757013,high_flow,4087170.csv
4087170,2020-05-31,nighttime,6,-0.914141029680406,0.01074117819545947,-0.3773169159118443,100.21875,0.02874657778835853,0.1054001507757013,high_flow,4087170.csv
4087170,2020-06-01,daytime,6,-0.630524501442553,0.17954926981330613,-0.4962869331648459,62.65625,0.08814426853945959,0.11986668253779312,high_flow,4087170.csv
4087170,2020-06-01,nighttime,6,-0.8258859580484044,0.04283435491069871,-1.3529133672143616,62.65625,0.08814426853945959,0.11986668253779312,high_flow,4087170.csv
4087170,2020-06-17,daytime,6,0.8185759080888908,0.04638629180752163,0.09955957577074943,27.4375,0.32287822878228783,0.2142641748998135,high_flow,4087170.csv
4087170,2020-06-17,nighttime,6,-0.9647304845673704,0.00184397152035784,-0.3404414693270174,27.4375,0.32287822878228783,0.2142641748998135,high_flow,4087170.csv
4087170,2020-06-18,daytime,6,-0.7947784542134301,0.05885228099170622,-0.34186550976138946,21.40625,0.4237590763004404,0.18349402848867197,high_flow,4087170.csv
4087170,2020-06-18,nighttime,6,-0.832640262648911,0.03967010951613854,-0.27172774869109,21.40625,0.4237590763004404,0.18349402848867197,high_flow,4087170.csv
4087170,2020-06-19,daytime,6,-0.24880451958055835,0.6344941794256029,-0.08184172661869818,17.375,0.5117247946673015,0.1846684918462088,high_flow,4087170.csv
4087170,2020-06-19,nighttime,6,-0.8736657067618775,0.02293236047299013,-0.30631415843501675,17.375,0.5117247946673015,0.1846684918462088,high_flow,4087170.csv
4087170,2020-06-20,daytime,6,-0.9275888167940998,0.00767522952481297,-0.30356689515106333,14.625,0.5880252350910606,0.18540649922628255,high_flow,4087170.csv
4087170,2020-06-20,nighttime,6,-0.7795302952364842,0.06755216265467633,-0.7067542213883605,14.625,0.5880252350910606,0.18540649922628255,high_flow,4087170.csv
4087170,2020-06-21,daytime,6,-0.9369804860986009,0.00583204898655239,-0.27057696281962634,28.5625,0.3069872634210213,0.18545808038725548,high_flow,4087170.csv
4087170,2020-06-21,nighttime,6,-0.7282660179907714,0.1007267042174908,-0.8336441626259101,28.5625,0.3069872634210213,0.18545808038725548,high_flow,4087170.csv
4087170,2020-06-22,daytime,6,-0.8628900916111261,0.02690991717870811,-0.17722414891358307,48,0.14337578859659564,0.1853271435940166,high_flow,4087170.csv
4087170,2020-06-22,nighttime,6,-0.9008560346895704,0.01425701970089776,-0.2944661227385599,48,0.14337578859659564,0.1853271435940166,high_flow,4087170.csv
4087170,2020-06-23,daytime,6,-0.6870188682693562,0.1316064073201686,-0.0931465938932149,142.546875,0.01339126294488751,0.1845177161449034,high_flow,4087170.csv
4087170,2020-06-23,nighttime,6,-0.9320938184688088,0.00676030806273888,-0.5109818047473735,142.546875,0.01339126294488751,0.1845177161449034,high_flow,4087170.csv
4087170,2020-06-24,daytime,6,-0.6207257345380295,0.18849434674097856,-0.4436792916871444,240.34375,0.0026782525889775,0.183017894695076,high_flow,4087170.csv
4087170,2020-06-24,nighttime,6,0.22867281804709552,0.6629695675596545,0.2584210526314857,240.34375,0.0026782525889775,0.183017894695076,high_flow,4087170.csv
4087170,2020-06-25,daytime,6,-0.1788435713657807,0.7345948008247845,-0.04421181014331493,168.9375,0.00880847518152601,0.18164504225687417,high_flow,4087170.csv
4087170,2020-06-25,nighttime,6,-0.9851896754884256,3.273942776187229e-4,-0.48505131637661536,168.9375,0.00880847518152601,0.18164504225687417,high_flow,4087170.csv
4087170,2020-06-26,daytime,6,-0.9734652715751204,0.00104679627635664,-0.24513830172725704,100.703125,0.02827044399476253,0.1803118676348054,high_flow,4087170.csv
4087170,2020-06-26,nighttime,6,-0.8176698602078987,0.04683570271631606,-0.3898333543214552,100.703125,0.02827044399476253,0.1803118676348054,high_flow,4087170.csv
4087170,2020-06-27,daytime,6,-0.9991316396199824,1.130747230912946e-6,-0.2445036642238491,131.015625,0.01600999880966551,0.17877633615045826,high_flow,4087170.csv
4087170,2020-06-27,nighttime,6,-0.9252166091942998,0.00817971817730703,-0.5099938499385116,131.015625,0.01600999880966551,0.17877633615045826,high_flow,4087170.csv
4087170,2020-06-28,daytime,6,-0.29179529662755294,0.5747294366655794,-0.07214060860440853,129.65625,0.01648613260326151,0.17703448002221958,high_flow,4087170.csv
4087170,2020-06-28,nighttime,6,-0.6109489923664245,0.19759751600366576,-0.2917181705809625,129.65625,0.01648613260326151,0.17703448002221958,high_flow,4087170.csv
4087170,2020-06-29,daytime,6,0.7751562202363167,0.07014863018712389,0.05885980243906937,80.734375,0.05124389953576955,0.1978058167678451,high_flow,4087170.csv
4087170,2020-06-29,nighttime,6,0.3322166356108821,0.5200080716257531,0.09565217391305926,80.734375,0.05124389953576955,0.1978058167678451,high_flow,4087170.csv
4087170,2020-06-30,daytime,6,-0.7646970242978298,0.07653716794032756,-0.21891780256093,54.59375,0.11308177597905011,0.23330555886204024,high_flow,4087170.csv
4087170,2020-06-30,nighttime,6,-0.9903516959510203,1.39185577325e-4,-0.4856640519339659,54.59375,0.11308177597905011,0.23330555886204024,high_flow,4087170.csv
4087170,2020-07-01,daytime,6,-0.8045868829796888,0.05354837883838308,-0.16482708856699993,39.46875,0.1985477919295322,0.27574098321628376,normal_flow,4087170.csv
4087170,2020-07-01,nighttime,6,0.4390763851893571,0.3837097671034525,0.18609950626660415,39.46875,0.1985477919295322,0.27574098321628376,normal_flow,4087170.csv
4087170,2020-07-02,daytime,6,0.1703208751539765,0.7469891234784993,0.1089351285189655,28.984375,0.3022854422092608,0.31655358489068763,normal_flow,4087170.csv
4087170,2020-07-02,nighttime,6,-0.30381372362844894,0.5583008400010572,-0.0841584158415829,28.984375,0.3022854422092608,0.31655358489068763,normal_flow,4087170.csv
4087170,2020-07-03,daytime,6,-0.9185654876011976,0.00967734998033053,-0.170242129636729,22.484375,0.4037614569694084,0.35326746815855253,normal_flow,4087170.csv
4087170,2020-07-03,nighttime,6,-0.9723396958035964,0.00113705729770466,-0.46404446613864697,22.484375,0.4037614569694084,0.35326746815855253,normal_flow,4087170.csv
4087170,2020-07-04,daytime,6,0.5268933683583498,0.2827971259012912,0.8093270365997124,18.375,0.48869182240209497,0.35444589929770265,normal_flow,4087170.csv
4087170,2020-07-04,nighttime,6,-0.8942678708792202,0.0161779199890143,-0.5543316463232922,18.375,0.48869182240209497,0.35444589929770265,normal_flow,4087170.csv
4087170,2020-07-05,daytime,6,-0.13746663741813742,0.7950989026478743,-0.09563530552862266,15.5,0.5618973931674801,0.35484664524064596,normal_flow,4087170.csv
4087170,2020-07-05,nighttime,6,-0.8178288604110439,0.04675669090875407,-0.6283046579941355,15.5,0.5618973931674801,0.35484664524064596,normal_flow,4087170.csv
4087170,2020-07-06,daytime,6,0.9377760150155896,0.00568727629222907,0.16608684205578078,13.65625,0.6185573146054041,0.35871523231361346,normal_flow,4087170.csv
4087170,2020-07-06,nighttime,6,-0.8872298378193271,0.01835860896821678,-0.5775879197298093,13.65625,0.6185573146054041,0.35871523231361346,normal_flow,4087170.csv
4087170,2020-07-07,daytime,6,0.7083398259807345,0.1151933534856928,0.5568322303831976,12.0625,0.6758719200095227,0.36581359361980714,normal_flow,4087170.csv
4087170,2020-07-07,nighttime,6,0.5605261597563204,0.24726649853675936,0.25505243192570115,12.0625,0.6758719200095227,0.36581359361980714,normal_flow,4087170.csv
4087170,2020-07-08,daytime,6,0.9908568786365728,1.2501283515776616e-4,0.616533830568585,12.78125,0.6499226282585406,0.3761615680672936,normal_flow,4087170.csv
4087170,2020-07-08,nighttime,6,-0.6043318425545142,0.20385836016480097,-0.3087531663383211,12.78125,0.6499226282585406,0.3761615680672936,normal_flow,4087170.csv
4087170,2020-07-09,daytime,6,-0.7190502364120425,0.10731108300251577,-1.2409015655407634,13.765625,0.6148672777050351,0.36377018608895767,normal_flow,4087170.csv
4087170,2020-07-09,nighttime,6,-0.9225961736941908,0.00875515169275034,-0.42820284280149007,13.765625,0.6148672777050351,0.36377018608895767,normal_flow,4087170.csv
4087170,2020-07-10,daytime,6,-0.41758886774059234,0.4100263683266692,-0.11679790026247364,15.59375,0.5595167241995,0.3437170178153394,normal_flow,4087170.csv
4087170,2020-07-10,nighttime,6,0.7954323140288255,0.05849153928105088,0.16764179104478014,15.59375,0.5595167241995,0.3437170178153394,normal_flow,4087170.csv
4087170,2020-07-11,daytime,6,-0.8182910571777703,0.0465273642046229,-0.1880099916736226,84.40625,0.04594691108201405,0.3172320755465619,normal_flow,4087170.csv
4087170,2020-07-11,nighttime,6,-0.9699611376897572,0.00133994734122985,-0.28315078070381366,84.40625,0.04594691108201405,0.3172320755465619,normal_flow,4087170.csv
4087170,2020-07-12,daytime,6,-0.05005365767935194,0.9249822149132828,-0.01377952755900684,110.984375,0.02202118795381502,0.286271475617982,normal_flow,4087170.csv
4087170,2020-07-12,nighttime,6,-0.0866267977502592,0.8703848358729085,-0.02306847308677096,110.984375,0.02202118795381502,0.286271475617982,normal_flow,4087170.csv
4087170,2020-07-13,daytime,6,-0.4892397837095573,0.3246914570966597,-0.09718799826062108,68.09375,0.07451493869777408,0.25119231837479666,normal_flow,4087170.csv
4087170,2020-07-13,nighttime,6,0.5726815880899645,0.23488714769428787,0.409502262443282,68.09375,0.07451493869777408,0.25119231837479666,normal_flow,4087170.csv
4087170,2020-07-14,daytime,6,0.6873712316661937,0.13132746079992724,0.1628682601445426,45.328125,0.15771931912867515,0.2148434710153553,high_flow,4087170.csv
4087170,2020-07-14,nighttime,6,-0.31712517960317027,0.5402586133069934,-0.1148648648648727,45.328125,0.15771931912867515,0.2148434710153553,high_flow,4087170.csv
4087170,2020-07-15,daytime,6,0.7234125767852487,0.10417135173596584,0.2514534883720774,31.9375,0.2683013926913463,0.17998254176090148,high_flow,4087170.csv
4087170,2020-07-15,nighttime,6,-0.5520838541531125,0.25601085463652845,-0.28943217665610327,31.9375,0.2683013926913463,0.17998254176090148,high_flow,4087170.csv
4087170,2020-07-16,daytime,6,0.6714471951355919,0.14418728250227586,0.5279720279720547,146.40625,0.01267706225449351,0.15380311867634805,high_flow,4087170.csv
4087170,2020-07-16,nighttime,6,-0.3658913862901116,0.47565505085352794,-0.05151215375918107,146.40625,0.01267706225449351,0.15380311867634805,high_flow,4087170.csv
4087170,2020-07-17,daytime,6,0.8420367491283062,0.03545780272674575,0.31029126213592306,278.828125,0.0014879181049875,0.13637662183073443,high_flow,4087170.csv
4087170,2020-07-17,nighttime,6,0.8621040135274025,0.02721188763936814,0.9576659038900728,278.828125,0.0014879181049875,0.13637662183073443,high_flow,4087170.csv
4087170,2020-07-18,daytime,6,-0.486502913680426,0.32781962122271474,-0.2524449877750759,192.578125,0.0064873229377455,0.12864341546641272,high_flow,4087170.csv
4087170,2020-07-18,nighttime,6,0.7737456857498946,0.0709954281099215,0.6398491514770502,192.578125,0.0064873229377455,0.12864341546641272,high_flow,4087170.csv
4087170,2020-07-19,daytime,6,-0.5911565876892683,0.2165597153617781,-0.12561889942000035,107.1875,0.02428282347339602,0.16119112804031266,high_flow,4087170.csv
4087170,2020-07-19,nighttime,6,0.648557625188931,0.16356398411366588,0.2873794212218876,107.1875,0.02428282347339602,0.16119112804031266,high_flow,4087170.csv
4087170,2020-07-20,daytime,6,-0.8696727572999604,0.02437096878260665,-0.12411153635867388,92.859375,0.03571003451970003,0.1955441812482641,high_flow,4087170.csv
4087170,2020-07-20,nighttime,6,-0.7451343842310805,0.08915713624744419,-0.4312485079971346,92.859375,0.03571003451970003,0.1955441812482641,high_flow,4087170.csv
4087170,2020-07-21,daytime,6,-0.987064148426028,2.499220654308319e-4,-0.2868171021377523,68.5625,0.07332460421378408,0.21230012300123,high_flow,4087170.csv
4087170,2020-07-21,nighttime,6,-0.02351438539835858,0.9647349227637626,-0.00531144374697649,68.5625,0.07332460421378408,0.21230012300123,high_flow,4087170.csv
4087170,2020-07-22,daytime,6,-0.9181453217051349,0.00977606165682332,-0.4225829900654314,46.171875,0.15295798119271514,0.22628655318811253,high_flow,4087170.csv
4087170,2020-07-22,nighttime,6,-0.8479228841300424,0.03293259587328475,-0.19125211562074995,46.171875,0.15295798119271514,0.22628655318811253,high_flow,4087170.csv
4087170,2020-07-23,daytime,6,0.5579416617864721,0.24993081953951857,0.26058676999722813,32.9375,0.25723128199023926,0.23967781613300004,high_flow,4087170.csv
4087170,2020-07-23,nighttime,6,-0.03867044224025556,0.942023250589278,-0.00710996202634659,32.9375,0.25723128199023926,0.23967781613300004,high_flow,4087170.csv
4087170,2020-07-24,daytime,6,0.6824319443465093,0.13526091991103445,0.20249707374173673,25.421875,0.35346982502083085,0.2760226957108281,normal_flow,4087170.csv
4087170,2020-07-24,nighttime,6,-0.660555450721608,0.15327806094502103,-0.507865168539322,25.421875,0.35346982502083085,0.2760226957108281,normal_flow,4087170.csv
4087170,2020-07-25,daytime,6,-0.14123207322710343,0.7895604328282997,-0.04817708333334147,20.375,0.44351862873467446,0.3174860135698131,normal_flow,4087170.csv
4087170,2020-07-25,nighttime,6,-0.8640143773188478,0.02648080520613834,-0.5232558139534735,20.375,0.44351862873467446,0.3174860135698131,normal_flow,4087170.csv
4087170,2020-07-26,daytime,6,0.8970975469441493,0.01533855961099686,1.1845823349583162,16.5625,0.534162599690513,0.3612784192358053,normal_flow,4087170.csv
4087170,2020-07-26,nighttime,6,-0.9096999471850452,0.0118629914980882,-0.5309938524589868,16.5625,0.534162599690513,0.3612784192358053,normal_flow,4087170.csv
4087170,2020-07-27,daytime,6,-0.8703977767089832,0.02410665723987346,-0.6357238635268203,16.453125,0.5373169860730865,0.3663690830456692,normal_flow,4087170.csv
4087170,2020-07-27,nighttime,6,-0.824916086933421,0.04329802081689844,-0.13006452977890437,16.453125,0.5373169860730865,0.3663690830456692,normal_flow,4087170.csv
4087170,2020-07-28,daytime,6,-0.12336766255195734,0.8158873081869626,-0.18404255319143664,27.25,0.3258540649922628,0.36572233464270126,normal_flow,4087170.csv
4087170,2020-07-28,nighttime,6,-0.9341007810063384,0.00637097009404473,-0.2403120157461505,27.25,0.3258540649922628,0.36572233464270126,normal_flow,4087170.csv
4087170,2020-07-29,daytime,6,-0.9478937686576135,0.00400185326189765,-0.1693497316935009,24.546875,0.36751577193191287,0.36471451811292305,normal_flow,4087170.csv
4087170,2020-07-29,nighttime,6,-0.41481699649954606,0.413463936928518,-0.6463566927075557,24.546875,0.36751577193191287,0.36471451811292305,normal_flow,4087170.csv
4087170,2020-07-30,daytime,6,-0.6947614669125318,0.1255362202737549,-2.113147482832453,19.171875,0.469170336864659,0.36348450581280006,normal_flow,4087170.csv
4087170,2020-07-30,nighttime,6,-0.9277811516980428,0.00763501213284023,-0.5040152155536755,19.171875,0.469170336864659,0.36348450581280006,normal_flow,4087170.csv
4087170,2020-07-31,daytime,6,-0.8808084263922212,0.02046329146331293,-0.2398957581962584,15.65625,0.5578502559219141,0.3624013014323691,normal_flow,4087170.csv
4087170,2020-07-31,nighttime,6,-0.9604728116449842,0.00231271931662493,-1.6873659044933491,15.65625,0.5578502559219141,0.3624013014323691,normal_flow,4087170.csv
4087170,2020-08-01,daytime,6,-0.8002637489191301,0.05585765906903418,-0.7418300653594786,13.515625,0.6234376859897631,0.36231797801848986,normal_flow,4087170.csv
4087170,2020-08-01,nighttime,6,-0.8982453721183511,0.01500422251592096,-0.8794348508634271,13.515625,0.6234376859897631,0.36231797801848986,normal_flow,4087170.csv
4087170,2020-08-02,daytime,6,0.00279942141932558,0.9958008788402088,3.6245016309135954e-4,12.390625,0.6633734079276277,0.3627345950878864,normal_flow,4087170.csv
4087170,2020-08-02,nighttime,6,-0.7733159299915329,0.07125434525806862,-0.4902755267423005,12.390625,0.6633734079276277,0.3627345950878864,normal_flow,4087170.csv
4087170,2020-08-03,daytime,6,-0.8861556273995157,0.01870306942000689,-0.6360052562417077,58.703125,0.1006427806213546,0.36303614649049715,normal_flow,4087170.csv
4087170,2020-08-03,nighttime,6,-0.36127537864915454,0.4816637450319006,-0.936265171719219,58.703125,0.1006427806213546,0.36303614649049715,normal_flow,4087170.csv
4087170,2020-08-04,daytime,6,-0.8665528070633601,0.02552400591918993,-3.6265060240984863,104.515625,0.02600880847518152,0.35523945562036263,normal_flow,4087170.csv
4087170,2020-08-04,nighttime,6,-0.27584997840654985,0.5967201876388151,-1.0454545454545636,104.515625,0.02600880847518152,0.35523945562036263,normal_flow,4087170.csv
4087170,2020-08-05,daytime,6,0.5092936914362238,0.30210977802024547,0.4453978159125912,75.921875,0.05820735626711106,0.34952188231559733,normal_flow,4087170.csv
4087170,2020-08-05,nighttime,6,0.9892170115085976,1.7378237685644144e-4,3.150000000001606,75.921875,0.05820735626711106,0.34952188231559733,normal_flow,4087170.csv
4087170,2020-08-06,daytime,6,0.8814436491134247,0.02025022168643483,1.3287292817679812,49.8125,0.13450779669087012,0.34514145141451413,normal_flow,4087170.csv
4087170,2020-08-06,nighttime,6,0.8515401187073327,0.03142445167080875,1.7350157728703586,49.8125,0.13450779669087012,0.34514145141451413,normal_flow,4087170.csv
4087170,2020-08-07,daytime,6,0.6235921997309738,0.1858589865710934,0.5317365269460961,34.4375,0.24098321628377575,0.34130460659445305,normal_flow,4087170.csv
4087170,2020-08-07,nighttime,6,0.8569402377507357,0.02923520597867207,3.433698630136428,34.4375,0.24098321628377575,0.34130460659445305,normal_flow,4087170.csv
4087170,2020-08-08,daytime,6,0.761128102022845,0.07877468605630303,0.5131696428571169,25.46875,0.35221997381264136,0.3381898980280125,normal_flow,4087170.csv
4087170,2020-08-08,nighttime,6,0.9844338235236908,3.615728873255254e-4,5.311178247733864,25.46875,0.35221997381264136,0.3381898980280125,normal_flow,4087170.csv
4087170,2020-08-09,daytime,6,0.9490766429005492,0.0038237555205476,0.5655062450173085,20.046875,0.4497678847756219,0.33423005197793915,normal_flow,4087170.csv
4087170,2020-08-09,nighttime,6,0.4230985058813432,0.40322216917354026,0.7160493827161996,20.046875,0.4497678847756219,0.33423005197793915,normal_flow,4087170.csv
4087170,2020-08-10,daytime,6,0.8045869841439617,0.05354832532654958,0.895483870967843,16.40625,0.538685870729675,0.33142086259572273,normal_flow,4087170.csv
4087170,2020-08-10,nighttime,6,0.8028869131551708,0.05445108004743967,0.7409510290987178,16.40625,0.538685870729675,0.33142086259572273,normal_flow,4087170.csv
4087170,2020-08-11,daytime,6,-0.7524345800050901,0.08434648216403266,-0.10909803153462748,21.59375,0.4203666230210689,0.37032892909574255,normal_flow,4087170.csv
4087170,2020-08-11,nighttime,6,-0.39536347827803286,0.4378548659334584,-0.4585987261146424,21.59375,0.4203666230210689,0.37032892909574255,normal_flow,4087170.csv
4087170,2020-08-12,daytime,6,0.2843799080168777,0.5849293142782368,0.05902061855670139,34.546875,0.24009046542078324,0.41739078681109393,normal_flow,4087170.csv
4087170,2020-08-12,nighttime,6,-0.8859142905398723,0.01878087957781539,-0.428229665071766,34.546875,0.24009046542078324,0.41739078681109393,normal_flow,4087170.csv
4087170,2020-08-13,daytime,6,0.9747591791072076,9.476081076415392e-4,2.780606060605922,29.03125,0.3018093084156648,0.4643732888941793,normal_flow,4087170.csv
4087170,2020-08-13,nighttime,6,-0.6669838544482667,0.14788392562085925,-0.18826907301066167,29.03125,0.3018093084156648,0.4643732888941793,normal_flow,4087170.csv
4087170,2020-08-14,daytime,6,0.5576935679848994,0.2501871647561241,0.24319015191198992,22,0.4116176645637424,0.5080665000198389,normal_flow,4087170.csv
4087170,2020-08-14,nighttime,6,-0.22631336857212245,0.6663255768667404,-0.5791729162202416,22,0.4116176645637424,0.5080665000198389,normal_flow,4087170.csv
4087170,2020-08-15,daytime,6,0.2437730707008076,0.6415835390966784,0.8014575186633329,17.40625,0.5111296274253065,0.5459072332658811,normal_flow,4087170.csv
4087170,2020-08-15,nighttime,6,0.5014924913063303,0.3108226195903879,0.5160602339559582,17.40625,0.5111296274253065,0.5459072332658811,normal_flow,4087170.csv
4087170,2020-08-16,daytime,6,0.2780596447225858,0.5936599247738124,2.4052631578947397,15.421875,0.5640399952386621,0.5768757687576875,normal_flow,4087170.csv
4087170,2020-08-16,nighttime,6,0.6119129087291797,0.19669217859942123,3.155670867308956,15.421875,0.5640399952386621,0.5768757687576875,normal_flow,4087170.csv
4087170,2020-08-17,daytime,6,0.9197799225864736,0.00939477266976063,1.0262933374700494,13.578125,0.6212355671943817,0.6018807284847042,normal_flow,4087170.csv
4087170,2020-08-17,nighttime,6,-0.9644564035469108,0.00187256892083398,-2.501169317118859,13.578125,0.6212355671943817,0.6018807284847042,normal_flow,4087170.csv
4087170,2020-08-18,daytime,6,0.33595918724143625,0.5150208365815288,2.426229508196246,11.84375,0.6842637781216522,0.6218386699996032,normal_flow,4087170.csv
4087170,2020-08-18,nighttime,6,-0.9897472442279996,1.571396216587143e-4,-1.2120793073379346,11.84375,0.6842637781216522,0.6218386699996032,normal_flow,4087170.csv
4087170,2020-08-19,daytime,6,0.9621974905086704,0.00211653413091363,2.135163861824677,10.46875,0.7319366742054517,0.6016625004959727,normal_flow,4087170.csv
4087170,2020-08-19,nighttime,6,-0.9257556399761,0.00806371168449367,-1.8081541468864015,10.46875,0.7319366742054517,0.6016625004959727,normal_flow,4087170.csv
4087170,2020-08-20,daytime,6,0.8907891525522572,0.01723923440924283,0.7800608828005934,9.625,0.7629448875133913,0.5881799785739793,normal_flow,4087170.csv
4087170,2020-08-20,nighttime,6,-0.5780376439706264,0.22951267564510935,-1.1029755112787365,9.625,0.7629448875133913,0.5881799785739793,normal_flow,4087170.csv
4087170,2020-08-21,daytime,6,0.7334859503983628,0.09707939630970744,0.352995455489165,8.890625,0.7899059635757648,0.574804586755545,normal_flow,4087170.csv
4087170,2020-08-21,nighttime,6,0.8773008423703947,0.02165900190608734,0.2261471005990199,8.890625,0.7899059635757648,0.574804586755545,normal_flow,4087170.csv
4087170,2020-08-22,daytime,6,0.8196585363787676,0.04585193861837438,0.9191718243442468,8.375,0.8085942149744078,0.5493790421775185,normal_flow,4087170.csv
4087170,2020-08-22,nighttime,6,-0.7840024833299986,0.06494371660277987,-0.165757906215923,8.375,0.8085942149744078,0.5493790421775185,normal_flow,4087170.csv
4087170,2020-08-23,daytime,6,0.937808384003575,0.00568142337436486,0.2732181162246443,8.1484375,0.8167480061897393,0.5165654882355275,normal_flow,4087170.csv
4087170,2020-08-23,nighttime,6,-0.7936207613083464,0.05949349271647641,-0.084402844182210085,8.1484375,0.8167480061897393,0.5165654882355275,normal_flow,4087170.csv
4087170,2020-08-24,daytime,6,0.13376279119706516,0.8005524875257016,0.0702149234535818,7.9296875,0.8248422806808713,0.48324802602864736,normal_flow,4087170.csv
4087170,2020-08-24,nighttime,6,0.03973033604394468,0.9404358530939024,0.00205974948087577,7.9296875,0.8248422806808713,0.48324802602864736,normal_flow,4087170.csv
4087170,2020-08-25,daytime,6,-0.9881304217569556,2.1049419753333567e-4,-0.40190126218245015,7.609375,0.8380549934531604,0.45116057612189026,normal_flow,4087170.csv
4087170,2020-08-25,nighttime,6,0.6305703218953638,0.17950786576748823,0.18089727471374653,7.609375,0.8380549934531604,0.45116057612189026,normal_flow,4087170.csv
4087170,2020-08-26,daytime,6,-0.47288947960742006,0.34354060782919804,-0.37273514637102995,53.515625,0.11772408046661112,0.41665277943102014,normal_flow,4087170.csv
4087170,2020-08-26,nighttime,6,-0.8211971979627901,0.04509746071709004,-0.33795013850412686,53.515625,0.11772408046661112,0.41665277943102014,normal_flow,4087170.csv
4087170,2020-08-27,daytime,6,-0.9573550103274282,0.00268911573068969,-0.2348876338875644,90.9453125,0.03785263659088204,0.3789945641391898,normal_flow,4087170.csv
4087170,2020-08-27,nighttime,6,-0.9724578548306512,0.00112740832156144,-0.45569155446756326,90.9453125,0.03785263659088204,0.3789945641391898,normal_flow,4087170.csv
4087170,2020-08-28,daytime,6,-0.571788766925696,0.23578784376692383,-0.11199558458702254,58.5078125,0.10117843113915012,0.3400190453517438,normal_flow,4087170.csv
4087170,2020-08-28,nighttime,6,-0.9241011311030406,0.00842234448421564,-0.20000000000001933,58.5078125,0.10117843113915012,0.3400190453517438,normal_flow,4087170.csv
4087170,2020-08-29,daytime,6,-0.9219566988020028,0.0088984639066742,-0.28077232502011457,98.3828125,0.03023449589334603,0.3053326984882752,normal_flow,4087170.csv
4087170,2020-08-29,nighttime,6,-0.980302805005339,5.781481821458431e-4,-0.24787348748052265,98.3828125,0.03023449589334603,0.3053326984882752,normal_flow,4087170.csv
4087170,2020-08-30,daytime,6,-0.3220787609702767,0.5335872349196816,-0.06975029945638415,120.140625,0.01892631829544102,0.2760465024005079,normal_flow,4087170.csv
4087170,2020-08-30,nighttime,6,-0.9518107491588956,0.00342735321190092,-0.5837163075455251,120.140625,0.01892631829544102,0.2760465024005079,normal_flow,4087170.csv
4087170,2020-08-31,daytime,6,-0.3515125852615409,0.4944477625347706,-0.0951871657754141,72.7890625,0.06427806213546007,0.23251993810260685,high_flow,4087170.csv
4087170,2020-08-31,nighttime,6,0.7148340352213921,0.11038464619098036,0.532981530343008,72.7890625,0.06427806213546007,0.23251993810260685,high_flow,4087170.csv
4087170,2020-09-01,daytime,6,0.4517299592309189,0.36849505897097384,0.19788732394368705,48.7890625,0.13992381859302463,0.1806927746696822,high_flow,4087170.csv
4087170,2020-09-01,nighttime,6,-0.8192319205190268,0.04606215966407706,-0.7407407407407387,48.7890625,0.13992381859302463,0.1806927746696822,high_flow,4087170.csv
4087170,2020-09-02,daytime,6,-0.8966806912359552,0.01546085875640095,-0.4854368932038405,43.859375,0.16664682775860018,0.12554061024481214,high_flow,4087170.csv
4087170,2020-09-02,nighttime,6,-0.912232578608009,0.01121663888584925,-0.33800841514726454,43.859375,0.16664682775860018,0.12554061024481214,high_flow,4087170.csv
4087170,2020-09-03,daytime,6,-0.9615467736820144,0.00218954647803559,-0.3252947120242559,43.7890625,0.16706344482799668,0.11823592429472682,high_flow,4087170.csv
4087170,2020-09-03,nighttime,6,-0.8113583652541174,0.0500220304016003,-0.4621551520867895,43.7890625,0.16706344482799668,0.11823592429472682,high_flow,4087170.csv
4087170,2020-09-04,daytime,6,-0.8099875103671136,0.05072694296665246,-0.2498052453907995,42.140625,0.17831210570170217,0.1162202912351704,high_flow,4087170.csv
4087170,2020-09-04,nighttime,6,-0.634164287558229,0.17627270088737887,-0.32908233989463553,42.140625,0.17831210570170217,0.1162202912351704,high_flow,4087170.csv
4087170,2020-09-05,daytime,6,-0.6665205637109074,0.14826992195579508,-0.07576350822239927,31.796875,0.2696107606237353,0.110514621275245,high_flow,4087170.csv
4087170,2020-09-05,nighttime,6,-0.7234617543696088,0.10413619182856318,-0.3170289855072452,31.796875,0.2696107606237353,0.110514621275245,high_flow,4087170.csv
4087170,2020-09-06,daytime,6,0.9196831521949732,0.00941714026006711,0.21678079223368513,24.453125,0.3693012736578979,0.10857437606634132,high_flow,4087170.csv
4087170,2020-09-06,nighttime,6,-0.5166262163062868,0.29400512795829575,-0.3695131683958726,24.453125,0.3693012736578979,0.10857437606634132,high_flow,4087170.csv
4087170,2020-09-07,daytime,6,-0.8409156315364834,0.03594871385751239,-0.4778325123152504,44.3046875,0.16384954172122365,0.10748720390429713,high_flow,4087170.csv
4087170,2020-09-07,nighttime,6,-0.976995633620105,7.877143434304238e-4,-0.4158982039634162,44.3046875,0.16384954172122365,0.10748720390429713,high_flow,4087170.csv
4087170,2020-09-08,daytime,6,-0.989623662065963,1.609439815878739e-4,-0.44194196532871743,83.28125,0.04743482918700154,0.1042812363607507,high_flow,4087170.csv
4087170,2020-09-08,nighttime,6,-0.976616741947128,8.137724247457296e-4,-0.2993727750466111,83.28125,0.04743482918700154,0.1042812363607507,high_flow,4087170.csv
4087170,2020-09-09,daytime,6,-0.8502601323267781,0.03195430620553503,-0.7933985330072484,156.109375,0.01077252708010951,0.098452565170813,high_flow,4087170.csv
4087170,2020-09-09,nighttime,6,-0.8668775847780724,0.02540279655696614,-0.810169491525442,156.109375,0.01077252708010951,0.098452565170813,high_flow,4087170.csv
4087170,2020-09-10,daytime,6,-0.6344167990423141,0.17604632099560177,-0.3237865541151812,176.3125,0.0081537912153315,0.095040272983375,high_flow,4087170.csv
4087170,2020-09-10,nighttime,6,-0.8249507110545611,0.04328142799174712,-0.18354912414316849,176.3125,0.0081537912153315,0.095040272983375,high_flow,4087170.csv
4087170,2020-09-11,daytime,6,-0.22323504886802795,0.6707097618026344,-0.21428571428562837,181.6171875,0.007618140697536,0.096984485973892,high_flow,4087170.csv
4087170,2020-09-11,nighttime,6,0.16191735072084965,0.7592464860068298,0.11111111111118364,181.6171875,0.007618140697536,0.096984485973892,high_flow,4087170.csv
4087170,2020-09-12,daytime,6,-0.7776620263162247,0.06865571471353298,-0.7208121827411873,132.65625,0.01559338174026901,0.1041979129468714,high_flow,4087170.csv
4087170,2020-09-12,nighttime,6,NA,NA,NA,132.65625,0.01559338174026901,0.1041979129468714,high_flow,4087170.csv
4087170,2020-09-13,daytime,6,-0.3857831794826964,0.4500330279056129,-0.30214461947238963,305.796875,0.0011308177597905,0.11050271793040511,high_flow,4087170.csv
4087170,2020-09-13,nighttime,6,-0.9138128355211022,0.01082223205642181,-1.228426395939194,305.796875,0.0011308177597905,0.11050271793040511,high_flow,4087170.csv
4087170,2020-09-14,daytime,6,-0.6254778737357557,0.1841337201835757,-0.23636363636369936,240.6796875,0.002618735864778,0.1154187993492838,high_flow,4087170.csv
4087170,2020-09-14,nighttime,6,-0.5956536906936496,0.21218941724645335,-1.0198675496684284,240.6796875,0.002618735864778,0.1154187993492838,high_flow,4087170.csv
4087170,2020-09-15,daytime,6,-0.6771305457052197,0.13953831457340918,-1.0583554376658926,130,0.01618854898226401,0.13951910486846802,high_flow,4087170.csv
4087170,2020-09-15,nighttime,6,-0.2778278126195773,0.5939808084372407,-1.0857142857128497,130,0.01618854898226401,0.13951910486846802,high_flow,4087170.csv
4087170,2020-09-16,daytime,6,0.8881191583773478,0.01807575978277882,1.532085561497218,79.4765625,0.05249375074395905,0.17542752846883308,high_flow,4087170.csv
4087170,2020-09-16,nighttime,6,0.6332421142194481,0.17710047159365944,0.6415929203538349,79.4765625,0.05249375074395905,0.17542752846883308,high_flow,4087170.csv
4087170,2020-09-17,daytime,6,0.01776975677944386,0.9733481703578486,0.0062873060087357,53.9921875,0.11546244494703012,0.21680355513232552,high_flow,4087170.csv
4087170,2020-09-17,nighttime,6,-0.25308270037562636,0.6284810308848927,-0.34392523364496685,53.9921875,0.11546244494703012,0.21680355513232552,high_flow,4087170.csv
4087170,2020-09-18,daytime,6,-0.6977976276647839,0.12318990246129652,-1.5714285714276253,39.734375,0.19622663968575169,0.26058008967186447,normal_flow,4087170.csv
4087170,2020-09-18,nighttime,6,0.2798053993822745,0.5912450317954072,0.380530973451316,39.734375,0.19622663968575169,0.26058008967186447,normal_flow,4087170.csv
4087170,2020-09-19,daytime,6,0.5065362251296243,0.3051789280294676,0.10526315789478977,30.3125,0.28651351029639327,0.3070824901797405,normal_flow,4087170.csv
4087170,2020-09-19,nighttime,6,0.9601106364065646,0.00235500678546194,0.8307692307692491,30.3125,0.28651351029639327,0.3070824901797405,normal_flow,4087170.csv
4087170,2020-09-20,daytime,6,0.541677195838729,0.2669520925792943,0.13281653746770208,24.75,0.3641828353767408,0.35525135896520255,normal_flow,4087170.csv
4087170,2020-09-20,nighttime,6,0.6547388233710283,0.15822944249918278,0.20800000000000168,24.75,0.3641828353767408,0.35525135896520255,normal_flow,4087170.csv
4087170,2020-09-21,daytime,6,-8.644166007843888e-4,0.9987033754217765,-0.00106553010119477,20.390625,0.4430424949410785,0.4048486291314526,normal_flow,4087170.csv
4087170,2020-09-21,nighttime,6,-0.9761764770872524,8.445797237229718e-4,-1.5263157894730983,20.390625,0.4430424949410785,0.4048486291314526,normal_flow,4087170.csv
4087170,2020-09-22,daytime,6,-0.5747071167279104,0.23284883458359731,-0.2252358490565943,16.8828125,0.525354124508987,0.44721660119827006,normal_flow,4087170.csv
4087170,2020-09-22,nighttime,6,0.23636518619871064,0.6520549050518497,0.11224489795929556,16.8828125,0.525354124508987,0.44721660119827006,normal_flow,4087170.csv
4087170,2020-09-23,daytime,6,0.8250833080343623,0.04321791133361032,0.3529726547867522,14.703125,0.5860611831924771,0.4765662817918502,normal_flow,4087170.csv
4087170,2020-09-23,nighttime,6,-0.5123019327325333,0.2987747597097904,-0.24117327539378636,14.703125,0.5860611831924771,0.4765662817918502,normal_flow,4087170.csv
4087170,2020-09-24,daytime,6,-0.7351512552533596,0.09592839764872234,-0.7052347320315021,13.28125,0.6314129270324962,0.5010593976907511,normal_flow,4087170.csv
4087170,2020-09-24,nighttime,6,-0.35031355652316976,0.4960248328585811,-0.4862204724408883,13.28125,0.6314129270324962,0.5010593976907511,normal_flow,4087170.csv
4087170,2020-09-25,daytime,6,0.0918144666908896,0.8626652931798999,0.1426914153132952,12.359375,0.6648018093084157,0.5092608022854422,normal_flow,4087170.csv
4087170,2020-09-25,nighttime,6,-0.17504370164547992,0.7401161430774925,-0.32155477031777707,12.359375,0.6648018093084157,0.5092608022854422,normal_flow,4087170.csv
4087170,2020-09-26,daytime,6,-0.15926895288826148,0.7631166265263414,-0.02670874746808842,11.265625,0.7051541483156767,0.5078324009046542,normal_flow,4087170.csv
4087170,2020-09-26,nighttime,6,-0.966450866906138,0.00166943597873673,-0.3137113176783096,11.265625,0.7051541483156767,0.5078324009046542,normal_flow,4087170.csv
4087170,2020-09-27,daytime,6,-0.760273595942077,0.07931473495574297,-0.2936182669789363,10.3125,0.7381264135221998,0.5045510455104552,normal_flow,4087170.csv
4087170,2020-09-27,nighttime,6,0.23249384090828856,0.6575427783071947,0.04671280276815989,10.3125,0.7381264135221998,0.5045510455104552,normal_flow,4087170.csv
4087170,2020-09-28,daytime,6,-0.8364646301416148,0.03792894577389658,-0.2082396329945108,10.140625,0.7450898702535412,0.499087410228941,normal_flow,4087170.csv
4087170,2020-09-28,nighttime,6,-0.956879196483798,0.00274901605311062,-0.2953572412181509,10.140625,0.7450898702535412,0.499087410228941,normal_flow,4087170.csv
4087170,2020-09-29,daytime,6,-0.9008327517159216,0.0142636022415263,-0.3168431183830516,13.1015625,0.6381383168670396,0.4943498789826608,normal_flow,4087170.csv
4087170,2020-09-29,nighttime,6,-0.9807098131471254,5.545779148896342e-4,-0.30749775638410953,13.1015625,0.6381383168670396,0.4943498789826608,normal_flow,4087170.csv
4087170,2020-09-30,daytime,6,-0.993160652183008,7.000505685548896e-5,-0.3630864363489584,19.75,0.4564337578859659,0.4911954926000873,normal_flow,4087170.csv
4087170,2020-09-30,nighttime,6,-0.9299490412443584,0.00718883041429332,-0.30457025920876307,19.75,0.4564337578859659,0.4911954926000873,normal_flow,4087170.csv
4087170,2020-10-01,daytime,6,-0.9772231731989398,7.722676338627645e-4,-0.22513352816688784,21.625,0.4198904892274729,0.4904178074038805,normal_flow,4087170.csv
4087170,2020-10-01,nighttime,6,-0.5789532463875827,0.22859889122535829,-0.22966507177040033,21.625,0.4198904892274729,0.4904178074038805,normal_flow,4087170.csv
4087170,2020-10-02,daytime,6,-0.926092605146056,0.0079916022283078,-0.22128712871286776,34.796875,0.23848351386739677,0.4901638693806293,normal_flow,4087170.csv
4087170,2020-10-02,nighttime,6,-0.6383036514852678,0.172577046298294,-0.09778357235986045,34.796875,0.23848351386739677,0.4901638693806293,normal_flow,4087170.csv
4087170,2020-10-03,daytime,6,-0.9892138284489262,1.738848054226736e-4,-0.38853952877431513,42.65625,0.17480061897393168,0.4912073959449272,normal_flow,4087170.csv
4087170,2020-10-03,nighttime,6,-0.8721827759230264,0.0234617736461009,-0.18029419015532563,42.65625,0.17480061897393168,0.4912073959449272,normal_flow,4087170.csv
4087170,2020-10-04,daytime,6,0.3696913398322131,0.4707261597469822,0.19879518072283697,34.9375,0.23729317938340672,0.4923937626473039,normal_flow,4087170.csv
4087170,2020-10-04,nighttime,6,-0.6081103291139793,0.2002735504834196,-0.30323450134759516,34.9375,0.23729317938340672,0.4923937626473039,normal_flow,4087170.csv
4087170,2020-10-05,daytime,6,-0.960023385996086,0.00236525059440961,-0.6740872662510152,30.734375,0.2822283061540293,0.4915962385430306,normal_flow,4087170.csv
4087170,2020-10-05,nighttime,6,0.30793915274442407,0.5526916702726753,0.2696629213485043,30.734375,0.2822283061540293,0.4915962385430306,normal_flow,4087170.csv
4087170,2020-10-06,daytime,6,-0.7803785995450955,0.06705377835935485,-0.25233644859814247,24.2890625,0.37197952624687536,0.4609094155457683,normal_flow,4087170.csv
4087170,2020-10-06,nighttime,6,-0.5171111982427165,0.2934720018263546,-0.3161572052401714,24.2890625,0.37197952624687536,0.4609094155457683,normal_flow,4087170.csv
4087170,2020-10-07,daytime,6,-0.26633182777699765,0.6099480684958158,-0.07668393782384664,18.8125,0.4780383287703845,0.4270682061659326,normal_flow,4087170.csv
4087170,2020-10-07,nighttime,6,0.9748102146552908,9.437961506973438e-4,0.7406398910823275,18.8125,0.4780383287703845,0.4270682061659326,normal_flow,4087170.csv
4087170,2020-10-08,daytime,6,-0.4260444523655584,0.39959981127061667,-0.23906705539359316,15.1015625,0.5743959052493751,0.410197198746181,normal_flow,4087170.csv
4087170,2020-10-08,nighttime,6,-0.8119634624663091,0.04971233572111055,-0.18471337579619312,15.1015625,0.5743959052493751,0.410197198746181,normal_flow,4087170.csv
4087170,2020-10-09,daytime,6,-0.3782768138985391,0.4596492270253198,-0.10153846153847695,13.3828125,0.6276038566837281,0.4031900964170932,normal_flow,4087170.csv
4087170,2020-10-09,nighttime,6,-0.9361388949946706,0.0059871406189249,-0.22875561633131897,13.3828125,0.6276038566837281,0.4031900964170932,normal_flow,4087170.csv
4087170,2020-10-10,daytime,6,-0.8805698159945499,0.02054360295110447,-1.6996132359262333,11.9453125,0.6804547077728842,0.41497440780859424,normal_flow,4087170.csv
4087170,2020-10-10,nighttime,6,-0.943165098178908,0.00475351487523626,-0.22905347440663684,11.9453125,0.6804547077728842,0.41497440780859424,normal_flow,4087170.csv
4087170,2020-10-11,daytime,6,-0.9784254898408544,6.931682026778081e-4,-0.44259299543182584,10.7265625,0.7229496488513272,0.4357735190255128,normal_flow,4087170.csv
4087170,2020-10-11,nighttime,6,-0.5662773192883348,0.24137809571824553,-0.95570469798667,10.7265625,0.7229496488513272,0.4357735190255128,normal_flow,4087170.csv
4087170,2020-10-12,daytime,6,-0.6511333136441818,0.16133202007336203,-0.33400200601802776,10.625,0.7261635519581002,0.4469150497956592,normal_flow,4087170.csv
4087170,2020-10-12,nighttime,6,-0.9682395724063668,0.0014970683765299,-0.6519699812382975,10.625,0.7261635519581002,0.4469150497956592,normal_flow,4087170.csv
4087170,2020-10-13,daytime,6,-0.9424673245736604,0.00486979628327115,-0.3827433628318618,30.5078125,0.28478752529460777,0.45207316589294927,normal_flow,4087170.csv
4087170,2020-10-13,nighttime,6,-0.980483694809666,5.67612507071906e-4,-0.545219638242856,30.5078125,0.28478752529460777,0.45207316589294927,normal_flow,4087170.csv
4087170,2020-10-14,daytime,6,-0.9808715766338194,5.453453583639767e-4,-0.9727547931382317,50.546875,0.13052017616950362,0.455072808792604,normal_flow,4087170.csv
4087170,2020-10-14,nighttime,6,-0.991059861412558,1.195318418371359e-4,-0.7201531500173681,50.546875,0.13052017616950362,0.455072808792604,normal_flow,4087170.csv
4087170,2020-10-15,daytime,6,0.3720757451726837,0.4676415323225877,0.1009933774834347,38.8046875,0.2033686465896917,0.44543109947228504,normal_flow,4087170.csv
4087170,2020-10-15,nighttime,6,-0.9696917552803718,0.00136396412629558,-1.308900523559996,38.8046875,0.2033686465896917,0.44543109947228504,normal_flow,4087170.csv
4087170,2020-10-17,daytime,6,-0.945365568952277,0.00439584185205664,-0.6702870442202719,21.8203125,0.41524818473991193,0.3661627584017776,normal_flow,4087170.csv
4087170,2020-10-17,nighttime,6,-0.8762969982692984,0.02200717053027805,-0.5305466237941678,21.8203125,0.41524818473991193,0.3661627584017776,normal_flow,4087170.csv
4087170,2020-10-18,daytime,6,0.33642411186748167,0.5144022716919286,0.4736842105257317,18.4453125,0.486787287227711,0.3208467245962782,normal_flow,4087170.csv
4087170,2020-10-18,nighttime,6,-0.5631574229054415,0.24456550734353505,-0.9583333333332128,18.4453125,0.486787287227711,0.3208467245962782,normal_flow,4087170.csv
4087170,2020-10-19,daytime,6,-0.986490137589946,2.7254168790140354e-4,-1.1127654381254897,22.4453125,0.4044161409356029,0.2728921160179344,normal_flow,4087170.csv
4087170,2020-10-19,nighttime,6,-0.949744791970764,0.00372491697783669,-0.8963242224315833,22.4453125,0.4044161409356029,0.2728921160179344,normal_flow,4087170.csv
4087170,2020-10-20,daytime,6,-0.8193996272447523,0.04597946641408491,-2.217142857142694,25.1015625,0.3596000476133794,0.22570328929095743,high_flow,4087170.csv
4087170,2020-10-20,nighttime,6,-0.90601105026768,0.01283573845070804,-0.9501246882793551,25.1015625,0.3596000476133794,0.22570328929095743,high_flow,4087170.csv
4087170,2020-10-21,daytime,6,0.6675891692878254,0.147380247367465,1.046511627906636,21.734375,0.41697416974169743,0.2115224378050232,high_flow,4087170.csv
4087170,2020-10-21,nighttime,6,0.464095480892304,0.3538362919884177,0.4999999999998565,21.734375,0.41697416974169743,0.2115224378050232,high_flow,4087170.csv
4087170,2020-10-22,daytime,6,-0.9405058392607574,0.00520404131122154,-0.7857511615900621,26.6953125,0.33341268896559934,0.2125619965877078,high_flow,4087170.csv
4087170,2020-10-22,nighttime,6,-0.9472460813612628,0.00410105745467541,-1.3863636363641991,26.6953125,0.33341268896559934,0.2125619965877078,high_flow,4087170.csv
4087170,2020-10-23,daytime,6,0.01498334029608005,0.9775266714394724,0.01204819277140896,148.5,0.01220092846089751,0.21416894814109433,high_flow,4087170.csv
4087170,2020-10-23,nighttime,6,-0.38413666267250623,0.4521367963468439,-1.0999999999981247,148.5,0.01220092846089751,0.21416894814109433,high_flow,4087170.csv
4087170,2020-10-24,daytime,6,-0.03367599412994725,0.9495051043158634,-0.01562499999997911,358.0859375,7.737174145935007e-4,0.2137920088878308,high_flow,4087170.csv
4087170,2020-10-24,nighttime,6,-0.4977917243809129,0.3149879620480731,-1.2337662337661333,358.0859375,7.737174145935007e-4,0.2137920088878308,high_flow,4087170.csv
4087170,2020-10-25,daytime,6,-0.9526947030171974,0.00330375699712596,-0.6753402722177417,376.1484375,7.142006903940007e-4,0.21213347617347145,high_flow,4087170.csv
4087170,2020-10-25,nighttime,6,-0.8950237104670733,0.01595161156946284,-1.1832861189801351,376.1484375,7.142006903940007e-4,0.21213347617347145,high_flow,4087170.csv
4087170,2020-10-26,daytime,6,-0.9807725694560004,5.509869943124415e-4,-0.5601604278075261,229.1484375,0.0036305201761695,0.21181605364440745,high_flow,4087170.csv
4087170,2020-10-26,nighttime,6,0.38554639718502626,0.45033537380070776,0.2328190743338024,229.1484375,0.0036305201761695,0.21181605364440745,high_flow,4087170.csv
4087170,2020-10-27,daytime,6,-0.9555741525021356,0.00291664322026651,-1.2645845609899735,122.171875,0.01833115105344602,0.22181883109153672,high_flow,4087170.csv
4087170,2020-10-27,nighttime,6,0.6750876035564342,0.1412019114915982,0.3152472527472565,122.171875,0.01833115105344602,0.22181883109153672,high_flow,4087170.csv
4087170,2020-10-28,daytime,6,-0.9685593096904582,0.00146723568216715,-0.7980517047583267,69.171875,0.07207475300559457,0.23849541721223663,high_flow,4087170.csv
4087170,2020-10-28,nighttime,6,-0.9969802348705948,1.3664703564078952e-5,-1.2652054794520753,69.171875,0.07207475300559457,0.23849541721223663,high_flow,4087170.csv
4087170,2020-10-29,daytime,6,-0.7168949351935592,0.10887749658919262,-0.2967213114755811,47.5078125,0.14611355790977265,0.25551720033329367,normal_flow,4087170.csv
4087170,2020-10-29,nighttime,6,-0.9217190593008696,0.00895200940466574,-0.3819287967553577,47.5078125,0.14611355790977265,0.25551720033329367,normal_flow,4087170.csv
4087170,2020-10-30,daytime,6,-0.9622634431658884,0.00210920225364908,-0.6111111111110403,36,0.22747291989048923,0.2806689679800024,normal_flow,4087170.csv
4087170,2020-10-30,nighttime,6,-0.98041407533171,5.716560046138609e-4,-0.5149263292761526,36,0.22747291989048923,0.2806689679800024,normal_flow,4087170.csv
4087170,2020-10-31,daytime,6,-0.7632309287160747,0.07745280077558642,-0.884858044164191,28.4609375,0.3091298654922033,0.32857993096059995,normal_flow,4087170.csv
4087170,2020-10-31,nighttime,6,-0.9841538946886242,3.746591092858308e-4,-0.7049637479086328,28.4609375,0.3091298654922033,0.32857993096059995,normal_flow,4087170.csv
4087170,2020-11-02,daytime,6,-0.9198848070691412,0.00937055876229321,-0.39678766463229465,18.6484375,0.48202594929175097,0.4316271872396143,normal_flow,4087170.csv
4087170,2020-11-02,nighttime,6,-0.9826118883026664,4.508910258642818e-4,-0.992222458981368,18.6484375,0.48202594929175097,0.4316271872396143,normal_flow,4087170.csv
4087170,2020-11-03,daytime,6,-0.35653822733379265,0.4878541409400794,-0.09545777146909504,15.8046875,0.5544578026425425,0.485120818950125,normal_flow,4087170.csv
4087170,2020-11-03,nighttime,6,-0.991060283575854,1.1952057011974373e-4,-0.7203051216854255,15.8046875,0.5544578026425425,0.485120818950125,normal_flow,4087170.csv
4087170,2020-11-04,daytime,6,-0.1993858872249154,0.7048844354206705,-0.04728720756593913,13.9375,0.6097488394238781,0.5161766456374242,normal_flow,4087170.csv
4087170,2020-11-04,nighttime,6,-0.8148665766175686,0.04823890961586555,-0.4283919597991832,13.9375,0.6097488394238781,0.5161766456374242,normal_flow,4087170.csv
4087170,2020-11-05,daytime,6,-0.5518929322711111,0.25620997913660104,-0.3696682464453108,12.15625,0.6723009165575526,0.5204737531246281,normal_flow,4087170.csv
4087170,2020-11-05,nighttime,6,-0.6952419011744385,0.1251636632207102,-1.2950819672133185,12.15625,0.6723009165575526,0.5204737531246281,normal_flow,4087170.csv
4087170,2020-11-07,daytime,6,-0.5370948251310403,0.2718258629890846,-0.4835164835163271,10.484375,0.7308653731698608,0.5238225608062532,normal_flow,4087170.csv
4087170,2020-11-07,nighttime,6,-0.6779192194396687,0.1388983531800227,-0.900000000000366,10.484375,0.7308653731698608,0.5238225608062532,normal_flow,4087170.csv
4087170,2020-11-08,daytime,6,-0.9076923076922516,0.01238780154757963,-0.7374999999999641,9.6328125,0.7625877871681943,0.5274173709479031,normal_flow,4087170.csv
4087170,2020-11-08,nighttime,6,-0.525800445177652,0.28398233360416514,-0.653465346534266,9.6328125,0.7625877871681943,0.5274173709479031,normal_flow,4087170.csv
4087170,2020-11-09,daytime,6,-0.9675897595918236,0.00155861328292032,-0.4690148464266598,9.0234375,0.7846089751220093,0.5087767329286196,normal_flow,4087170.csv
4087170,2020-11-09,nighttime,6,-0.8704379699985977,0.02409204460414072,-0.5256410256410367,9.0234375,0.7846089751220093,0.5087767329286196,normal_flow,4087170.csv
4087170,2020-11-10,daytime,6,0.03161302437581921,0.952596260200744,0.01890989988878886,8.4453125,0.8060349958338293,0.4807681625203349,normal_flow,4087170.csv
4087170,2020-11-10,nighttime,6,0.8414038903843457,0.03573452673408865,0.6849832214766157,8.4453125,0.8060349958338293,0.4807681625203349,normal_flow,4087170.csv
4087170,2020-11-11,daytime,6,-0.988199467837098,2.080572118389705e-4,-0.2955575702628965,18.5546875,0.48416855136293296,0.4524064595484665,normal_flow,4087170.csv
4087170,2020-11-11,nighttime,6,-0.4058144486528952,0.4246941776721311,-0.2208281053952352,18.5546875,0.48416855136293296,0.4524064595484665,normal_flow,4087170.csv
4087170,2020-11-12,daytime,6,-0.9747699886199422,9.46800085657248e-4,-1.3886782585958302,49.328125,0.13653136531365315,0.4269094949014006,normal_flow,4087170.csv
4087170,2020-11-12,nighttime,6,0.1949550879640632,0.7112722444736093,0.2391304347826211,49.328125,0.13653136531365315,0.4269094949014006,normal_flow,4087170.csv
4087170,2020-11-13,daytime,6,-0.7303661071380371,0.0992521338259778,-2.1337386018232793,44.6875,0.16176645637424117,0.40458278776336154,normal_flow,4087170.csv
4087170,2020-11-13,nighttime,6,-0.9011686819527364,0.01416877029520728,-2.1253263707568837,44.6875,0.16176645637424117,0.40458278776336154,normal_flow,4087170.csv
4087170,2020-11-14,daytime,6,-0.9054486580558804,0.01298729196433607,-1.0337078651684066,32.5234375,0.2620521366503988,0.3857477284450264,normal_flow,4087170.csv
4087170,2020-11-14,nighttime,6,-0.9885941943447684,1.943966996364792e-4,-1.521161825726411,32.5234375,0.2620521366503988,0.3857477284450264,normal_flow,4087170.csv
4087170,2020-11-15,daytime,6,-0.9658154955770992,0.00173289684401324,-0.6695711992662098,24.8359375,0.3630520176169504,0.3696028250605087,normal_flow,4087170.csv
4087170,2020-11-15,nighttime,6,-0.9822934680773424,4.675062218801477e-4,-1.116491854496784,24.8359375,0.3630520176169504,0.3696028250605087,normal_flow,4087170.csv
4087170,2020-11-16,daytime,6,-0.3625439550921969,0.48001011518555026,-0.8457583547555502,55.4921875,0.1107606237352696,0.35477522517160653,normal_flow,4087170.csv
4087170,2020-11-16,nighttime,6,0.4353331658419481,0.3882513261423921,0.4080267558529242,55.4921875,0.1107606237352696,0.35477522517160653,normal_flow,4087170.csv
4087170,2020-11-17,daytime,6,0.3409443142487549,0.5083997279206324,0.1859888406696138,73.984375,0.06189739316748006,0.34203467841130025,normal_flow,4087170.csv
4087170,2020-11-17,nighttime,6,0.8226013842712322,0.04441401222731621,0.3149492017416169,73.984375,0.06189739316748006,0.34203467841130025,normal_flow,4087170.csv
4087170,2020-11-18,daytime,6,-0.9725364404300034,0.00112101350124302,-0.9495073891625392,50.8046875,0.12903225806451613,0.3040630083720192,normal_flow,4087170.csv
4087170,2020-11-18,nighttime,6,-0.829207160845131,0.04126426074186991,-0.9316770186336514,50.8046875,0.12903225806451613,0.3040630083720192,normal_flow,4087170.csv
4087170,2020-11-19,daytime,6,0.9443731292294628,0.00455545865851755,0.6451612903225907,36.03125,0.22729436971789072,0.2725865968337103,normal_flow,4087170.csv
4087170,2020-11-19,nighttime,6,-0.9505991205299312,0.00360039022723173,-0.49407582938390154,36.03125,0.22729436971789072,0.2725865968337103,normal_flow,4087170.csv
4087170,2020-11-20,daytime,6,0.5343615674088539,0.2747490602999359,0.21508379888263185,26.4296875,0.3374003094869658,0.26429393326191325,normal_flow,4087170.csv
4087170,2020-11-20,nighttime,6,-0.8882798522371455,0.0180248756775817,-0.7890410958902067,26.4296875,0.3374003094869658,0.26429393326191325,normal_flow,4087170.csv
4087170,2020-11-21,daytime,6,-0.9469956282042832,0.00413973822210711,-0.6587517808492503,21.1875,0.42816331389120343,0.25576320279331827,normal_flow,4087170.csv
4087170,2020-11-21,nighttime,6,-0.9599190419525028,0.0023775301041762,-0.9117647058822216,21.1875,0.42816331389120343,0.25576320279331827,normal_flow,4087170.csv
4087170,2020-11-22,daytime,6,0.4218602869373829,0.4047479849569927,0.4745762711866393,18.375,0.48869182240209497,0.24450660635638613,normal_flow,4087170.csv
4087170,2020-11-22,nighttime,6,-0.9835724068551844,4.0258210187854544e-4,-0.997793468667239,18.375,0.48869182240209497,0.24450660635638613,normal_flow,4087170.csv
4087170,2020-11-23,daytime,6,-0.9974859686443426,9.4725857022065e-6,-0.7501526384649089,16.3359375,0.5401737888346625,0.23193667420545172,normal_flow,4087170.csv
4087170,2020-11-23,nighttime,6,-0.6919053632356124,0.12776093123329466,-0.15610859728502596,16.3359375,0.5401737888346625,0.23193667420545172,normal_flow,4087170.csv
4087170,2020-11-24,daytime,6,-0.8248059374691461,0.04335082718211196,-0.42724458204340937,14.4140625,0.5935007737174146,0.24253461889457603,normal_flow,4087170.csv
4087170,2020-11-24,nighttime,6,-0.9653865387796616,0.00177640249622027,-1.2007528230866025,14.4140625,0.5935007737174146,0.24253461889457603,normal_flow,4087170.csv
4087170,2020-11-25,daytime,6,-0.980690840120893,5.556658339809313e-4,-0.7429906542055256,35,0.23645994524461372,0.26243304368527554,normal_flow,4087170.csv
4087170,2020-11-25,nighttime,6,-0.8069095955420903,0.05232627436065661,-0.6444929116685223,35,0.23645994524461372,0.26243304368527554,normal_flow,4087170.csv
4087170,2020-11-26,daytime,6,-0.4184526247725414,0.4089571339566674,-1.882352941174725,149.6015625,0.01202237828829901,0.28312502479863505,normal_flow,4087170.csv
4087170,2020-11-26,nighttime,6,0.03400102004614802,0.949018123699591,0.2000000000015321,149.6015625,0.01202237828829901,0.28312502479863505,normal_flow,4087170.csv
4087170,2020-11-27,daytime,6,0.5931836841291039,0.2145853208315204,1.1590909090910428,149.1953125,0.01214141173669801,0.3021108598182756,normal_flow,4087170.csv
4087170,2020-11-27,nighttime,6,0.09355709844126608,0.8600738017362137,0.19881656804728187,149.1953125,0.01214141173669801,0.3021108598182756,normal_flow,4087170.csv
4087170,2020-11-28,daytime,6,-0.7575308283968234,0.08105940996232232,-0.72237960339947,94.875,0.03380549934531603,0.3177518549379042,normal_flow,4087170.csv
4087170,2020-11-28,nighttime,6,-0.5729242789125492,0.23464255291567696,-1.9444444444439395,94.875,0.03380549934531603,0.3177518549379042,normal_flow,4087170.csv
4087170,2020-11-29,daytime,6,-0.9206033542743978,0.0092054896552052,-3.0505494505492456,60.9453125,0.09320319009641707,0.33040907828433125,normal_flow,4087170.csv
4087170,2020-11-29,nighttime,6,-0.6002842255012449,0.2077272162360071,-0.3880597014921486,60.9453125,0.09320319009641707,0.33040907828433125,normal_flow,4087170.csv
4087170,2020-11-30,daytime,6,-0.9575743660288824,0.00266171994738499,-0.6908517350157791,42.71875,0.17450303535293418,0.34139189778994566,normal_flow,4087170.csv
4087170,2020-11-30,nighttime,6,-0.906928929266331,0.01259023507030333,-1.1469072164947438,42.71875,0.17450303535293418,0.34139189778994566,normal_flow,4087170.csv
4087170,2020-12-01,daytime,6,-0.6800941145352726,0.1371401150738696,-0.39603960396042737,31.78125,0.26972979407213427,0.35106931714478434,normal_flow,4087170.csv
4087170,2020-12-01,nighttime,6,-0.9710578935955172,0.0012443466717628,-0.4671111912056333,31.78125,0.26972979407213427,0.35106931714478434,normal_flow,4087170.csv
4087170,2020-12-02,daytime,6,-0.9364448644363972,0.00593052517706019,-0.3633849557522263,25.03125,0.36037376502797286,0.35924691504979567,normal_flow,4087170.csv
4087170,2020-12-02,nighttime,6,-0.9368957508958276,0.00584757420787971,-0.7878858746491778,25.03125,0.36037376502797286,0.35924691504979567,normal_flow,4087170.csv
4087170,2020-12-03,daytime,6,-0.9955340922983014,2.9871962628087484e-5,-0.6304661668141478,20.578125,0.43941197476490895,0.3930722533031782,normal_flow,4087170.csv
4087170,2020-12-03,nighttime,6,-0.9863851567010185,2.767840864626301e-4,-0.6607773851589547,20.578125,0.43941197476490895,0.3930722533031782,normal_flow,4087170.csv
4087170,2020-12-04,daytime,6,-0.9414163218492912,0.0050475400399505,-0.6272912423626152,17.359375,0.5120818950124986,0.44285997698686663,normal_flow,4087170.csv
4087170,2020-12-04,nighttime,6,-0.9989736931571732,1.5794180960079338e-6,-0.6429090909090751,17.359375,0.5120818950124986,0.44285997698686663,normal_flow,4087170.csv
4087170,2020-12-05,daytime,6,-0.37462556156420057,0.4643499408847288,-0.07485029940122302,15.1796875,0.5720152362813951,0.48174820457882,normal_flow,4087170.csv
4087170,2020-12-05,nighttime,6,-0.9907302933433748,1.2849293106889355e-4,-0.5773252614199447,15.1796875,0.5720152362813951,0.48174820457882,normal_flow,4087170.csv
4087170,2020-12-06,daytime,6,-0.7905694150422746,0.06119881963741121,-1.0000000000005576,13.6796875,0.6180216640876086,0.4801848986231798,normal_flow,4087170.csv
4087170,2020-12-06,nighttime,6,-0.06136778897279275,0.9080638722569264,-0.02636203866411645,13.6796875,0.6180216640876086,0.4801848986231798,normal_flow,4087170.csv
4087170,2020-12-07,daytime,6,0.7865554830380515,0.06347573012098433,0.7749999999999078,12.671875,0.6534341149863111,0.474963298020077,normal_flow,4087170.csv
4087170,2020-12-07,nighttime,6,0.6456213465152157,0.16612415989727572,0.2656249999996954,12.671875,0.6534341149863111,0.474963298020077,normal_flow,4087170.csv
4087170,2020-12-08,daytime,6,-0.11320179021938796,0.8309226350659136,-0.06407322654447047,11.8203125,0.6853350791572432,0.46741260960996706,normal_flow,4087170.csv
4087170,2020-12-08,nighttime,6,-0.9032576016414858,0.01358592697437318,-0.23116438356155547,11.8203125,0.6853350791572432,0.46741260960996706,normal_flow,4087170.csv
4087170,2020-12-09,daytime,6,-0.382794712485237,0.45385372884857184,-0.11271676300546991,10.9140625,0.7161647422925842,0.45929849621076857,normal_flow,4087170.csv
4087170,2020-12-09,nighttime,6,-0.23188872011465536,0.6584015238438627,-0.06304347826077424,10.9140625,0.7161647422925842,0.45929849621076857,normal_flow,4087170.csv
4087170,2020-12-10,daytime,6,-0.9054613703028964,0.01298385677417449,-1.1610738255034765,10.171875,0.7438400190453518,0.452188231559735,normal_flow,4087170.csv
4087170,2020-12-10,nighttime,6,-0.9046162753148668,0.01321317921867786,-0.7692307692309823,10.171875,0.7438400190453518,0.452188231559735,normal_flow,4087170.csv
4087170,2020-12-11,daytime,6,-0.488366401547326,0.325688516469804,-0.451219512195048,9.7421875,0.7588382335436258,0.4465857239217554,normal_flow,4087170.csv
4087170,2020-12-11,nighttime,6,0.530034390251841,0.2794014058951102,0.26923076923095546,9.7421875,0.7588382335436258,0.4465857239217554,normal_flow,4087170.csv
4087170,2020-12-12,daytime,6,0.5769921048850899,0.2305579164572458,1.7727272727273633,14.359375,0.5954648256159981,0.44190770939967466,normal_flow,4087170.csv
4087170,2020-12-12,nighttime,6,-0.8823953487386301,0.01993299461690364,-1.7475728155340318,14.359375,0.5954648256159981,0.44190770939967466,normal_flow,4087170.csv
4087170,2020-12-14,daytime,6,-0.7785865900070644,0.06810857295958159,-0.628898790579201,135.765625,0.01487918104987501,0.43315478316073486,normal_flow,4087170.csv
4087170,2020-12-14,nighttime,6,-0.9037486638621132,0.01345062798732513,-0.7442845046570942,135.765625,0.01487918104987501,0.43315478316073486,normal_flow,4087170.csv
4087170,2020-12-15,daytime,6,-0.6621370910074965,0.15194326511966413,-0.35192004208321004,74.234375,0.06124270920128556,0.4304884339165973,normal_flow,4087170.csv
4087170,2020-12-15,nighttime,6,NA,NA,7.45914489880016e-14,74.234375,0.06124270920128556,0.4304884339165973,normal_flow,4087170.csv
4087170,2020-12-16,daytime,6,-0.9861784234589072,2.8523375792535656e-4,-0.6205980066445321,47.171875,0.14801809308415664,0.429163194857755,normal_flow,4087170.csv
4087170,2020-12-16,nighttime,6,-0.7560497477938686,0.0820086380984053,-0.4277620396600565,47.171875,0.14801809308415664,0.429163194857755,normal_flow,4087170.csv
4087170,2020-12-17,daytime,6,0.5778520948119809,0.22969803361160343,0.3200000000003204,33.21875,0.25371979526246874,0.42402094988691824,normal_flow,4087170.csv
4087170,2020-12-17,nighttime,6,-0.8227905992483443,0.04432228895150429,-0.3745019920317336,33.21875,0.25371979526246874,0.42402094988691824,normal_flow,4087170.csv
4087170,2020-12-18,daytime,6,-0.118993108219801,0.8223527707870274,-0.02140368342446418,25.34375,0.35537436019521484,0.3968535491806531,normal_flow,4087170.csv
4087170,2020-12-18,nighttime,6,-0.7114316336271564,0.11289276359076691,-0.6748466257669425,25.34375,0.35537436019521484,0.3968535491806531,normal_flow,4087170.csv
4087170,2020-12-19,daytime,6,-0.7166858127635894,0.10903001320233772,-0.439759036144574,20.4375,0.44191167718128793,0.37005515216442486,normal_flow,4087170.csv
4087170,2020-12-19,nighttime,6,-0.4814759780484817,0.33359370107661385,-0.26247288503267996,20.4375,0.44191167718128793,0.37005515216442486,normal_flow,4087170.csv
4087170,2020-12-20,daytime,6,-0.8286476424429065,0.04152685336172194,-0.6655290102390011,17.828125,0.5013688846565885,0.36051263738443834,normal_flow,4087170.csv
4087170,2020-12-20,nighttime,6,0.2449489742788852,0.6399250078100728,0.10000000000020472,17.828125,0.5013688846565885,0.36051263738443834,normal_flow,4087170.csv
4087170,2020-12-21,daytime,6,-0.640057811912072,0.1710208049792939,-0.20136518771350465,15.671875,0.557374122128318,0.3955679879379439,normal_flow,4087170.csv
4087170,2020-12-21,nighttime,6,-0.9717832387410016,0.00118304553419945,-0.4948979591833943,15.671875,0.557374122128318,0.3955679879379439,normal_flow,4087170.csv
4087170,2020-12-22,daytime,6,-0.7303100887272593,0.0992913416378996,-0.2100371747212447,13.8125,0.6134388763242471,0.4348926715073602,normal_flow,4087170.csv
4087170,2020-12-22,nighttime,6,-0.6108472217815428,0.19769320124215875,-0.14925373134356562,13.8125,0.6134388763242471,0.4348926715073602,normal_flow,4087170.csv
4087170,2020-12-23,daytime,6,-0.5433223562853194,0.265210623368931,-0.257575757575734,12.34375,0.6654564932746102,0.4746498432726262,normal_flow,4087170.csv
4087170,2020-12-23,nighttime,6,-0.9078412990031828,0.01234847690860811,-0.7692307692303683,12.34375,0.6654564932746102,0.4746498432726262,normal_flow,4087170.csv
4087170,2020-12-24,daytime,6,-0.6412716053353614,0.1699474196440079,-0.2671232876710881,13.078125,0.6390310677300322,0.511228821965639,normal_flow,4087170.csv
4087170,2020-12-24,nighttime,6,-0.4467216111975649,0.3744915097744946,-0.10280373831794754,13.078125,0.6390310677300322,0.511228821965639,normal_flow,4087170.csv
4087170,2020-12-25,daytime,6,0.0697863157815252,0.8954904605382272,0.01948051948095031,26.484375,0.3363290084513748,0.5426853945958814,normal_flow,4087170.csv
4087170,2020-12-25,nighttime,6,-0.06350006350160187,0.9048779290691792,-0.02419354838761451,26.484375,0.3363290084513748,0.5426853945958814,normal_flow,4087170.csv
4087170,2020-12-26,daytime,6,0.2809757434751786,0.58962753255604206,0.4210526315801707,25.25,0.35686227830020234,0.5693726937269372,normal_flow,4087170.csv
4087170,2020-12-26,nighttime,6,-0.4769230769230536,0.33885480200275814,-0.23846153846148144,25.25,0.35686227830020234,0.5693726937269372,normal_flow,4087170.csv
4087170,2020-12-27,daytime,6,-0.7578701000882891,0.08084267133288521,-0.5569620253164798,19.9375,0.45232710391620046,0.5920961790263064,normal_flow,4087170.csv
4087170,2020-12-27,nighttime,6,0.04740454631344542,0.9289464440650144,0.06666666666588927,19.9375,0.45232710391620046,0.5920961790263064,normal_flow,4087170.csv
4087170,2020-12-28,daytime,6,0.16803361008477574,0.7503218240740731,0.04000000000032659,16.484375,0.536186168313296,0.6120937983573385,normal_flow,4087170.csv
4087170,2020-12-28,nighttime,6,-0.33646329245456924,0.5143501533438022,-0.11320754716946468,16.484375,0.536186168313296,0.6120937983573385,normal_flow,4087170.csv
4087170,2020-12-29,daytime,6,-0.4023554583423497,0.4290354579332989,-0.2419354838709601,14.0625,0.6047494345911201,0.6290401936277428,normal_flow,4087170.csv
4087170,2020-12-29,nighttime,6,-0.8541420197381353,0.03036029413250142,-0.6496350364963837,14.0625,0.6047494345911201,0.6290401936277428,normal_flow,4087170.csv
4087170,2020-12-30,daytime,6,-0.4865042554105869,0.3278180849800631,-0.38461538461541395,12.546875,0.6576002856802762,0.6431099472285046,normal_flow,4087170.csv
4087170,2020-12-30,nighttime,6,0.7905694150412101,0.06119881963801001,1.9999999999978275,12.546875,0.6576002856802762,0.6431099472285046,normal_flow,4087170.csv
4087170,2020-12-31,daytime,6,-0.10526315789430912,0.8426884385485278,-0.05263157894714258,11.5,0.6967027734793477,0.6543387691941436,normal_flow,4087170.csv
4087170,2020-12-31,nighttime,6,-0.2494232979632839,0.6336236118626954,-0.19354838709694228,11.5,0.6967027734793477,0.6543387691941436,normal_flow,4087170.csv
4087170,2021-01-01,daytime,6,-0.5753559617820716,0.23219738893207195,-0.8275862068960164,10.65625,0.7255683847161052,0.6677578066103241,normal_flow,4087170.csv
4087170,2021-01-01,nighttime,6,-0.8678871588613833,0.02502776845270048,-0.5882352941176461,10.65625,0.7255683847161052,0.6677578066103241,normal_flow,4087170.csv
4087170,2021-01-02,daytime,6,-0.24770754201141265,0.6360382337839618,-0.18965517241413696,9.828125,0.7556838471610523,0.7019561163353569,normal_flow,4087170.csv
4087170,2021-01-02,nighttime,6,-0.3825994387613004,0.4541037406127252,-0.23846153846137097,9.828125,0.7556838471610523,0.7019561163353569,normal_flow,4087170.csv
4087170,2021-01-03,daytime,6,0.7324490954369751,0.0977991165119674,0.59430604982163,9.078125,0.7827639566718247,0.7352934174503035,normal_flow,4087170.csv
4087170,2021-01-03,nighttime,6,0.0614295116831683,0.9079716372142717,0.3999999999984272,9.078125,0.7827639566718247,0.7352934174503035,normal_flow,4087170.csv
4087170,2021-01-04,daytime,6,-0.10846522890839784,0.837940187395677,-0.04999999999934209,8.578125,0.8013331746220688,0.7624211403404356,low_flow,4087170.csv
4087170,2021-01-04,nighttime,6,0.674199862463681,0.14192744777369626,2.000000000000462,8.578125,0.8013331746220688,0.7624211403404356,low_flow,4087170.csv
4087170,2021-01-05,daytime,6,0.4326129116661646,0.39156323608419646,0.6046511627913506,8.296875,0.8115700511843829,0.7841368091100266,low_flow,4087170.csv
4087170,2021-01-05,nighttime,6,NA,NA,NA,8.296875,0.8115700511843829,0.7841368091100266,low_flow,4087170.csv
4087170,2021-01-06,daytime,6,-0.307793505625491,0.5528894339334921,-0.31578947368431903,7.9375,0.8244851803356743,0.8016148871166131,low_flow,4087170.csv
4087170,2021-01-06,nighttime,6,-0.5933266752690985,0.2144463230858703,-0.7351351351354787,7.9375,0.8244851803356743,0.8016148871166131,low_flow,4087170.csv
4087170,2021-01-07,daytime,6,0.03276194834549328,0.9508746599227328,0.04615384615375043,7.71875,0.8338888227591953,0.815633059556402,low_flow,4087170.csv
4087170,2021-01-07,nighttime,6,-4.829796290853322e-13,0.9999999999992756,-3.7589342629853213e-13,7.71875,0.8338888227591953,0.815633059556402,low_flow,4087170.csv
4087170,2021-01-08,daytime,6,NA,NA,NA,7.53125,0.8403166289727413,0.8261040352339007,low_flow,4087170.csv
4087170,2021-01-08,nighttime,6,0.08155908717523785,0.8779326300592416,0.04545454545522463,7.53125,0.8403166289727413,0.8261040352339007,low_flow,4087170.csv
4087170,2021-01-09,daytime,6,-0.1968536144770115,0.708533749501459,-0.03875134553277818,7.265625,0.8493036543268658,0.8009562353688053,low_flow,4087170.csv
4087170,2021-01-09,nighttime,6,0.567792268089006,0.23983632167789995,0.1791044776119568,7.265625,0.8493036543268658,0.8009562353688053,low_flow,4087170.csv
4087170,2021-01-10,daytime,6,-0.2,0.704,-0.0333333333334956,7.03125,0.8569217950244019,0.7560726897591556,low_flow,4087170.csv
4087170,2021-01-10,nighttime,6,0.16514456476895442,0.7545351241843268,0.02272727272737032,7.03125,0.8569217950244019,0.7560726897591556,low_flow,4087170.csv
4087170,2021-01-11,daytime,6,0.08199200616978297,0.8772875941274136,0.02857142857163004,6.96875,0.8592429472681824,0.7111494663333731,normal_flow,4087170.csv
4087170,2021-01-11,nighttime,6,-2.2460352783403663e-20,1,1.5821140940679666e-14,6.96875,0.8592429472681824,0.7111494663333731,normal_flow,4087170.csv
4087170,2021-01-12,daytime,6,-0.3446012188022219,0.5035588691630452,-0.25000000000006684,6.875,0.8619211998571599,0.6715668769590921,normal_flow,4087170.csv
4087170,2021-01-12,nighttime,6,-0.12454249051831057,0.8141521430427239,-0.04089219330836834,6.875,0.8619211998571599,0.6715668769590921,normal_flow,4087170.csv
4087170,2021-01-13,daytime,6,-0.5291502622129124,0.2803556433904375,-0.10000000000027058,6.71875,0.8669206046899178,0.6384359004880371,normal_flow,4087170.csv
4087170,2021-01-13,nighttime,6,-0.643267520902785,0.16818855055678805,-1.2413793103454351,6.71875,0.8669206046899178,0.6384359004880371,normal_flow,4087170.csv
4087170,2021-01-14,daytime,6,-0.3251066066603023,0.5295210485433219,-0.2987012987012453,6.6875,0.8678728722771099,0.610911399436575,normal_flow,4087170.csv
4087170,2021-01-14,nighttime,6,0.3370999312316192,0.5135035083361856,0.11363636363629784,6.6875,0.8678728722771099,0.610911399436575,normal_flow,4087170.csv
4087170,2021-01-15,daytime,6,-0.568398560058512,0.239220388844666,-0.99999999999946,7.125,0.8537674086418283,0.5886680157124152,normal_flow,4087170.csv
4087170,2021-01-15,nighttime,6,NA,NA,NA,7.125,0.8537674086418283,0.5886680157124152,normal_flow,4087170.csv
4087170,2021-01-16,daytime,6,NA,NA,NA,25.75,0.34835138673967386,0.570916160774511,normal_flow,4087170.csv
4087170,2021-01-16,nighttime,6,-0.9237695543984388,0.00849513061411804,-1.071428571428298,25.75,0.34835138673967386,0.570916160774511,normal_flow,4087170.csv
4087170,2021-01-17,daytime,6,0.06560610252640246,0.901732035814113,0.05882352941204081,64.734375,0.08243066301630758,0.556036979724636,normal_flow,4087170.csv
4087170,2021-01-17,nighttime,6,NA,NA,2.9667053574775953e-14,64.734375,0.08243066301630758,0.556036979724636,normal_flow,4087170.csv
4087170,2021-01-18,daytime,6,-0.5393598899707034,0.26941251267607885,-0.2666666666665703,56.015625,0.10891560528508512,0.54404237590763,normal_flow,4087170.csv
4087170,2021-01-18,nighttime,6,0.15081233670441985,0.7754965600506285,0.04135338345872187,56.015625,0.10891560528508512,0.54404237590763,normal_flow,4087170.csv
4087170,2021-01-19,daytime,6,-0.565685424948981,0.241981530568283,-0.39999999999993,38.28125,0.2075943340078562,0.534360988771178,normal_flow,4087170.csv
4087170,2021-01-19,nighttime,6,NA,NA,8.922648011856293e-14,38.28125,0.2075943340078562,0.534360988771178,normal_flow,4087170.csv
4087170,2021-01-20,daytime,6,0.24310831916259423,0.6425215732407854,0.3703703703695997,28.03125,0.3146054041185573,0.5269055271197873,normal_flow,4087170.csv
4087170,2021-01-20,nighttime,6,0.5710915448163485,0.23649216649891955,0.05188679245282657,28.03125,0.3146054041185573,0.5269055271197873,normal_flow,4087170.csv
4087170,2021-01-21,daytime,6,0.9575931979835296,0.00265937442836369,0.9687500000000056,22,0.4116176645637424,0.5208387890330516,normal_flow,4087170.csv
4087170,2021-01-21,nighttime,6,0.8685104172247927,0.02479757031457553,0.6034482758621705,22,0.4116176645637424,0.5208387890330516,normal_flow,4087170.csv
4087170,2021-01-22,daytime,6,-0.6961845547853821,0.12443407332057266,-0.2563559322033013,17.875,0.500238066896798,0.5156409951196286,normal_flow,4087170.csv
4087170,2021-01-22,nighttime,6,-0.6002450479987812,0.2077648079721968,-0.05147058823538245,17.875,0.500238066896798,0.5156409951196286,normal_flow,4087170.csv
4087170,2021-01-23,daytime,6,0.3360858403974995,0.5148523076741023,0.20212765957479975,15.109375,0.574038804904178,0.5121850573344443,normal_flow,4087170.csv
4087170,2021-01-23,nighttime,6,-0.8882308279623263,0.0180403920407691,-0.19393282773563544,15.109375,0.574038804904178,0.5121850573344443,normal_flow,4087170.csv
4087170,2021-01-24,daytime,6,0.6305282887549847,0.17954584739063598,0.2413793103442939,13.421875,0.6261159385787406,0.5437289211601793,normal_flow,4087170.csv
4087170,2021-01-24,nighttime,6,-0.8923474704187742,0.01675980449209587,-0.8759124087596073,13.421875,0.6261159385787406,0.5437289211601793,normal_flow,4087170.csv
4087170,2021-01-25,daytime,6,-0.7590039239171754,0.08012024438296199,-1.0000000000000673,12.046875,0.6770027377693132,0.5939888108558505,normal_flow,4087170.csv
4087170,2021-01-25,nighttime,6,-0.7341093818402256,0.0966477875971749,-0.2762973352035211,12.046875,0.6770027377693132,0.5939888108558505,normal_flow,4087170.csv
4087170,2021-01-26,daytime,6,-0.8040772403126786,0.05381827278722867,-1.1167512690351449,10.984375,0.7140221402214022,0.6425584255842558,normal_flow,4087170.csv
4087170,2021-01-26,nighttime,6,-0.9098654120431368,0.01182022822895645,-0.9004739336492245,10.984375,0.7140221402214022,0.6425584255842558,normal_flow,4087170.csv
4087170,2021-01-27,daytime,6,0.22518541584779808,0.6679312803503571,0.27102803738352294,9.984375,0.7500892750862993,0.6844026504781177,normal_flow,4087170.csv
4087170,2021-01-27,nighttime,6,NA,NA,NA,9.984375,0.7500892750862993,0.6844026504781177,normal_flow,4087170.csv
4087170,2021-01-28,daytime,6,-0.13378089788300593,0.8005258135229661,-0.1473087818697581,9.265625,0.7759195333888823,0.7191128040312661,normal_flow,4087170.csv
4087170,2021-01-28,nighttime,6,NA,NA,NA,9.265625,0.7759195333888823,0.7191128040312661,normal_flow,4087170.csv
4087170,2021-01-29,daytime,6,-0.7335266340869113,0.09705120443468188,-0.4510556621880517,8.890625,0.7899059635757648,0.7475022814744277,normal_flow,4087170.csv
4087170,2021-01-29,nighttime,6,-0.6308932681440618,0.17921615937179472,-2.7500000000010103,8.890625,0.7899059635757648,0.7475022814744277,normal_flow,4087170.csv
4087170,2021-01-30,daytime,6,-0.9132023798155908,0.0109737811829308,-0.7323420074348777,8.5625,0.8019283418640638,0.7704439947625282,low_flow,4087170.csv
4087170,2021-01-30,nighttime,6,-0.1861714808503242,0.723969113758467,-0.07894736842048958,8.5625,0.8019283418640638,0.7704439947625282,low_flow,4087170.csv
4087170,2021-01-31,daytime,6,NA,NA,NA,8.03125,0.8215093441256993,0.7885608856088561,low_flow,4087170.csv
4087170,2021-01-31,nighttime,6,0.17643243655649074,0.7380973753062209,0.0311284046693462,8.03125,0.8215093441256993,0.7885608856088561,low_flow,4087170.csv
4087170,2021-02-01,daytime,6,NA,NA,NA,7.65625,0.8363290084513748,0.8030472562790144,low_flow,4087170.csv
4087170,2021-02-01,nighttime,6,NA,NA,NA,7.65625,0.8363290084513748,0.8030472562790144,low_flow,4087170.csv
4087170,2021-02-02,daytime,6,NA,NA,NA,7.625,0.8374598262111653,0.8141411736698012,low_flow,4087170.csv
4087170,2021-02-02,nighttime,6,NA,NA,NA,7.625,0.8374598262111653,0.8141411736698012,low_flow,4087170.csv
4087170,2021-02-03,daytime,6,-0.6277648205742871,0.1820502707295392,-0.5517241379311133,7.6875,0.8352577074157839,0.8229258421616474,low_flow,4087170.csv
4087170,2021-02-03,nighttime,6,NA,NA,NA,7.6875,0.8352577074157839,0.8229258421616474,low_flow,4087170.csv
4087170,2021-02-04,daytime,6,0.3636964837271093,0.4785092746558982,0.7142857142863773,7.6875,0.8352577074157839,0.8294131650993929,low_flow,4087170.csv
4087170,2021-02-04,nighttime,6,0.1558573000393089,0.7681070535852259,0.1153846153842472,7.6875,0.8352577074157839,0.8294131650993929,low_flow,4087170.csv
4087170,2021-02-05,daytime,6,-0.8629550625305542,0.02688503026693323,-0.9781021897815464,7.625,0.8374598262111653,0.8343411498631116,low_flow,4087170.csv
4087170,2021-02-05,nighttime,6,NA,NA,NA,7.625,0.8374598262111653,0.8343411498631116,low_flow,4087170.csv
4087170,2021-02-06,daytime,6,0.15135197108192713,0.7747055848975146,0.223684210526717,7.40625,0.8443637662183073,0.838646192913542,low_flow,4087170.csv
4087170,2021-02-06,nighttime,6,NA,NA,NA,7.40625,0.8443637662183073,0.838646192913542,low_flow,4087170.csv
4087170,2021-02-07,daytime,6,-0.8332051183416309,0.03941063760418337,-0.8769230769230627,7.34375,0.8457921675990954,0.842149744078086,low_flow,4087170.csv
4087170,2021-02-07,nighttime,6,0.2246492593350094,0.6686948306255815,1.8000000000023342,7.34375,0.8457921675990954,0.842149744078086,low_flow,4087170.csv
4087170,2021-02-08,daytime,6,0.382272598070558,0.4545222973850264,0.4827586206894332,7.4375,0.8434114986311153,0.8443478950918542,low_flow,4087170.csv
4087170,2021-02-08,nighttime,6,-0.6022988589954114,0.20579785771626816,-3.0000000000009632,7.4375,0.8434114986311153,0.8443478950918542,low_flow,4087170.csv
4087170,2021-02-09,daytime,6,0.46047026515757394,0.3581120170696822,1.038961038961673,7.4375,0.8434114986311153,0.8457961353807086,low_flow,4087170.csv
4087170,2021-02-09,nighttime,6,0.2007239114757503,0.7029577248789491,0.5882352941171342,7.4375,0.8434114986311153,0.8457961353807086,low_flow,4087170.csv
4087170,2021-02-10,daytime,6,-0.4072212491125896,0.422932702262597,-1.500000000000828,7.34375,0.8457921675990954,0.8476808316470261,low_flow,4087170.csv
4087170,2021-02-10,nighttime,6,-0.5077299548812136,0.30384884585139843,-1.1463414634148676,7.34375,0.8457921675990954,0.8476808316470261,low_flow,4087170.csv
4087170,2021-02-11,daytime,6,0.13266892260387914,0.8021641718015885,0.17307692307727585,7.3125,0.8473991191524819,0.8497916914653018,low_flow,4087170.csv
4087170,2021-02-11,nighttime,6,0.09836118442064597,0.8529340417921192,0.06578947368429032,7.3125,0.8473991191524819,0.8497916914653018,low_flow,4087170.csv
4087170,2021-02-19,daytime,6,0.06805570473802769,0.8980740455776157,0.04400000000006623,6.625,0.8700154743482919,0.7576320279331825,low_flow,4087170.csv
4087170,2021-02-19,nighttime,6,-0.8842421837592122,0.01932423806973499,-1.519230769231137,6.625,0.8700154743482919,0.7576320279331825,low_flow,4087170.csv
4087170,2021-02-20,daytime,6,0.1289148460466063,0.8076989512624806,0.09274495138378248,6.53125,0.8735269610760624,0.7192516763877316,normal_flow,4087170.csv
4087170,2021-02-20,nighttime,6,-0.4331245390283844,0.3909395945789536,-1.270270270270042,6.53125,0.8735269610760624,0.7192516763877316,normal_flow,4087170.csv
4087170,2021-02-21,daytime,6,0.644235240206326,0.16733852902680008,0.5510948905108466,6.5,0.8750743959052494,0.6788834662540174,normal_flow,4087170.csv
4087170,2021-02-21,nighttime,6,0.216506350945352,0.6803148411822182,0.24999999999901756,6.5,0.8750743959052494,0.6788834662540174,normal_flow,4087170.csv
4087170,2021-02-22,daytime,6,-0.8578117188972465,0.02888891462006053,-0.8313659359190977,6.46875,0.8757885965956433,0.6300480101575209,normal_flow,4087170.csv
4087170,2021-02-22,nighttime,6,-0.6871429800084389,0.13150812575301038,-0.9662921348318853,6.46875,0.8757885965956433,0.6300480101575209,normal_flow,4087170.csv
4087170,2021-02-23,daytime,6,-0.7278898068557272,0.10099187807032044,-0.2513761467890416,6.25,0.8822759195333889,0.5827441177637582,normal_flow,4087170.csv
4087170,2021-02-23,nighttime,6,-0.24771684715357484,0.6360251325345858,-1.1250000000007074,6.25,0.8822759195333889,0.5827441177637582,normal_flow,4087170.csv
4087170,2021-02-24,daytime,6,0.29553061747437426,0.5696096514297437,0.25142857142877945,13.875,0.6114748244256636,0.5421735507677657,normal_flow,4087170.csv
4087170,2021-02-24,nighttime,6,-0.49613893835681344,0.3168548464163827,-4.7999999999972065,13.875,0.6114748244256636,0.5421735507677657,normal_flow,4087170.csv
4087170,2021-02-25,daytime,6,-0.6450277620496627,0.16664374473126556,-0.05134367489625824,39.15625,0.2009284608975122,0.4978732690552712,normal_flow,4087170.csv
4087170,2021-02-25,nighttime,6,-0.8670877947836715,0.02532449090870121,-1.4893617021277368,39.15625,0.2009284608975122,0.4978732690552712,normal_flow,4087170.csv
4087170,2021-02-26,daytime,6,-0.7211571736958289,0.10578950467192975,-0.6921052631580621,43.15625,0.17140816569456016,0.4524858151807325,normal_flow,4087170.csv
4087170,2021-02-26,nighttime,6,0.04366524276794257,0.934543763090446,0.02264150943377784,43.15625,0.17140816569456016,0.4524858151807325,normal_flow,4087170.csv
4087170,2021-02-27,daytime,6,0.7395824383665854,0.0928955508250992,0.29105473965265083,31.46875,0.2741340316628973,0.41300242034678414,normal_flow,4087170.csv
4087170,2021-02-27,nighttime,6,0.7442084075351868,0.08977587078385149,0.5538461538461354,31.46875,0.2741340316628973,0.41300242034678414,normal_flow,4087170.csv
4087170,2021-02-28,daytime,6,-0.5743195381815727,0.23323831289892483,-1.166666666666584,33.65625,0.24895845732650876,0.38010554299091376,normal_flow,4087170.csv
4087170,2021-02-28,nighttime,6,-0.18786728732581837,0.7215143740817377,-0.1714285714287439,33.65625,0.24895845732650876,0.38010554299091376,normal_flow,4087170.csv
4087170,2021-03-01,daytime,6,0.08131473325790443,0.8782967301115177,0.04461166353121729,52.65625,0.12194976788477564,0.35312462802047373,normal_flow,4087170.csv
4087170,2021-03-01,nighttime,6,0.4949836703592827,0.31816218040374145,0.8062500000002834,52.65625,0.12194976788477564,0.35312462802047373,normal_flow,4087170.csv
4087170,2021-03-02,daytime,6,-0.4596062205015432,0.3591337905973273,-0.7347404449517737,47.6875,0.14492322342578265,0.297103519422291,normal_flow,4087170.csv
4087170,2021-03-02,nighttime,6,-0.9235141930791958,0.00855139399704718,-0.29850746268649375,47.6875,0.14492322342578265,0.297103519422291,normal_flow,4087170.csv
4087170,2021-03-03,daytime,6,0.6068409224570133,0.20147499291082083,0.2181208053692178,33.625,0.24949410784430423,0.23850732055707655,high_flow,4087170.csv
4087170,2021-03-03,nighttime,6,0.45100206167161544,0.3693644620145547,0.7974683544305626,33.625,0.24949410784430423,0.23850732055707655,high_flow,4087170.csv
4087170,2021-03-04,daytime,6,0.2810344451869001,0.589546432959372,1.9999999999996745,39.0625,0.2012260445185097,0.197778042296552,high_flow,4087170.csv
4087170,2021-03-04,nighttime,6,0.8326932048168072,0.0396457561630891,2.2700831024929182,39.0625,0.2012260445185097,0.197778042296552,high_flow,4087170.csv
4087170,2021-03-05,daytime,6,-0.5258893495699677,0.28388585182693704,-0.7320610687021462,41.15625,0.18610879657183668,0.1844264571677975,high_flow,4087170.csv
4087170,2021-03-05,nighttime,6,-0.30396305815107877,0.558097524368795,-2.0129870129879617,41.15625,0.18610879657183668,0.1844264571677975,high_flow,4087170.csv
4087170,2021-03-06,daytime,6,-0.3224377687985613,0.5331046478371252,-0.4285714285713367,31.125,0.2777645518390668,0.17314208625957228,high_flow,4087170.csv
4087170,2021-03-06,nighttime,6,-0.4164326704320909,0.4114590735289167,-0.3256840247131913,31.125,0.2777645518390668,0.17314208625957228,high_flow,4087170.csv
4087170,2021-03-07,daytime,6,-0.3958974148376369,0.43717932150186034,-0.17131474103578917,23.8125,0.3800738007380074,0.15588223624171726,high_flow,4087170.csv
4087170,2021-03-07,nighttime,6,-0.31333978071983576,0.5453724636100878,-0.10909090909052371,23.8125,0.3800738007380074,0.15588223624171726,high_flow,4087170.csv
4087170,2021-03-08,daytime,6,-0.44978351596612576,0.3708215006545516,-0.491473812423816,19.125,0.47036067134864895,0.14346307979208825,high_flow,4087170.csv
4087170,2021-03-08,nighttime,6,0.9878409570904376,2.208646761312879e-4,1.0913539967372288,19.125,0.47036067134864895,0.14346307979208825,high_flow,4087170.csv
4087170,2021-03-09,daytime,6,-0.2623651628562423,0.6154822715027958,-0.14015151515149016,92.96875,0.03547196762290203,0.14408205372376304,high_flow,4087170.csv
4087170,2021-03-09,nighttime,6,0.07045268502384372,0.8944958212625344,0.02443609022557178,92.96875,0.03547196762290203,0.14408205372376304,high_flow,4087170.csv
4087170,2021-03-10,daytime,6,-0.9791611822519728,6.46859793495527e-4,-0.73662884927058625,231.03125,0.003332936555172,0.14902987739554815,high_flow,4087170.csv
4087170,2021-03-10,nighttime,6,0.5115362314120979,0.29962232078535955,0.23751522533500977,231.03125,0.003332936555172,0.14902987739554815,high_flow,4087170.csv
4087170,2021-03-11,daytime,6,-0.9704655930017028,0.00129554064117085,-0.3496557000764854,382.96875,5.356505177955005e-4,0.14980359481014166,high_flow,4087170.csv
4087170,2021-03-11,nighttime,6,-0.971059137833024,0.00124424020479979,-0.5144843568944412,382.96875,5.356505177955005e-4,0.14980359481014166,high_flow,4087170.csv
4087170,2021-03-12,daytime,6,0.6930128533420626,0.1268962578656495,0.5603112840466549,377.71875,6.546839661945007e-4,0.14593500773717413,high_flow,4087170.csv
4087170,2021-03-12,nighttime,6,0.774443450632733,0.07057595535025149,0.31566455696206247,377.71875,6.546839661945007e-4,0.14593500773717413,high_flow,4087170.csv
4087170,2021-03-13,daytime,6,0.6415158393531648,0.1697317802685483,1.085714285714282,251.71875,0.002142602071182,0.1426734912510415,high_flow,4087170.csv
4087170,2021-03-13,nighttime,6,0.8544922634454967,0.03021837071806922,0.33803863298669257,251.71875,0.002142602071182,0.1426734912510415,high_flow,4087170.csv
4087170,2021-03-15,daytime,6,0.5718413792788274,0.2357347294244464,0.20636820684714133,73.65625,0.06267111058207356,0.13642820299170733,high_flow,4087170.csv
4087170,2021-03-15,nighttime,6,0.9556467237916998,0.00290719349239135,0.16644113667115887,73.65625,0.06267111058207356,0.13642820299170733,high_flow,4087170.csv
4087170,2021-03-16,daytime,6,-0.2726391185187175,0.6011742398259603,-0.10524590163939396,50.40625,0.13123437685989764,0.13463873348410904,high_flow,4087170.csv
4087170,2021-03-16,nighttime,6,-0.8941887724455418,0.01620169172306184,-0.7462686567167051,50.40625,0.13123437685989764,0.13463873348410904,high_flow,4087170.csv
4087170,2021-03-17,daytime,6,-0.8727999049582896,0.02324075613728898,-1.531193216232772,37,0.2191405785025592,0.16193310320199977,high_flow,4087170.csv
4087170,2021-03-17,nighttime,6,-0.7906088726087058,0.06117662660258018,-1.160213618157623,37,0.2191405785025592,0.16193310320199977,high_flow,4087170.csv
4087170,2021-03-18,daytime,6,0.2392004576896601,0.6480424628907818,0.2903225806443067,32.59375,0.26109986906320676,0.17051144704995438,high_flow,4087170.csv
4087170,2021-03-18,nighttime,6,-0.07035975447256614,0.894634526099249,-0.03960396039578243,32.59375,0.26109986906320676,0.17051144704995438,high_flow,4087170.csv
4087170,2021-03-19,daytime,6,-0.6467703648824864,0.16512032435653945,-0.673946957878511,48.03125,0.14319723842399715,0.17540768956076658,high_flow,4087170.csv
4087170,2021-03-19,nighttime,6,-0.7695263598507042,0.07355598741095508,-0.5921708185050885,48.03125,0.14319723842399715,0.17540768956076658,high_flow,4087170.csv
4087170,2021-03-20,daytime,6,-0.9864205232888564,2.753512390157327e-4,-0.3535430087153901,49.1875,0.13718604927984765,0.18484704201880728,high_flow,4087170.csv
4087170,2021-03-20,nighttime,6,-0.925656953746804,0.0080848899246373,-0.9291044776118296,49.1875,0.13718604927984765,0.18484704201880728,high_flow,4087170.csv
4087170,2021-03-21,daytime,6,-0.2405637579688664,0.6461151862410951,-0.03643724696358089,36.0625,0.2269372693726937,0.1906995198984248,high_flow,4087170.csv
4087170,2021-03-21,nighttime,6,-0.260649529373064,0.6178797328923257,-0.13191994460747414,36.0625,0.2269372693726937,0.1906995198984248,high_flow,4087170.csv
4087170,2021-03-22,daytime,6,-0.816411378841221,0.04746326551817037,-0.274424146147723,26.4375,0.3372217593143673,0.1952664365353331,high_flow,4087170.csv
4087170,2021-03-22,nighttime,6,0.5396964245491693,0.26905465390808786,0.10736677115987314,26.4375,0.3372217593143673,0.1952664365353331,high_flow,4087170.csv
4087170,2021-03-23,daytime,6,-0.4576147975625324,0.361492659159174,-0.9730185497470925,20.375,0.44351862873467446,0.2017259850017855,high_flow,4087170.csv
4087170,2021-03-23,nighttime,6,-0.6011925482112062,0.2068564345193582,-0.14177316293928494,20.375,0.44351862873467446,0.2017259850017855,high_flow,4087170.csv
4087170,2021-03-24,daytime,6,-0.9553603166169172,0.00294457522053194,-2.482119205297879,20.3125,0.4448875133912629,0.2115621156211562,high_flow,4087170.csv
4087170,2021-03-24,nighttime,6,-0.8579838151165703,0.02882076156948494,-0.7424266455193987,20.3125,0.4448875133912629,0.2115621156211562,high_flow,4087170.csv
4087170,2021-03-25,daytime,6,0.4303492721879542,0.3943265410649365,0.5423728813559742,50.21875,0.13200809427449114,0.22273142086259573,high_flow,4087170.csv
4087170,2021-03-25,nighttime,6,-0.2795861047256626,0.5915482407416972,-0.8399999999998579,50.21875,0.13200809427449114,0.22273142086259573,high_flow,4087170.csv
4087170,2021-03-26,daytime,6,-0.680537001533078,0.13678325617921305,-0.2435723951285266,68.28125,0.07397928817997858,0.23603142483037737,high_flow,4087170.csv
4087170,2021-03-26,nighttime,6,0.6262789730725462,0.18340278575829264,2.8320000000002983,68.28125,0.07397928817997858,0.23603142483037737,high_flow,4087170.csv
4087170,2021-03-27,daytime,6,0.873775865451368,0.02289326317339583,0.5229508196722029,48.1875,0.14224497083680515,0.26156409951196286,normal_flow,4087170.csv
4087170,2021-03-27,nighttime,6,0.6155447369905197,0.1932964055585651,3.673366834170802,48.1875,0.14224497083680515,0.26156409951196286,normal_flow,4087170.csv
4087170,2021-03-28,daytime,6,-1.5902730176882357e-13,0.9999999999997616,-2.3201803563950817e-13,62.125,0.08992977026544459,0.2929928976709122,normal_flow,4087170.csv
4087170,2021-03-28,nighttime,6,-0.36597273796213586,0.475549363594497,-0.6342857142854638,62.125,0.08992977026544459,0.2929928976709122,normal_flow,4087170.csv
4087170,2021-03-29,daytime,6,-0.6618458726331802,0.15218866054674052,-1.51100702576103,64.28125,0.08374003094869659,0.3229218743800341,normal_flow,4087170.csv
4087170,2021-03-29,nighttime,6,0.34625237715443813,0.5013776557088158,3.2941176470580893,64.28125,0.08374003094869659,0.3229218743800341,normal_flow,4087170.csv
4087170,2021-03-30,daytime,6,-0.985174986896748,3.280423920648179e-4,-1.0508196721312526,45.03125,0.15956433757885966,0.34359798436694045,normal_flow,4087170.csv
4087170,2021-03-30,nighttime,6,-0.8598050288982909,0.02810420474633412,-0.62616822429907,45.03125,0.15956433757885966,0.34359798436694045,normal_flow,4087170.csv
4087170,2021-04-03,daytime,6,0.9769309957648914,7.921300152996802e-4,0.6009102322661752,16.84375,0.52618735864778,0.359409594095941,normal_flow,4087170.csv
4087170,2021-04-03,nighttime,6,-0.5877883453734017,0.219856489970883,-0.2432035268184223,16.84375,0.52618735864778,0.359409594095941,normal_flow,4087170.csv
4087170,2021-04-04,daytime,6,0.0282236903185503,0.9576757056891548,0.00709677419354993,13.96875,0.6086180216640876,0.35037098758084356,normal_flow,4087170.csv
4087170,2021-04-04,nighttime,6,-0.8251706015399741,0.04317611971953451,-0.2969853980216427,13.96875,0.6086180216640876,0.35037098758084356,normal_flow,4087170.csv
4087170,2021-04-07,daytime,6,0.921982999871521,0.00889254728658216,0.5161772621254463,13.25,0.6329008451374837,0.33203983652739755,normal_flow,4087170.csv
4087170,2021-04-07,nighttime,6,-0.44049617254093953,0.3819919922391011,-0.48320693391126734,13.25,0.6329008451374837,0.33203983652739755,normal_flow,4087170.csv
4087170,2021-04-08,daytime,6,0.9589596535429524,0.00249190272223549,0.5162246049661443,12.125,0.6734912510415427,0.32016029837717735,normal_flow,4087170.csv
4087170,2021-04-08,nighttime,6,0.34051136347308336,0.5089737586446935,0.4627287853577226,12.125,0.6734912510415427,0.32016029837717735,normal_flow,4087170.csv
4087170,2021-04-10,daytime,6,0.4224231220629992,0.4040541811750116,0.26270523846754135,181.03125,0.007737174145935,0.2941038765226362,normal_flow,4087170.csv
4087170,2021-04-10,nighttime,6,-0.8511329340021945,0.03159255346147226,-0.2190075459887943,181.03125,0.007737174145935,0.2941038765226362,normal_flow,4087170.csv
4087170,2021-04-11,daytime,6,0.8821358859561372,0.02001924291604771,0.6209532374100531,186.28125,0.006665873110344,0.2837598698567631,normal_flow,4087170.csv
4087170,2021-04-11,nighttime,6,-0.9757079911029628,8.77985166552817e-4,-1.1878304961970003,186.28125,0.006665873110344,0.2837598698567631,normal_flow,4087170.csv
4087170,2021-04-14,daytime,6,0.5405096065987707,0.2681907024504154,0.19106429349806045,88.96875,0.04011427211046304,0.25661627584017777,normal_flow,4087170.csv
4087170,2021-04-14,nighttime,6,-0.20530093432713145,0.6963751590182277,-0.5869565217398134,88.96875,0.04011427211046304,0.25661627584017777,normal_flow,4087170.csv
4087170,2021-04-15,daytime,6,0.508080175327093,0.3034590334562339,0.7282086479067951,58.71875,0.1005832638971551,0.2532039836527398,normal_flow,4087170.csv
4087170,2021-04-15,nighttime,6,-0.5820535191971026,0.22551560005973936,-1.7906574394461856,58.71875,0.1005832638971551,0.2532039836527398,normal_flow,4087170.csv
4087170,2021-04-17,daytime,6,0.802064139817091,0.05489048170390484,1.4007308160776022,31.21875,0.2766932508034758,0.2932428679125501,normal_flow,4087170.csv
4087170,2021-04-17,nighttime,6,-0.7480592209248239,0.08721537006433831,-0.3545933294323689,31.21875,0.2766932508034758,0.2932428679125501,normal_flow,4087170.csv
4087170,2021-04-18,daytime,6,0.8707323786412418,0.02398513829879604,1.228402366863843,24.34375,0.3710272586596834,0.33895171209776614,normal_flow,4087170.csv
4087170,2021-04-18,nighttime,6,-0.4822418679261912,0.33271161199948224,-1.700000000000552,24.34375,0.3710272586596834,0.33895171209776614,normal_flow,4087170.csv
4087170,2021-04-21,daytime,6,0.6764145792117481,0.14012037262499336,2.333333333333335,15.71875,0.5563623378169266,0.47096774193548385,normal_flow,4087170.csv
4087170,2021-04-21,nighttime,6,0.8046511627907077,0.05351438238142021,2.306666666666629,15.71875,0.5563623378169266,0.47096774193548385,normal_flow,4087170.csv
4087170,2021-04-22,daytime,6,-0.28560076437248133,0.5832467659712963,-0.45833333333336435,14.84375,0.5817164623259136,0.517339205650121,normal_flow,4087170.csv
4087170,2021-04-22,nighttime,6,-0.8256769197172555,0.04293409285066714,-2.5943396226408915,14.84375,0.5817164623259136,0.517339205650121,normal_flow,4087170.csv
4087170,2021-04-23,daytime,6,0.3903164071149148,0.4442571361931093,1.14583333333309,13.75,0.6156409951196287,0.5578304170138476,normal_flow,4087170.csv
4087170,2021-04-23,nighttime,6,-0.8279281727881203,0.04186565784445251,-1.640350877192906,13.75,0.6156409951196287,0.5578304170138476,normal_flow,4087170.csv
4087170,2021-04-24,daytime,6,0.32171925140868024,0.5340706212404513,1.7806122448969406,12.0625,0.6758719200095227,0.5929016386938063,normal_flow,4087170.csv
4087170,2021-04-24,nighttime,6,0.3682152495796128,0.4726388921496463,0.5929203539819469,12.0625,0.6758719200095227,0.5929016386938063,normal_flow,4087170.csv
4087170,2021-04-25,daytime,6,0.5127975722128019,0.29822661263096445,0.8242358078602212,11.59375,0.6933698369241756,0.6245804070943936,normal_flow,4087170.csv
4087170,2021-04-25,nighttime,6,0.8326710257494491,0.039655957663374,3.10077519379848,11.59375,0.6933698369241756,0.6245804070943936,normal_flow,4087170.csv
4087170,2021-04-28,daytime,6,-0.596532352398071,0.21133974297125088,-1.2959999999999732,11.3125,0.7035471967622902,0.5907312621513312,normal_flow,4087170.csv
4087170,2021-04-28,nighttime,6,0.5745016218353771,0.23305530449245823,0.9999999999998396,11.3125,0.7035471967622902,0.5907312621513312,normal_flow,4087170.csv
4087170,2021-04-29,daytime,6,-0.4834188959122696,0.33135766251182197,-1.7432432432430232,10.375,0.7356862278300202,0.5545054160219022,normal_flow,4087170.csv
4087170,2021-04-29,nighttime,6,0.9943468535668858,4.784676508191284e-5,1.5613795791113634,10.375,0.7356862278300202,0.5545054160219022,normal_flow,4087170.csv
4087170,2021-04-30,daytime,6,-0.8182681116925002,0.04653873662460521,-2.6397058823535837,11.1875,0.7079514343530532,0.5171289132246161,normal_flow,4087170.csv
4087170,2021-04-30,nighttime,6,0.8696131696101163,0.02439275294999333,5.294573643411142,11.1875,0.7079514343530532,0.5171289132246161,normal_flow,4087170.csv
4087170,2021-05-01,daytime,6,0.1186426072808405,0.8228710997981961,0.4990990990991866,11.25,0.7058088322818712,0.4786811093917391,normal_flow,4087170.csv
4087170,2021-05-01,nighttime,6,0.9133436027706988,0.01093863097828036,3.6743044189837817,11.25,0.7058088322818712,0.4786811093917391,normal_flow,4087170.csv
4087170,2021-05-03,daytime,6,-0.8764723302728589,0.02194616816459226,-0.986762075134164,8.5,0.8039519104868468,0.4064357417767726,normal_flow,4087170.csv
4087170,2021-05-03,nighttime,6,-0.06721770705003785,0.8993252916238581,-0.03474009264021897,8.5,0.8039519104868468,0.4064357417767726,normal_flow,4087170.csv
4087170,2021-05-05,daytime,6,0.0951119609314208,0.8577622635609528,0.5269461077854973,217.125,0.0044637543149625,0.36392096179026306,normal_flow,4087170.csv
4087170,2021-05-05,nighttime,6,0.20256136164170152,0.7003136158099882,2.2662337662348917,217.125,0.0044637543149625,0.36392096179026306,normal_flow,4087170.csv
4087170,2021-05-08,daytime,6,0.4917059595577248,0.321882103549592,0.5800425632536388,89.875,0.03892393762647304,0.32991310558266873,normal_flow,4087170.csv
4087170,2021-05-08,nighttime,6,0.305257065928423,0.5563366141857695,1.7687969924822358,89.875,0.03892393762647304,0.32991310558266873,normal_flow,4087170.csv
4087170,2021-05-09,daytime,6,-0.3167372861529882,0.540782010302121,-1.1134969325151791,59.03125,0.0991548625163671,0.32132285838987423,normal_flow,4087170.csv
4087170,2021-05-09,nighttime,6,0.8518632914077712,0.03129133480101353,0.4095892956699686,59.03125,0.0991548625163671,0.32132285838987423,normal_flow,4087170.csv
4087170,2021-05-10,daytime,6,0.2969455814922181,0.5676734652776549,0.25750242013552554,41.09375,0.18640638019283415,0.3084394714914891,normal_flow,4087170.csv
4087170,2021-05-10,nighttime,6,-0.7938841860374323,0.05934730898084969,-0.2941176470588199,41.09375,0.18640638019283415,0.3084394714914891,normal_flow,4087170.csv
4087170,2021-05-12,daytime,6,-0.8805795921648333,0.02054030953251311,-0.6799840589817672,23.90625,0.37840733246042135,0.34090782843312306,normal_flow,4087170.csv
4087170,2021-05-12,nighttime,6,0.9549423720821008,0.00299954698131952,2.8479690522242653,23.90625,0.37840733246042135,0.34090782843312306,normal_flow,4087170.csv
4087170,2021-05-13,daytime,6,0.7486437180778412,0.08682962820220978,0.5040465581522258,19.25,0.4675633853112725,0.35738602547315795,normal_flow,4087170.csv
4087170,2021-05-13,nighttime,6,-0.46641991887824075,0.3511043748315193,-4.66968325791949,19.25,0.4675633853112725,0.35738602547315795,normal_flow,4087170.csv
4087170,2021-05-15,daytime,6,-0.48965557551987937,0.3242171794149797,-0.3433962264151159,13.65625,0.6185573146054041,0.37307066619053286,normal_flow,4087170.csv
4087170,2021-05-15,nighttime,6,0.7464467189008753,0.08828352232217113,0.5254437869822322,13.65625,0.6185573146054041,0.37307066619053286,normal_flow,4087170.csv
4087170,2021-05-16,daytime,6,0.5306980317574811,0.2786859555772763,0.09147910720135236,15,0.5769551243899536,0.3901718049438559,normal_flow,4087170.csv
4087170,2021-05-16,nighttime,6,0.5171662114088132,0.29341155053509477,0.5556274256145273,15,0.5769551243899536,0.3901718049438559,normal_flow,4087170.csv
4087170,2021-05-19,daytime,6,-0.862742352343806,0.02696654892676189,-0.06440996325030869,11.6875,0.6902154505416022,0.39683371027258657,normal_flow,4087170.csv
4087170,2021-05-19,nighttime,6,-0.512783599405114,0.29824206053011165,-0.11044563798531684,11.6875,0.6902154505416022,0.39683371027258657,normal_flow,4087170.csv
4087170,2021-05-22,daytime,6,0.8469853964290538,0.03332890202752659,0.25894603156277,42.65625,0.17480061897393168,0.34691504979565924,normal_flow,4087170.csv
4087170,2021-05-22,nighttime,6,-0.6322507871637381,0.17799211850411564,-0.6562259306803896,42.65625,0.17480061897393168,0.34691504979565924,normal_flow,4087170.csv
4087170,2021-05-23,daytime,6,-0.7832500206903139,0.06537931329325024,-1.2738479251238326,29.5,0.2954410189263183,0.3084593103995556,normal_flow,4087170.csv
4087170,2021-05-23,nighttime,6,-0.9828401351762334,4.391649860135721e-4,-0.5591063796105716,29.5,0.2954410189263183,0.3084593103995556,normal_flow,4087170.csv
4087170,2021-05-26,daytime,6,-0.9708292338192882,0.00126398920682045,-0.5153810378047609,31.34375,0.2752053326984883,0.23385708050628892,normal_flow,4087170.csv
4087170,2021-05-26,nighttime,6,-0.5162352162690332,0.294435208040209,-0.33516632110339006,31.34375,0.2752053326984883,0.23385708050628892,normal_flow,4087170.csv
4087170,2021-05-27,daytime,6,-0.9949368822077224,3.838784574586352e-5,-0.4682080924855496,23.5625,0.3843590048803714,0.2161528389477443,normal_flow,4087170.csv
4087170,2021-05-27,nighttime,6,-0.9862120432879145,2.838510267256762e-4,-0.5277555224905521,23.5625,0.3843590048803714,0.2161528389477443,normal_flow,4087170.csv
4087170,2021-05-29,daytime,6,-0.8761989810694848,0.02204130837129176,-1.419254658384971,89.1875,0.03981668848946554,0.26812681030036106,normal_flow,4087170.csv
4087170,2021-05-29,nighttime,6,-0.8829749225017364,0.01974098160602483,-0.5619896065330576,89.1875,0.03981668848946554,0.26812681030036106,normal_flow,4087170.csv
4087170,2021-05-30,daytime,6,0.921586528718118,0.00898193934130553,0.9295281269317373,87.875,0.04172122366384954,0.3028250605086696,normal_flow,4087170.csv
4087170,2021-05-30,nighttime,6,-0.6151983361490921,0.19361924310384107,-1.0959398496240091,87.875,0.04172122366384954,0.3028250605086696,normal_flow,4087170.csv
4087170,2021-05-31,daytime,6,0.6049494651802361,0.20327062153601955,0.7590361445783931,55.5,0.1106415902868706,0.3325834226084196,normal_flow,4087170.csv
4087170,2021-05-31,nighttime,6,0.9602056603071072,0.00234387525870668,0.686643577774373,55.5,0.1106415902868706,0.3325834226084196,normal_flow,4087170.csv
4087170,2021-06-02,daytime,6,-0.17562348256399002,0.7392732070472399,-0.10333085027141328,27.71875,0.3186525413641233,0.4041741062571916,normal_flow,4087170.csv
4087170,2021-06-02,nighttime,6,0.5417112667152896,0.266915982525353,0.8585657370516916,27.71875,0.3186525413641233,0.4041741062571916,normal_flow,4087170.csv
4087170,2021-06-03,daytime,6,0.7700397371092244,0.07324223635807219,0.7688492601224922,21.375,0.4246518271634329,0.43602348926715073,normal_flow,4087170.csv
4087170,2021-06-03,nighttime,6,0.02325549197593798,0.965123050529342,0.01223690651003331,21.375,0.4246518271634329,0.43602348926715073,normal_flow,4087170.csv
4087170,2021-06-04,daytime,6,0.7774112885401937,0.06880444110707563,0.2883116271402168,17.25,0.514998214498274,0.4626076260762608,normal_flow,4087170.csv
4087170,2021-06-04,nighttime,6,-0.8629787780402264,0.0268759488360237,-0.7328274760383331,17.25,0.514998214498274,0.4626076260762608,normal_flow,4087170.csv
4087170,2021-06-05,daytime,6,0.8898848000306286,0.01752044282651303,0.3736425794341891,13.90625,0.6107606237352696,0.5014323691624013,normal_flow,4087170.csv
4087170,2021-06-05,nighttime,6,-0.8584096095585991,0.02865246734595606,-1.37167755991286,13.90625,0.6107606237352696,0.5014323691624013,normal_flow,4087170.csv
4087170,2021-06-10,daytime,6,0.00349569055707304,0.994756485522802,0.00328430672567701,9.90625,0.7529460778478753,0.7339681783914613,normal_flow,4087170.csv
4087170,2021-06-10,nighttime,6,-0.8051400219068773,0.05325615985977024,-0.4467499713401475,9.90625,0.7529460778478753,0.7339681783914613,normal_flow,4087170.csv
4087170,2021-06-12,daytime,6,0.9289880658682796,0.00738499642858575,2.269225864048052,8.4375,0.8063325794548268,0.7471213744395508,normal_flow,4087170.csv
4087170,2021-06-12,nighttime,6,0.6717262868979516,0.1439574624748195,0.6457600479006183,8.4375,0.8063325794548268,0.7471213744395508,normal_flow,4087170.csv
4087170,2021-06-13,daytime,6,0.7558862360516252,0.08211373831032405,1.2358465253555178,8.125,0.8176407570527319,0.709760742768718,normal_flow,4087170.csv
4087170,2021-06-13,nighttime,6,0.647679185957571,0.1643281504374695,0.9867021276595062,8.125,0.8176407570527319,0.709760742768718,normal_flow,4087170.csv
4087170,2021-06-16,daytime,6,-0.03847488938490037,0.9423161434412416,-0.12881355932217717,7.21875,0.8509701226044518,0.5875292623893981,normal_flow,4087170.csv
4087170,2021-06-16,nighttime,6,-0.5744721764562538,0.23308489554387768,-0.3458546343631993,7.21875,0.8509701226044518,0.5875292623893981,normal_flow,4087170.csv
4087170,2021-06-17,daytime,6,-0.7096737779722101,0.11419827357617718,-0.7771739130433538,6.90625,0.8607903820973694,0.55868349006070706,normal_flow,4087170.csv
4087170,2021-06-17,nighttime,6,-0.2965667847426818,0.5681916227277932,-0.14533622559652787,6.90625,0.8607903820973694,0.55868349006070706,normal_flow,4087170.csv
4087170,2021-06-19,daytime,6,-0.9974006116758624,1.012644769042879e-5,-1.1301196696443327,31.96875,0.26794429234614925,0.48689838511288336,normal_flow,4087170.csv
4087170,2021-06-19,nighttime,6,-0.9199235576506082,0.00936162038101377,-0.8376002637072719,31.96875,0.26794429234614925,0.48689838511288336,normal_flow,4087170.csv
4087170,2021-06-20,daytime,6,-0.9762379372438028,8.402449860493856e-4,-1.0390263528464367,81.53125,0.05035114867277705,0.43343649565527914,normal_flow,4087170.csv
4087170,2021-06-20,nighttime,6,-0.8592862413185758,0.02830745115152894,-1.3155080213903063,81.53125,0.05035114867277705,0.43343649565527914,normal_flow,4087170.csv
4087170,2021-06-22,daytime,6,-0.8338907996025489,0.03909673502588455,-0.6569978245104356,56.0625,0.1087370551124866,0.325076379796056,normal_flow,4087170.csv
4087170,2021-06-22,nighttime,6,-0.9349855272069872,0.00620291826708034,-0.9856996935649724,56.0625,0.1087370551124866,0.325076379796056,normal_flow,4087170.csv
4087170,2021-06-25,daytime,6,-0.6080220062297883,0.2003570494633735,-0.357954545454609,25.1875,0.35823116295679086,0.16635321191921595,high_flow,4087170.csv
4087170,2021-06-25,nighttime,6,-0.9606797148624404,0.00228873098689899,-0.5614783966683726,25.1875,0.35823116295679086,0.16635321191921595,high_flow,4087170.csv
4087170,2021-06-26,daytime,6,-0.9052480739414744,0.01304155327676951,-0.4445910290238124,58.53125,0.1010593976907511,0.12154902194183231,high_flow,4087170.csv
4087170,2021-06-26,nighttime,6,-0.974281869181372,9.836281071941165e-4,-0.5608034162356951,58.53125,0.1010593976907511,0.12154902194183231,high_flow,4087170.csv
4087170,2021-07-01,daytime,6,-0.2294980609429916,0.661796666578381,-0.08220668220668183,87.734375,0.04189977383644804,0.201507757013054,high_flow,4087170.csv
4087170,2021-07-01,nighttime,6,-0.9410827624871518,0.00510460335263596,-0.3325928475329283,87.734375,0.04189977383644804,0.201507757013054,high_flow,4087170.csv
4087170,2021-07-03,daytime,6,-0.732429172007263,0.09781296926015508,-0.47846763540292153,39.59375,0.1969408403761457,0.1666111177240805,high_flow,4087170.csv
4087170,2021-07-03,nighttime,6,-0.9787665393355716,6.715031202176837e-4,-0.5445998491091529,39.59375,0.1969408403761457,0.1666111177240805,high_flow,4087170.csv
4087170,2021-07-04,daytime,6,-0.957226447660872,0.00270523642048952,-0.32567788686302335,28.75,0.3051422449708368,0.17262627464984326,high_flow,4087170.csv
4087170,2021-07-04,nighttime,6,-0.3650804179676243,0.4767090096151384,-0.30152869064318816,28.75,0.3051422449708368,0.17262627464984326,high_flow,4087170.csv
4087170,2021-07-07,daytime,6,0.7178380291672847,0.10819085072421224,1.2082907780112022,16.28125,0.541304606594453,0.204681982303694,high_flow,4087170.csv
4087170,2021-07-07,nighttime,6,-0.4529388746752416,0.3670527138256905,-0.7508140471272257,16.28125,0.541304606594453,0.204681982303694,high_flow,4087170.csv
4087170,2021-07-08,daytime,6,-0.7448415373935517,0.08935260840633628,-0.48343986054622445,60.65625,0.0941554576836091,0.204007459429433,high_flow,4087170.csv
4087170,2021-07-08,nighttime,6,-0.9280550092683096,0.007577925962418,-1.5921858295266464,60.65625,0.0941554576836091,0.204007459429433,high_flow,4087170.csv
4087170,2021-07-10,daytime,6,-0.5137804669405168,0.29714070910782303,-2.0636942675158285,59.640625,0.09725032734198308,0.1967821291116137,high_flow,4087170.csv
4087170,2021-07-10,nighttime,6,-0.7790136691853801,0.06785650847344932,-0.3006063432835561,59.640625,0.09725032734198308,0.1967821291116137,high_flow,4087170.csv
4087170,2021-07-11,daytime,6,0.8251567637006919,0.0431827433029501,1.2039525691698592,40.3125,0.1912867515771932,0.18861643455144228,high_flow,4087170.csv
4087170,2021-07-11,nighttime,6,-0.9906702740304634,1.3015963266149337e-4,-3.2050888811433396,40.3125,0.1912867515771932,0.18861643455144228,high_flow,4087170.csv
4087170,2021-07-14,daytime,6,-0.6901868531053601,0.1291076976264904,-1.0046620046619543,120.21875,0.01880728484704202,0.1581438717612983,high_flow,4087170.csv
4087170,2021-07-14,nighttime,6,-0.9747897464963956,9.453240475219774e-4,-0.5743170242321293,120.21875,0.01880728484704202,0.1581438717612983,high_flow,4087170.csv
4087170,2021-07-15,daytime,6,-0.7258426204780318,0.10244025780031572,-0.46701164294951936,123.515625,0.01779550053565052,0.15129944847835575,high_flow,4087170.csv
4087170,2021-07-15,nighttime,6,-0.9009748093171672,0.01422346264959173,-1.7980382034074731,123.515625,0.01779550053565052,0.15129944847835575,high_flow,4087170.csv
4087170,2021-07-17,daytime,6,-0.9686589609829592,0.00145799855412182,-2.908356741573019,110.90625,0.02219973812641352,0.21521644248700553,high_flow,4087170.csv
4087170,2021-07-17,nighttime,6,-0.969063687073913,0.00142077930263135,-1.090747330960967,110.90625,0.02219973812641352,0.21521644248700553,high_flow,4087170.csv
4087170,2021-07-18,daytime,6,0.8870046318651634,0.01843057004268383,0.5963302752294758,68.109375,0.07445542197357458,0.25143832083482126,normal_flow,4087170.csv
4087170,2021-07-18,nighttime,6,-0.2133890228150808,0.6847747870236929,-0.11430823807652228,68.109375,0.07445542197357458,0.25143832083482126,normal_flow,4087170.csv
4087170,2021-07-21,daytime,6,0.5775806004015323,0.2299693558194865,1.0712273641847845,25.375,0.35460064278062137,0.35240645954846644,normal_flow,4087170.csv
4087170,2021-07-21,nighttime,6,-0.6738581989018456,0.14220710872104256,-5.079754601227757,25.375,0.35460064278062137,0.35240645954846644,normal_flow,4087170.csv
4087170,2021-07-22,daytime,6,0.9708747116322586,0.00126007039866978,1.2930725795344469,20.625,0.4386382573503154,0.4032773876125858,normal_flow,4087170.csv
4087170,2021-07-22,nighttime,6,-0.4676459573168091,0.34966645222868015,-0.2293067470437931,20.625,0.4386382573503154,0.4032773876125858,normal_flow,4087170.csv
4087170,2021-07-24,daytime,6,-0.6178280776323439,0.1911739350310437,-0.6666273445794665,15.015625,0.5765980240447566,0.4543030591596239,normal_flow,4087170.csv
4087170,2021-07-24,nighttime,6,-0.7381356026680065,0.09388103512411604,-0.9891142998517004,15.015625,0.5765980240447566,0.4543030591596239,normal_flow,4087170.csv
4087170,2021-07-25,daytime,6,0.785518367796275,0.06407022406846113,0.32821229050283374,13.03125,0.6405785025592191,0.4728802126730945,normal_flow,4087170.csv
4087170,2021-07-25,nighttime,6,-0.9362691638560934,0.00596300401076298,-0.911000000000057,13.03125,0.6405785025592191,0.4728802126730945,normal_flow,4087170.csv
4087170,2021-07-27,daytime,6,0.8639208145958176,0.0265163908511499,1.2034220532319009,10.34375,0.7364599452446138,0.5086140538824743,normal_flow,4087170.csv
4087170,2021-07-27,nighttime,6,-0.5108895552895373,0.30033883276495255,-0.31368504561686,10.34375,0.7364599452446138,0.5086140538824743,normal_flow,4087170.csv
4087170,2021-07-28,daytime,6,0.646355255081448,0.16548268813838132,1.2883815853886431,9.609375,0.7636590882037853,0.5242986945998492,normal_flow,4087170.csv
4087170,2021-07-28,nighttime,6,-0.5532950621408473,0.25474901650657117,-1.2705982597019323,9.609375,0.7636590882037853,0.5242986945998492,normal_flow,4087170.csv
4087170,2021-07-29,daytime,6,0.8658070552006111,0.02580336338931276,5.328549348641929,9.09375,0.7818712058088323,0.5396619450065469,normal_flow,4087170.csv
4087170,2021-07-29,nighttime,6,-0.7819776497942155,0.06611890836375858,-0.4465893946124741,9.09375,0.7818712058088323,0.5396619450065469,normal_flow,4087170.csv
4087170,2021-07-30,daytime,6,-0.4833487045765425,0.3314383481648139,-1.3511843460347812,15.8125,0.5542197357457446,0.5540649922628259,normal_flow,4087170.csv
4087170,2021-07-30,nighttime,6,-0.6456282604544354,0.16611811190875683,-0.667701587864816,15.8125,0.5542197357457446,0.5540649922628259,normal_flow,4087170.csv
4087170,2021-08-02,daytime,6,0.8516964920630484,0.03136000717886354,3.94105691056926,24.671875,0.3658493036543269,0.4609451255802881,normal_flow,4087170.csv
4087170,2021-08-02,nighttime,6,-0.8691414798114442,0.02456552092964073,-15.400000000008436,24.671875,0.3658493036543269,0.4609451255802881,normal_flow,4087170.csv
4087170,2021-08-03,daytime,6,0.9760886297455834,8.507947348256413e-4,1.2112651127328025,22.5625,0.4016188548982264,0.4152680236479784,normal_flow,4087170.csv
4087170,2021-08-03,nighttime,6,0.7515727479019985,0.0849081688623964,3.634615384617157,22.5625,0.4016188548982264,0.4152680236479784,normal_flow,4087170.csv
4087170,2021-08-04,daytime,6,0.7213479836973565,0.10565218022656545,0.5893656225322362,18.25,0.49166765861207,0.3671388326786494,normal_flow,4087170.csv
4087170,2021-08-04,nighttime,6,0.16899670330361571,0.7489182083119132,0.23962708738861743,18.25,0.49166765861207,0.3671388326786494,normal_flow,4087170.csv
4087170,2021-08-05,daytime,6,0.6213214135529438,0.1879454317833074,2.529886914377784,14.734375,0.5850493988810855,0.3181168908463278,normal_flow,4087170.csv
4087170,2021-08-05,nighttime,6,0.6369125916530821,0.17381534492399128,0.7374479708636502,14.734375,0.5850493988810855,0.3181168908463278,normal_flow,4087170.csv
4087170,2021-08-06,daytime,6,0.8819117551030934,0.02009388991265964,0.593652898040359,12.640625,0.6546839661945006,0.27147165020037295,normal_flow,4087170.csv
4087170,2021-08-06,nighttime,6,-0.6168747046688895,0.1920589661935748,-1.2410714285711866,12.640625,0.6546839661945006,0.27147165020037295,normal_flow,4087170.csv
4087170,2021-08-08,daytime,6,0.7104832870616015,0.11359625572386645,0.6167334669338174,69.3125,0.07153910248779907,0.2455461651390707,normal_flow,4087170.csv
4087170,2021-08-08,nighttime,6,-0.35862668486591576,0.485122017381035,-0.13268042110016473,69.3125,0.07153910248779907,0.2455461651390707,normal_flow,4087170.csv
4087170,2021-08-10,daytime,6,-0.12965874925622656,0.8066017480975894,-0.02074597219157118,132.75,0.01553386501606951,0.2540491211363727,normal_flow,4087170.csv
4087170,2021-08-10,nighttime,6,0.7345224052869749,0.09636231808592538,0.4012325865057388,132.75,0.01553386501606951,0.2540491211363727,normal_flow,4087170.csv
4087170,2021-08-11,daytime,6,-0.8478091813754398,0.03298054259481546,-0.2757784067933603,137.109375,0.01452208070467801,0.261710907431655,normal_flow,4087170.csv
4087170,2021-08-11,nighttime,6,-0.19138134063006867,0.7164328337769365,-0.10243597751405896,137.109375,0.01452208070467801,0.261710907431655,normal_flow,4087170.csv
4087170,2021-08-12,daytime,6,-0.9033399148229332,0.01356320219577381,-0.3033445743059025,100.578125,0.02832996071896203,0.26784113002420346,normal_flow,4087170.csv
4087170,2021-08-12,nighttime,6,-0.319558272731889,0.5369788352097191,-0.047981015239724,100.578125,0.02832996071896203,0.26784113002420346,normal_flow,4087170.csv
4087170,2021-08-13,daytime,6,-0.945638815864438,0.00435238510119047,-0.32972184602562715,64.796875,0.08219259611950958,0.27139626234972025,normal_flow,4087170.csv
4087170,2021-08-13,nighttime,6,-0.4898261358510064,0.3240227012657282,-0.1541409128947364,64.796875,0.08219259611950958,0.27139626234972025,normal_flow,4087170.csv
4087170,2021-08-14,daytime,6,-0.2622518249840298,0.615640580865664,-0.07275097783571834,45.359375,0.15754076895607666,0.2734515732254097,normal_flow,4087170.csv
4087170,2021-08-14,nighttime,6,-0.8243100325487094,0.04358893898606891,-0.2645752622129687,45.359375,0.15754076895607666,0.2734515732254097,normal_flow,4087170.csv
4087170,2021-08-15,daytime,6,0.4390965771144261,0.3836853186278362,0.13842467981898784,33.234375,0.25354124508987025,0.30418997738364484,normal_flow,4087170.csv
4087170,2021-08-15,nighttime,6,-0.7783918196529551,0.06822366896179421,-0.5732446239752792,33.234375,0.25354124508987025,0.30418997738364484,normal_flow,4087170.csv
4087170,2021-08-16,daytime,6,0.8861689124378146,0.0186987906459859,1.1530151247299278,25.375,0.35460064278062137,0.34250684442328294,normal_flow,4087170.csv
4087170,2021-08-16,nighttime,6,-0.966708865851101,0.00164400114383452,-0.1703087885985686,25.375,0.35460064278062137,0.34250684442328294,normal_flow,4087170.csv
4087170,2021-08-17,daytime,6,0.9671787795424768,0.00159817072559654,0.9223905284234596,20.5625,0.43965004166170696,0.3834900607070587,normal_flow,4087170.csv
4087170,2021-08-17,nighttime,6,-0.8709709470088304,0.02389867490411698,-0.6226890756301732,20.5625,0.43965004166170696,0.3834900607070587,normal_flow,4087170.csv
4087170,2021-08-18,daytime,6,-0.00393589090126849,0.994096194134007,-0.01091537879626306,17.1875,0.516545649327461,0.4316033805499345,normal_flow,4087170.csv
4087170,2021-08-18,nighttime,6,0.8081187325659818,0.05169524856487569,0.32951156051023056,17.1875,0.516545649327461,0.4316033805499345,normal_flow,4087170.csv
4087170,2021-08-19,daytime,6,0.931680463309811,0.00684189590296999,1.6734031413612818,14.78125,0.5836209975002976,0.4818910447168988,normal_flow,4087170.csv
4087170,2021-08-19,nighttime,6,-0.6676900949636642,0.14729633917543475,-0.609711446255789,14.78125,0.5836209975002976,0.4818910447168988,normal_flow,4087170.csv
4087170,2021-08-20,daytime,6,0.2985849805720788,0.5654324011284715,0.578587699316732,13.09375,0.6383763837638377,0.5322302900448359,normal_flow,4087170.csv
4087170,2021-08-20,nighttime,6,-0.6030198790280515,0.20510913760562907,-0.5070968879485208,13.09375,0.6383763837638377,0.5322302900448359,normal_flow,4087170.csv
4087170,2021-08-21,daytime,6,0.8510626697980361,0.03162160411213854,1.9035148173672884,11.8125,0.6855136293298417,0.5799349283815419,normal_flow,4087170.csv
4087170,2021-08-21,nighttime,6,0.9699636941751733,0.00133972042920125,1.369662157375053,11.8125,0.6855136293298417,0.5799349283815419,normal_flow,4087170.csv
4087170,2021-08-22,daytime,6,-0.8255325146731063,0.04300305568511597,-1.6825574873807765,13.0625,0.6393881680752291,0.6240288854501448,normal_flow,4087170.csv
4087170,2021-08-22,nighttime,6,-0.6060919491487553,0.2021852425189173,-0.1426886792452758,13.0625,0.6393881680752291,0.6240288854501448,normal_flow,4087170.csv
4087170,2021-08-23,daytime,6,0.6913113649987411,0.12822574481019758,0.4042730299667109,12.875,0.6462921080823711,0.6626314327659406,normal_flow,4087170.csv
4087170,2021-08-23,nighttime,6,-0.9590108356481344,0.00248573420626298,-0.841308793456065,12.875,0.6462921080823711,0.6626314327659406,normal_flow,4087170.csv
4087170,2021-08-24,daytime,6,0.8422829794857124,0.03535040932266716,0.4142579490897923,11.5,0.6967027734793477,0.6948974328452961,normal_flow,4087170.csv
4087170,2021-08-24,nighttime,6,-0.07838919784148482,0.8826570488093213,-0.3331121433297421,11.5,0.6967027734793477,0.6948974328452961,normal_flow,4087170.csv
4087170,2021-08-26,daytime,6,0.5614547644344373,0.24631195380292092,2.4849215922798384,9.4609375,0.7688370432091418,0.7418124826409555,normal_flow,4087170.csv
4087170,2021-08-26,nighttime,6,-0.6294073677153497,0.1805599565885471,-0.381154499151086,9.4609375,0.7688370432091418,0.7418124826409555,normal_flow,4087170.csv
4087170,2021-08-28,daytime,6,0.8145014858601332,0.04842307412726122,2.053969160479638,8.6875,0.7977621711700988,0.7663294052295362,normal_flow,4087170.csv
4087170,2021-08-28,nighttime,6,0.02584439350575942,0.9612420408988136,0.01275196394860106,8.6875,0.7977621711700988,0.7663294052295362,normal_flow,4087170.csv
4087170,2021-08-29,daytime,6,0.48876835871024926,0.3252295003410553,0.1417713501530816,8.09375,0.8189501249851208,0.7580367416577392,normal_flow,4087170.csv
4087170,2021-08-29,nighttime,6,-0.7650479648695314,0.07631872319688675,-0.7243558580456276,8.09375,0.8189501249851208,0.7580367416577392,normal_flow,4087170.csv
4087170,2021-08-30,daytime,6,0.4474675497343432,0.37359626449003974,0.1308359219249901,7.75,0.8325794548268063,0.7470816966234178,normal_flow,4087170.csv
4087170,2021-08-30,nighttime,6,-0.82676306357093,0.04241704423472819,-0.7872942841974477,7.75,0.8325794548268063,0.7470816966234178,normal_flow,4087170.csv
4087170,2021-08-31,daytime,6,-0.8058669678089821,0.0528732439310382,-5.014000202901383,7.5859375,0.8385906439709558,0.7392850057532834,normal_flow,4087170.csv
4087170,2021-08-31,nighttime,6,-0.5680663383978201,0.2395578156917702,-0.3464864864864827,7.5859375,0.8385906439709558,0.7392850057532834,normal_flow,4087170.csv
4087170,2021-09-02,daytime,6,0.6133440558929322,0.19535115183452584,1.5914540424223038,7.6328125,0.8371027258659683,0.6787961750585247,normal_flow,4087170.csv
4087170,2021-09-02,nighttime,6,-0.45594834887630575,0.3634707763181891,-0.14410480349345822,7.6328125,0.8371027258659683,0.6787961750585247,normal_flow,4087170.csv
4087170,2021-09-03,daytime,6,-0.780267706387355,0.067118833127711,-1.744590495450538,7.4140625,0.8441852160457088,0.6468833075427528,normal_flow,4087170.csv
4087170,2021-09-03,nighttime,6,0.40885826457249047,0.4208860154983262,0.16014669926649755,7.4140625,0.8441852160457088,0.6468833075427528,normal_flow,4087170.csv
4087170,2021-09-04,daytime,6,-0.8404572882148923,0.03615032505388037,-0.7691654279040523,10.125,0.7455660040471372,0.6213942784589136,normal_flow,4087170.csv
4087170,2021-09-04,nighttime,6,-0.8675360628687985,0.02515788983260189,-1.6565774155991544,10.125,0.7455660040471372,0.6213942784589136,normal_flow,4087170.csv
4087170,2021-09-05,daytime,6,-0.1738395228967719,0.7418674464671169,-0.12752487187216635,15.5234375,0.5611236757528866,0.6020672142205293,normal_flow,4087170.csv
4087170,2021-09-05,nighttime,6,-0.3224876511315667,0.533037604649672,-0.7225501770956244,15.5234375,0.5611236757528866,0.6020672142205293,normal_flow,4087170.csv
4087170,2021-09-06,daytime,6,0.7366692678955248,0.0948845304226488,1.3238636363635452,18.9296875,0.4750624925604095,0.583613061937071,normal_flow,4087170.csv
4087170,2021-09-06,nighttime,6,0.34306907334333697,0.5055853855545598,0.24865831842574856,18.9296875,0.4750624925604095,0.583613061937071,normal_flow,4087170.csv
4087170,2021-09-07,daytime,6,-0.5364564498702401,0.27250752508564374,-0.7239079379990399,16.734375,0.5293417450303536,0.5288973534896639,normal_flow,4087170.csv
4087170,2021-09-07,nighttime,6,0.9190442014765248,0.00956547624335152,2.8705357142853516,16.734375,0.5293417450303536,0.5288973534896639,normal_flow,4087170.csv
4087170,2021-09-08,daytime,6,-0.91921478105432,0.00952576506794779,-0.5106702735196976,27.9453125,0.31597428877514583,0.4733999920644368,normal_flow,4087170.csv
4087170,2021-09-08,nighttime,6,-0.63421162754613,0.17623025072013568,-0.42511520737332376,27.9453125,0.31597428877514583,0.4733999920644368,normal_flow,4087170.csv
4087170,2021-09-09,daytime,6,0.8306576226640058,0.04058715894816438,1.2215954875102084,37.859375,0.21062968694203071,0.41978335912391385,normal_flow,4087170.csv
4087170,2021-09-09,nighttime,6,-0.9113519350817084,0.01143939962402157,-0.30919944895146745,37.859375,0.21062968694203071,0.41978335912391385,normal_flow,4087170.csv
4087170,2021-09-10,daytime,6,-0.5852294277854154,0.22237449090277356,-0.9676800000000394,29.9765625,0.29014403047256276,0.3685037495536246,normal_flow,4087170.csv
4087170,2021-09-10,nighttime,6,-0.7214449697498337,0.10558241033380752,-1.754704737183733,29.9765625,0.29014403047256276,0.3685037495536246,normal_flow,4087170.csv
4087170,2021-09-11,daytime,6,0.7767499491104493,0.06919742123967135,1.7278382581649845,22.578125,0.4010832043804309,0.32059278657302703,normal_flow,4087170.csv
4087170,2021-09-11,nighttime,6,-0.16015521551476472,0.761821142787535,-0.24481327800828329,22.578125,0.4010832043804309,0.32059278657302703,normal_flow,4087170.csv
4087170,2021-09-12,daytime,6,-0.483460494038492,0.3313098484153789,-1.4572538860102058,17.546875,0.507856207594334,0.28411300242034676,normal_flow,4087170.csv
4087170,2021-09-12,nighttime,6,-0.6926492873876278,0.12717983118273118,-0.12576312576312418,17.546875,0.507856207594334,0.28411300242034676,normal_flow,4087170.csv
4087170,2021-09-13,daytime,6,-0.9031793488014574,0.01360754780980667,-1.3639575971730624,16.2578125,0.542137840733246,0.26626988850533667,normal_flow,4087170.csv
4087170,2021-09-13,nighttime,6,-0.9414892197123104,0.00503511095285363,-4.956250000000424,16.2578125,0.542137840733246,0.26626988850533667,normal_flow,4087170.csv
4087170,2021-09-14,daytime,6,-0.3904785654040634,0.44405097062517856,-0.5120720720720828,151.03125,0.01184382811570051,0.2600801491885887,normal_flow,4087170.csv
4087170,2021-09-14,nighttime,6,-0.36404023541080965,0.478061916314217,-0.42281879194609145,151.03125,0.01184382811570051,0.2600801491885887,normal_flow,4087170.csv
4087170,2021-09-15,daytime,6,-0.6487197157896629,0.16342314329739746,-0.5253764640268669,196.8203125,0.0061302225925485,0.23525770741578383,high_flow,4087170.csv
4087170,2021-09-15,nighttime,6,0.11217955056184808,0.8324365219995457,0.09727626459157444,196.8203125,0.0061302225925485,0.23525770741578383,high_flow,4087170.csv
4087170,2021-09-16,daytime,6,-0.37827609622241454,0.4596501494977802,-1.0285528877352867,120.953125,0.01856921795024401,0.21949767884775623,high_flow,4087170.csv
4087170,2021-09-16,nighttime,6,-0.6486866547869607,0.16345186591187397,-0.6080843585238483,120.953125,0.01856921795024401,0.21949767884775623,high_flow,4087170.csv
4087170,2021-09-17,daytime,6,0.9131564367741803,0.01098522812380862,0.7072649572649496,70.8984375,0.06790858231162956,0.2150418600960203,high_flow,4087170.csv
4087170,2021-09-17,nighttime,6,-0.6367646119574393,0.17394729174325269,-0.7731092436975106,70.8984375,0.06790858231162956,0.2150418600960203,high_flow,4087170.csv
4087170,2021-09-18,daytime,6,0.892452442844257,0.01672774239942997,5.496774193549833,51.8203125,0.12552077133674563,0.2115343411498631,high_flow,4087170.csv
4087170,2021-09-18,nighttime,6,-0.4508724466219974,0.36951934984557094,-0.21232737611694433,51.8203125,0.12552077133674563,0.2115343411498631,high_flow,4087170.csv
4087170,2021-09-19,daytime,6,0.7699742980810591,0.07328219563977259,0.529481132075437,39.4765625,0.1983692417569337,0.2028607705431893,high_flow,4087170.csv
4087170,2021-09-19,nighttime,6,-0.974311140362956,9.81400000041468e-4,-3.838830118232998,39.4765625,0.1983692417569337,0.2028607705431893,high_flow,4087170.csv
4087170,2021-09-20,daytime,6,-0.7042044239472339,0.11830221388131144,-1.0781685236769587,29.6640625,0.2934769670277348,0.18679125500932428,high_flow,4087170.csv
4087170,2021-09-20,nighttime,6,-0.9290059974057192,0.00738131245208791,-1.9479305740989,29.6640625,0.2934769670277348,0.18679125500932428,high_flow,4087170.csv
4087170,2021-09-22,daytime,6,-0.6334204139633219,0.17694029829012645,-0.8395225464191042,45.46875,0.15700511843828116,0.20070229734555411,high_flow,4087170.csv
4087170,2021-09-22,nighttime,6,-0.9956291760780814,2.861440230214147e-5,-0.36942861318135223,45.46875,0.15700511843828116,0.20070229734555411,high_flow,4087170.csv
4087170,2021-09-24,daytime,6,-0.8445382873905762,0.03437389004979777,-2.0563327032135086,47.9375,0.1437924056659921,0.26952743720985595,normal_flow,4087170.csv
4087170,2021-09-24,nighttime,6,-0.8503514023168162,0.03191638624889652,-0.42258465194147454,47.9375,0.1437924056659921,0.26952743720985595,normal_flow,4087170.csv
4087170,2021-09-29,daytime,6,-0.6434698471371804,0.1680106825091028,-0.560858910024484,21.3984375,0.42405665992143793,0.3279490536840852,normal_flow,4087170.csv
4087170,2021-09-29,nighttime,6,-0.01654729074769002,0.975181329308728,-0.10969387755164642,21.3984375,0.42405665992143793,0.3279490536840852,normal_flow,4087170.csv
4087170,2021-09-30,daytime,6,-0.891821919846701,0.01692076870786292,-1.606873428332352,17.921875,0.4988691822402095,0.327814149109233,normal_flow,4087170.csv
4087170,2021-09-30,nighttime,6,-0.9065577823832168,0.0126892291161021,-1.578326180257353,17.921875,0.4988691822402095,0.327814149109233,normal_flow,4087170.csv
4087170,2021-10-02,daytime,6,0.319779737850318,0.5366805842403877,0.10271764163978986,13.3359375,0.6294488751339127,0.3289529024322501,normal_flow,4087170.csv
4087170,2021-10-02,nighttime,6,-0.473194925015236,0.3431849635069427,-1.3830275229358029,13.3359375,0.6294488751339127,0.3289529024322501,normal_flow,4087170.csv
4087170,2021-10-05,daytime,6,-0.5380055342784712,0.270854537402557,-0.28944995491433223,63.90625,0.08451374836329008,0.3116811490695552,normal_flow,4087170.csv
4087170,2021-10-05,nighttime,6,-0.8247969444818236,0.04335513980402527,-0.5558270676692046,63.90625,0.08451374836329008,0.3116811490695552,normal_flow,4087170.csv
4087170,2021-10-07,daytime,6,-0.6149788604647842,0.19382390396400495,-0.21216041397147897,45.859375,0.15498154981549817,0.2628099829385391,normal_flow,4087170.csv
4087170,2021-10-07,nighttime,6,-0.8782786821303532,0.02132240249148685,-1.067362748400094,45.859375,0.15498154981549817,0.2628099829385391,normal_flow,4087170.csv
4087170,2021-10-08,daytime,6,-0.7863949540792498,0.06356758239815222,-0.63622484385838,53.75,0.1168313296036186,0.23332142998849345,high_flow,4087170.csv
4087170,2021-10-08,nighttime,6,0.19509295222267808,0.7110733134560194,0.06108597285067563,53.75,0.1168313296036186,0.23332142998849345,high_flow,4087170.csv
4087170,2021-10-10,daytime,6,0.16215793514750446,0.7588950846170028,0.3687002652522191,39.21875,0.2003332936555172,0.17687973653930086,high_flow,4087170.csv
4087170,2021-10-10,nighttime,6,-0.7232885047544247,0.10426008135138344,-0.7025289327046835,39.21875,0.2003332936555172,0.17687973653930086,high_flow,4087170.csv
4087170,2021-10-11,daytime,6,0.02542877947021459,0.9618650522092912,0.03684210526312406,34.3515625,0.24193548387096775,0.15142641748998134,high_flow,4087170.csv
4087170,2021-10-11,nighttime,6,-0.9493293201193246,0.00378622776309985,-0.8750000000000834,34.3515625,0.24193548387096775,0.15142641748998134,high_flow,4087170.csv
4087170,2021-10-13,daytime,6,-0.9179478194488626,0.00982262987177924,-0.5473145780051254,147.34375,0.01237947863349601,0.17349918660476926,high_flow,4087170.csv
4087170,2021-10-13,nighttime,6,-0.8461661785064569,0.03367704021031076,-0.6001428061406314,147.34375,0.01237947863349601,0.17349918660476926,high_flow,4087170.csv
4087170,2021-10-14,daytime,6,-0.8407769665212673,0.03600965245171546,-0.2939006898435925,126.421875,0.01720033329365551,0.2047295956830536,high_flow,4087170.csv
4087170,2021-10-14,nighttime,6,-0.3834795815186589,0.4529772274113489,-0.06684390429167665,126.421875,0.01720033329365551,0.2047295956830536,high_flow,4087170.csv
4087170,2021-10-16,daytime,6,-0.9620738780272458,0.00213030980074309,-0.31934242742218905,51.9765625,0.12474705392215212,0.2040431694639527,high_flow,4087170.csv
4087170,2021-10-16,nighttime,6,-0.8159036835830193,0.04771753468367367,-0.1847565841979172,51.9765625,0.12474705392215212,0.2040431694639527,high_flow,4087170.csv
4087170,2021-10-17,daytime,6,-0.7721225372228072,0.07197558089080502,-0.22356495468275817,37.2578125,0.2162837757409832,0.2061183192477086,high_flow,4087170.csv
4087170,2021-10-17,nighttime,6,-0.38441261779840374,0.4517839878586272,-0.18039828192110316,37.2578125,0.2162837757409832,0.2061183192477086,high_flow,4087170.csv
4087170,2021-10-20,daytime,6,-0.9344462734362295,0.0063050848778306,-2.647058823528622,18.984375,0.47339602428282346,0.18682299726223067,high_flow,4087170.csv
4087170,2021-10-20,nighttime,6,-0.9691894950712364,0.00140930681175571,-0.980769230769274,18.984375,0.47339602428282346,0.18682299726223067,high_flow,4087170.csv
4087170,2021-10-21,daytime,6,-0.9501108639185588,0.0036713036669941,-1.499682942295692,16.234375,0.542733007975241,0.1918382732214419,high_flow,4087170.csv
4087170,2021-10-21,nighttime,6,0.7650623551228976,0.07630977194263659,2.2368421052625593,16.234375,0.542733007975241,0.1918382732214419,high_flow,4087170.csv
4087170,2021-10-23,daytime,6,-0.7167351517227155,0.10899402096813454,-0.6778085224129526,63.796875,0.08498988215688609,0.1991112169186208,high_flow,4087170.csv
4087170,2021-10-23,nighttime,6,-0.8433023965956521,0.03490742100836332,-3.6930693069302407,63.796875,0.08498988215688609,0.1991112169186208,high_flow,4087170.csv
4087170,2021-10-24,daytime,6,-0.6268940173182443,0.1828424287874995,-0.999999999999683,45.890625,0.15474348291870016,0.1935126770622545,high_flow,4087170.csv
4087170,2021-10-24,nighttime,6,-0.078167321935281725,0.8829878233550067,-0.04419087136927539,45.890625,0.15474348291870016,0.1935126770622545,high_flow,4087170.csv
4087170,2021-10-30,daytime,6,0.4861850271723814,0.3281836662189616,0.3838582677167043,89.3671875,0.03975717176526604,0.18333928500575328,high_flow,4087170.csv
4087170,2021-10-30,nighttime,6,-0.8315218406201236,0.04018621825550687,-1.2571428571424117,89.3671875,0.03975717176526604,0.18333928500575328,high_flow,4087170.csv
4087170,2021-11-01,daytime,6,0.4618690217177394,0.35646010851817933,0.34506353861201394,57.84375,0.10344006665873112,0.25236281395072013,normal_flow,4087170.csv
4087170,2021-11-01,nighttime,6,-0.8532407259907745,0.03072695526269421,-1.984918032787587,57.84375,0.10344006665873112,0.25236281395072013,normal_flow,4087170.csv
4087170,2021-11-02,daytime,6,0.3071475584168879,0.5537667547528149,0.2830188679245058,39.6875,0.1964051898583502,0.2869975796532159,normal_flow,4087170.csv
4087170,2021-11-02,nighttime,6,-0.48604099145324914,0.3283486650710363,-0.5583756345177043,39.6875,0.1964051898583502,0.2869975796532159,normal_flow,4087170.csv
4087170,2021-11-03,daytime,6,-0.09065968278312474,0.8643830498641542,-0.3000000000028973,29.4765625,0.2960957028925128,0.33402372733404756,normal_flow,4087170.csv
4087170,2021-11-03,nighttime,6,-0.6111295114881434,0.19742783767892985,-0.5663909447105743,29.4765625,0.2960957028925128,0.33402372733404756,normal_flow,4087170.csv
4087170,2021-11-04,daytime,6,-0.1383810726472564,0.793753342837813,-0.35384615384667134,23.53125,0.3848351386739674,0.381391104233623,normal_flow,4087170.csv
4087170,2021-11-04,nighttime,6,-0.9818172832265606,4.929110790864212e-4,-1.5907258064514156,23.53125,0.3848351386739674,0.381391104233623,normal_flow,4087170.csv
4087170,2021-11-06,daytime,6,0.9354143466934955,0.0061222566381699,0.6562499999999978,16.53125,0.534757766932508,0.4028766416696425,normal_flow,4087170.csv
4087170,2021-11-06,nighttime,6,-0.9543272208156076,0.00308136736595757,-1.942857142857042,16.53125,0.534757766932508,0.4028766416696425,normal_flow,4087170.csv
4087170,2021-11-09,daytime,6,0.9363247258351776,0.00595272381970061,1.8846153846145717,11.390625,0.7006903940007142,0.440233305558862,normal_flow,4087170.csv
4087170,2021-11-09,nighttime,6,0.13649613360181234,0.7965273426032958,0.07786170830910727,11.390625,0.7006903940007142,0.440233305558862,normal_flow,4087170.csv
4087170,2021-11-10,daytime,6,-0.5891649892988898,0.21850663198291853,-0.4750000000001548,10.6796875,0.7246756338531127,0.45036305201761695,normal_flow,4087170.csv
4087170,2021-11-10,nighttime,6,-0.3155026436132899,0.5424489037397643,-0.7254901960787086,10.6796875,0.7246756338531127,0.45036305201761695,normal_flow,4087170.csv
4087170,2021-11-12,daytime,6,-0.5665089317108264,0.24114212939115165,-0.14860907759879885,24.75,0.3641828353767408,0.4616236162361624,normal_flow,4087170.csv
4087170,2021-11-12,nighttime,6,0.337089320427898,0.5135176159389724,0.16147308781876463,24.75,0.3641828353767408,0.4616236162361624,normal_flow,4087170.csv
4087170,2021-11-13,daytime,6,0.43502175163157625,0.3886299842900882,0.2871287128713927,40.7421875,0.18878704916081415,0.46139348490259097,normal_flow,4087170.csv
4087170,2021-11-13,nighttime,6,-0.8622561858978376,0.02715330611421976,-0.6395061728395055,40.7421875,0.18878704916081415,0.46139348490259097,normal_flow,4087170.csv
4087170,2021-11-16,daytime,6,-0.8867330217253069,0.01851753839180145,-0.5647425897035606,33.359375,0.2525889775026783,0.45923897948656905,normal_flow,4087170.csv
4087170,2021-11-16,nighttime,6,-0.5401184510609505,0.26860614526829424,-0.4599999999999984,33.359375,0.2525889775026783,0.45923897948656905,normal_flow,4087170.csv
4087170,2021-11-17,daytime,6,0.7156980531559886,0.10975167387897428,0.8025751072959573,25.75,0.34835138673967386,0.4588263301987859,normal_flow,4087170.csv
4087170,2021-11-17,nighttime,6,-0.9409894213594852,0.00512062784095669,-1.394904458598622,25.75,0.34835138673967386,0.4588263301987859,normal_flow,4087170.csv
4087170,2021-11-26,daytime,6,-0.7717081694267625,0.07222677894005547,-0.19851116625328005,10.734375,0.7227115819545292,0.6390866166726183,normal_flow,4087170.csv
4087170,2021-11-26,nighttime,6,-0.9374494784304256,0.00574648504626229,-0.25420168067219856,10.734375,0.7227115819545292,0.6390866166726183,normal_flow,4087170.csv
4087170,2021-11-27,daytime,6,-0.4909008113228127,0.32279830700304246,-0.02868852459022611,10.8671875,0.7175931436733722,0.6431456572630242,normal_flow,4087170.csv
4087170,2021-11-27,nighttime,6,-0.9197273884019472,0.00940691225963658,-0.6657534246576021,10.8671875,0.7175931436733722,0.6431456572630242,normal_flow,4087170.csv
4087170,2021-11-30,daytime,6,-0.9389316495448377,0.00548014271527833,-0.5470123022846193,10.46875,0.7319366742054517,0.5932508034757767,normal_flow,4087170.csv
4087170,2021-11-30,nighttime,6,-0.8026943265142643,0.05455378473632652,-0.5249999999999854,10.46875,0.7319366742054517,0.5932508034757767,normal_flow,4087170.csv
4087170,2021-12-01,daytime,6,0.3775059944714836,0.4606403443751,0.3965517241378396,13.515625,0.6234376859897631,0.5707495139467523,normal_flow,4087170.csv
4087170,2021-12-01,nighttime,6,-0.9739809665836824,0.00100667783586301,-0.8668316831682096,13.515625,0.6234376859897631,0.5707495139467523,normal_flow,4087170.csv
4087170,2021-12-03,daytime,6,0.829156197589157,0.04128814653774825,0.45833333333342774,14.21875,0.5998095464825616,0.538368448200611,normal_flow,4087170.csv
4087170,2021-12-03,nighttime,6,-0.946689184407315,0.0041873087720193,-0.9675675675674884,14.21875,0.5998095464825616,0.538368448200611,normal_flow,4087170.csv
4087170,2021-12-04,daytime,6,-0.5518845640241528,0.25621870829110927,-0.6838235294118644,18.5625,0.48393048446613496,0.5090147998254176,normal_flow,4087170.csv
4087170,2021-12-04,nighttime,6,-0.06370589892978672,0.9045704249391876,-0.05681818181821342,18.5625,0.48393048446613496,0.5090147998254176,normal_flow,4087170.csv
4087170,2021-12-07,daytime,6,-0.983937293065505,3.849436571372443e-4,-0.4906077348066654,39.65625,0.1966432567551482,0.3624330436852756,normal_flow,4087170.csv
4087170,2021-12-07,nighttime,6,-0.9017063468657924,0.01401762431386131,-0.2177130044842077,39.65625,0.1966432567551482,0.3624330436852756,normal_flow,4087170.csv
4087170,2022-03-09,daytime,6,-0.543746085761687,0.2647628024127512,-0.17455621301768026,102.21875,0.02737769313177002,0.2159584176486926,high_flow,4087170.csv
4087170,2022-03-09,nighttime,6,-0.7992197256106686,0.05642207852645962,-1.063962558502241,102.21875,0.02737769313177002,0.2159584176486926,high_flow,4087170.csv
4087170,2022-03-11,daytime,6,0.8485878016092676,0.03265286890994155,1.1950146627566405,44.8125,0.16093322223544815,0.18031583541641868,high_flow,4087170.csv
4087170,2022-03-11,nighttime,6,-0.627036187593019,0.18271300093050313,-0.2440392706872329,44.8125,0.16093322223544815,0.18031583541641868,high_flow,4087170.csv
4087170,2022-03-12,daytime,6,-0.5455302937624886,0.26288036757841426,-0.6097560975611318,33.125,0.25443399595286276,0.16229813911042337,high_flow,4087170.csv
4087170,2022-03-12,nighttime,6,0.8270582411605955,0.04227703319510958,0.07600281491924667,33.125,0.25443399595286276,0.16229813911042337,high_flow,4087170.csv
4087170,2022-03-16,daytime,6,-0.16955074683509974,0.7481109560435595,-0.1588502269287815,50.15625,0.1327222949648851,0.14017775661627585,high_flow,4087170.csv
4087170,2022-03-16,nighttime,6,-0.5573106232150732,0.2505830481198615,-8.299999999999386,50.15625,0.1327222949648851,0.14017775661627585,high_flow,4087170.csv
4087170,2022-03-17,daytime,6,0.941597150078396,0.00501673638599366,0.4410674573758639,60.03125,0.0963575764789906,0.13921755346585724,high_flow,4087170.csv
4087170,2022-03-17,nighttime,6,-0.2925965113862053,0.5736302242987845,-1.243902439024422,60.03125,0.0963575764789906,0.13921755346585724,high_flow,4087170.csv
4087170,2022-03-19,daytime,6,-0.8396070032420309,0.03652574194049991,-0.3524699599465074,98.375,0.03029401261754553,0.12570328929095742,high_flow,4087170.csv
4087170,2022-03-19,nighttime,6,-0.3377691714233614,0.5126139497028331,-0.6011560693643011,98.375,0.03029401261754553,0.12570328929095742,high_flow,4087170.csv
4087170,2022-03-20,daytime,6,-0.5876486444920448,0.2199936595356425,-0.2434475806452225,132.3125,0.01577193191286751,0.11474030869340952,high_flow,4087170.csv
4087170,2022-03-20,nighttime,6,-0.09701425001454766,0.8549351626253059,-0.0399999999999903,132.3125,0.01577193191286751,0.11474030869340952,high_flow,4087170.csv
4087170,2022-03-23,daytime,6,-0.6531460396104705,0.15959690888259587,-0.31994981179415355,61.875,0.0907034876800381,0.1010633654723644,high_flow,4087170.csv
4087170,2022-03-23,nighttime,6,-0.5416746865942222,0.2669547520792742,-0.4756911344136928,61.875,0.0907034876800381,0.1010633654723644,high_flow,4087170.csv
4087170,2022-03-24,daytime,6,-0.5410017808003722,0.2676683211116654,-0.3999999999998221,144.53125,0.01297464587549101,0.0937150339245328,high_flow,4087170.csv
4087170,2022-03-24,nighttime,6,-0.9644297297884992,0.00187536364671091,-0.6129032258065003,144.53125,0.01297464587549101,0.0937150339245328,high_flow,4087170.csv
4087170,2022-03-26,daytime,6,-0.9513918258996572,0.00348670729083562,-0.6586956521738492,98.03125,0.03059159623854303,0.08243066301630758,high_flow,4087170.csv
4087170,2022-03-26,nighttime,6,0.7178167605977045,0.10820631479800624,0.3246849518160694,98.03125,0.03059159623854303,0.08243066301630758,high_flow,4087170.csv
4087170,2022-03-27,daytime,6,-0.9930312739844362,7.267550180349075e-5,-1.3148148148149867,62.09375,0.08998928698964409,0.08119271515295799,high_flow,4087170.csv
4087170,2022-03-27,nighttime,6,-0.2621277545052992,0.6158138930277234,-0.01873935264058066,62.09375,0.08998928698964409,0.08119271515295799,high_flow,4087170.csv
4087170,2022-03-30,daytime,6,-0.9378710805176492,0.00567009505757842,-3.2272727272733293,25.125,0.3591834305439829,0.07686386541284768,high_flow,4087170.csv
4087170,2022-03-30,nighttime,6,0.8520719382117296,0.03120553364984867,0.5672082717873792,25.125,0.3591834305439829,0.07686386541284768,high_flow,4087170.csv
4087170,2022-04-07,daytime,6,-0.6893123494841213,0.12979537940876593,-0.6363636363635965,168.15625,0.00904654207832401,0.06911478792207276,high_flow,4087170.csv
4087170,2022-04-07,nighttime,6,0.32885284285877464,0.5245024982429128,0.5046728971962026,168.15625,0.00904654207832401,0.06911478792207276,high_flow,4087170.csv
4087170,2022-04-10,daytime,6,0.422178281472834,0.4043559455297463,0.410714285713868,65.9375,0.07993096059992857,0.07750664603420228,high_flow,4087170.csv
4087170,2022-04-10,nighttime,6,0.4116134845021131,0.4174487165135829,6.607142857142831,65.9375,0.07993096059992857,0.07750664603420228,high_flow,4087170.csv
4087170,2022-04-13,daytime,6,0.19820312810310373,0.706588461255291,0.34148397976378575,26.125,0.3425782644923223,0.1077609808356148,high_flow,4087170.csv
4087170,2022-04-13,nighttime,6,0.9014817684098582,0.01408066174069126,0.7751252086811279,26.125,0.3425782644923223,0.1077609808356148,high_flow,4087170.csv
4087170,2022-04-14,daytime,6,-0.9248759196900054,0.0082534550030216609,-1.0509708737863463,87.84375,0.04178074038804904,0.11754949807562592,high_flow,4087170.csv
4087170,2022-04-14,nighttime,6,0.7483167944761686,0.0870452885690414,0.11448439620077848,87.84375,0.04178074038804904,0.11754949807562592,high_flow,4087170.csv
4087170,2022-04-16,daytime,6,0.6226812344431495,0.18669484353978652,0.46043165467665587,91.15625,0.03767408641828353,0.12169979764313772,high_flow,4087170.csv
4087170,2022-04-16,nighttime,6,-0.7528129615200775,0.08410040697816086,-2.6597789524268887,91.15625,0.03767408641828353,0.12169979764313772,high_flow,4087170.csv
4087170,2022-04-17,daytime,6,-0.6997891286970712,0.12166136323209378,-0.6538403727641356,58.96875,0.0996309963099631,0.12008094274491132,high_flow,4087170.csv
4087170,2022-04-17,nighttime,6,0.2426168804011549,0.6432152521279006,0.4975320829221616,58.96875,0.0996309963099631,0.12008094274491132,high_flow,4087170.csv
4087170,2022-04-18,daytime,6,-0.11756564298642344,0.8244640128926898,-0.04546787914347966,41.40625,0.18426377812165215,0.11656945601714082,high_flow,4087170.csv
4087170,2022-04-18,nighttime,6,-0.9166244235494412,0.01013743801527368,-0.41462536023059554,41.40625,0.18426377812165215,0.11656945601714082,high_flow,4087170.csv
4087170,2022-04-20,daytime,6,0.9580443527931232,0.00260348773242436,5.632911392404894,43.78125,0.16724199500059517,0.10520176169503632,high_flow,4087170.csv
4087170,2022-04-20,nighttime,6,0.8308863945599413,0.04048084251748971,1.2126537785591387,43.78125,0.16724199500059517,0.10520176169503632,high_flow,4087170.csv
4087170,2022-04-21,daytime,6,0.8992154626507946,0.01472442382653323,0.4472777394900426,43.1875,0.17117009879776218,0.0992302503670198,high_flow,4087170.csv
4087170,2022-04-21,nighttime,6,0.6733571318134217,0.14261767259011607,4.158415841584083,43.1875,0.17117009879776218,0.0992302503670198,high_flow,4087170.csv
4087170,2022-04-23,daytime,6,0.839972985109327,0.03636393069526474,0.34839108910890326,227.78125,0.003690036900369,0.14676427409435386,high_flow,4087170.csv
4087170,2022-04-23,nighttime,6,-0.6196344797817624,0.18950164559778057,-0.21341463414641085,227.78125,0.003690036900369,0.14676427409435386,high_flow,4087170.csv
4087170,2022-04-24,daytime,6,-0.16316037161091224,0.757431213743998,-0.26247288503286137,182.53125,0.0073205570765385,0.14638733484109034,high_flow,4087170.csv
4087170,2022-04-24,nighttime,6,0.27278788193572034,0.6009676905959014,0.10165060643825764,182.53125,0.0073205570765385,0.14638733484109034,high_flow,4087170.csv
4087170,2022-04-27,daytime,6,-0.13600354538998036,0.7972525082808933,-0.05483028720612633,44.96875,0.16004047137245567,0.12081101456175852,high_flow,4087170.csv
4087170,2022-04-27,nighttime,6,-0.9145646564872107,0.01063699214084185,-3.741258741259269,44.96875,0.16004047137245567,0.12081101456175852,high_flow,4087170.csv
4087170,2022-04-28,daytime,6,0.07029605488928958,0.8947296028855685,0.6428571428579708,33.3125,0.2530055945720748,0.1106653969765504,high_flow,4087170.csv
4087170,2022-04-28,nighttime,6,0.4161376255993459,0.4118249468249279,0.16317991631797654,33.3125,0.2530055945720748,0.1106653969765504,high_flow,4087170.csv
4087170,2022-04-30,daytime,6,0.9013712052288314,0.01411174607395809,4.067331670823052,20.96875,0.43250803475776695,0.10513034162599692,high_flow,4087170.csv
4087170,2022-04-30,nighttime,6,-0.9177335057740434,0.0098732835027597,-1.0167832167833497,20.96875,0.43250803475776695,0.10513034162599692,high_flow,4087170.csv
4087170,2022-05-01,daytime,6,0.5797254553897381,0.22782934727073403,2.8590604026847153,96.65625,0.03201999761933103,0.11909693290481292,high_flow,4087170.csv
4087170,2022-05-01,nighttime,6,-0.961998221620157,0.00213876288789503,-2.666666666666816,96.65625,0.03201999761933103,0.11909693290481292,high_flow,4087170.csv
4087170,2022-05-03,daytime,6,0.6638659015804117,0.1504899523534291,0.8529411764707351,93.03125,0.03541245089870253,0.16522636194103876,high_flow,4087170.csv
4087170,2022-05-03,nighttime,6,0.40160452463695673,0.4299798457224449,0.4316109422491269,93.03125,0.03541245089870253,0.16522636194103876,high_flow,4087170.csv
4087170,2022-05-07,daytime,6,0.8149115048529488,0.04821626876053069,1.7662565905093262,54.15625,0.11498631115343412,0.2233107169781375,high_flow,4087170.csv
4087170,2022-05-07,nighttime,6,0.6614576000830983,0.15251610067007818,6.46666666666574,54.15625,0.11498631115343412,0.2233107169781375,high_flow,4087170.csv
4087170,2022-05-08,daytime,6,0.8686132076256632,0.02475970227274898,1.6111001771305695,37.53125,0.2131889060826092,0.23458318454152283,high_flow,4087170.csv
4087170,2022-05-08,nighttime,6,0.9435674320129984,0.00468709353646516,3.2284482758626485,37.53125,0.2131889060826092,0.23458318454152283,high_flow,4087170.csv
4087170,2022-05-09,daytime,6,-0.9781407767516936,7.115160128485503e-4,-2.122657020716776,28.5,0.3084156648018093,0.27681228425187476,normal_flow,4087170.csv
4087170,2022-05-09,nighttime,6,0.7833211266946781,0.06533809345791557,2.439688715953481,28.5,0.3084156648018093,0.27681228425187476,normal_flow,4087170.csv
4087170,2022-05-11,daytime,6,-0.5157350464002146,0.29498571449699884,-0.1099354187264686,17.15625,0.517616950363052,0.3727611792246955,normal_flow,4087170.csv
4087170,2022-05-11,nighttime,6,0.10009843038709376,0.8503538323289238,0.06668280285616576,17.15625,0.517616950363052,0.3727611792246955,normal_flow,4087170.csv
4087170,2022-05-14,daytime,6,0.9474809897310326,0.00406493947290416,1.4250044587123485,17.625,0.5057731222473515,0.4132642939332619,normal_flow,4087170.csv
4087170,2022-05-14,nighttime,6,0.27400893704823054,0.5992730128972308,0.0803468150945481,17.625,0.5057731222473515,0.4132642939332619,normal_flow,4087170.csv
4087170,2022-05-15,daytime,6,0.8440652938182405,0.03457762337605959,1.2259592069605352,14.15625,0.6015950482085466,0.4122167995873507,normal_flow,4087170.csv
4087170,2022-05-15,nighttime,6,0.06222705062381191,0.9067799020383662,0.06559346468049204,14.15625,0.6015950482085466,0.4122167995873507,normal_flow,4087170.csv
4087170,2022-05-18,daytime,6,-0.7889340107322746,0.06212190399769335,-0.9640063554143372,9.65625,0.7618140697536008,0.4076022695710828,normal_flow,4087170.csv
4087170,2022-05-18,nighttime,6,-0.03571796476302711,0.9464458368631108,-0.03392705682782757,9.65625,0.7618140697536008,0.4076022695710828,normal_flow,4087170.csv
4087170,2022-05-19,daytime,6,-0.9622546657127806,0.00211017730815927,-0.7814959835304651,23.15625,0.39048922747291986,0.38270443994762526,normal_flow,4087170.csv
4087170,2022-05-19,nighttime,6,-0.964162293982704,0.00190349783818873,-0.28272916185637675,23.15625,0.39048922747291986,0.38270443994762526,normal_flow,4087170.csv
4087170,2022-05-21,daytime,6,-0.9903282832920106,1.3986079975393756e-4,-0.920601325904966,51.5625,0.12629448875133914,0.34083640836408363,normal_flow,4087170.csv
4087170,2022-05-21,nighttime,6,-0.992656674622621,8.0688649088267e-5,-0.58357304608605,51.5625,0.12629448875133914,0.34083640836408363,normal_flow,4087170.csv
4087170,2022-05-22,daytime,6,0.11624157633452042,0.8264229696364922,0.03060094156742967,59,0.0992738959647661,0.3099273895964766,normal_flow,4087170.csv
4087170,2022-05-22,nighttime,6,-0.9213157739884256,0.00904323595248123,-0.5157187425006243,59,0.0992738959647661,0.3099273895964766,normal_flow,4087170.csv
4087170,2022-05-23,daytime,6,0.6972198250534714,0.12363493893096009,0.7220543806648104,41.8125,0.18093084156648015,0.27756219497678847,normal_flow,4087170.csv
4087170,2022-05-23,nighttime,6,-0.6135482212208977,0.19516014991348268,-0.4982864976011688,41.8125,0.18093084156648015,0.27756219497678847,normal_flow,4087170.csv
4087170,2022-05-25,daytime,6,-0.00253496215856702,0.9961975649070248,-2.474022761049742e-4,22.8125,0.3964408998928699,0.22285045431099473,normal_flow,4087170.csv
4087170,2022-05-25,nighttime,6,-0.9511600286495596,0.00351976416522434,-0.4715273412947914,22.8125,0.3964408998928699,0.22285045431099473,normal_flow,4087170.csv
4087170,2022-05-26,daytime,6,-0.558617475242993,0.2492330517233039,-0.6301369863014956,47.90625,0.14414950601118914,0.200515811609729,normal_flow,4087170.csv
4087170,2022-05-26,nighttime,6,0.29607045363540563,0.5688707490495353,1.3669902912621272,47.90625,0.14414950601118914,0.200515811609729,normal_flow,4087170.csv
4087170,2022-05-27,daytime,6,-0.44508137171975687,0.376462679792597,-0.7901804448175604,92.96875,0.03547196762290203,0.2083164702614768,normal_flow,4087170.csv
4087170,2022-05-27,nighttime,6,0.9307967984894684,0.00701791470757484,0.8255227108867225,92.96875,0.03547196762290203,0.2083164702614768,normal_flow,4087170.csv
4087170,2022-05-28,daytime,6,0.9720930080093888,0.0011573333174468,0.9807890931625798,124.125,0.01761695036305202,0.2367853033369043,normal_flow,4087170.csv
4087170,2022-05-28,nighttime,6,0.4366742384618597,0.3866221228191997,0.6582278481011928,124.125,0.01761695036305202,0.2367853033369043,normal_flow,4087170.csv
4087170,2022-05-29,daytime,6,0.7413141642600061,0.09172212626870845,0.21152764281695496,87.46875,0.04213784073324604,0.26857120184105066,normal_flow,4087170.csv
4087170,2022-05-29,nighttime,6,-0.888716010487859,0.01788711199075479,-0.4576768354006049,87.46875,0.04213784073324604,0.26857120184105066,normal_flow,4087170.csv
4087170,2022-05-30,daytime,6,0.9550610042384972,0.00298389255936408,0.9642416769421006,53.90625,0.11611712891322462,0.2726738880292029,normal_flow,4087170.csv
4087170,2022-05-30,nighttime,6,0.9415476271320632,0.00502516331727436,1.0857773667093944,53.90625,0.11611712891322462,0.2726738880292029,normal_flow,4087170.csv
4087170,2022-05-31,daytime,6,-0.9843790198023528,3.641166565870115e-4,-0.6401847862114931,35.625,0.23092488989406024,0.26125064476451215,normal_flow,4087170.csv
4087170,2022-05-31,nighttime,6,0.6427713617459553,0.16862506590851872,0.2987364620938419,35.625,0.23092488989406024,0.26125064476451215,normal_flow,4087170.csv
4087170,2022-06-02,daytime,6,-0.7252047630635031,0.10289340638352314,-0.3925416435766221,21.25,0.4267944292346149,0.2160099988096655,high_flow,4087170.csv
4087170,2022-06-02,nighttime,6,-0.9753250990909588,9.057644365308426e-4,-0.5820598984522519,21.25,0.4267944292346149,0.2160099988096655,high_flow,4087170.csv
4087170,2022-06-04,daytime,6,0.09475354150547972,0.8582950474581307,0.07054326421867685,14.375,0.5949886918224021,0.2046462722691743,high_flow,4087170.csv
4087170,2022-06-04,nighttime,6,-0.8177539960299793,0.04679388546246164,-0.36060333633002967,14.375,0.5949886918224021,0.2046462722691743,high_flow,4087170.csv
4087170,2022-06-05,daytime,6,-0.9108970734388808,0.01155528844587059,-0.5291351311631881,14.125,0.6030829663135341,0.205197793913423,high_flow,4087170.csv
4087170,2022-06-05,nighttime,6,-0.9346459999785668,0.00626714976257399,-0.38510175348777054,14.125,0.6030829663135341,0.205197793913423,high_flow,4087170.csv
4087170,2022-06-06,daytime,6,-0.8373801494723462,0.0375175651593388,-0.30942876806607356,44.84375,0.16081418878704917,0.2078919176288537,high_flow,4087170.csv
4087170,2022-06-06,nighttime,6,-0.9660291426435488,0.00171142721434085,-2.1661298228414405,44.84375,0.16081418878704917,0.2078919176288537,high_flow,4087170.csv
4087170,2022-06-08,daytime,6,-0.768084173721662,0.07444063510178166,-1.0402684563757458,161.28125,0.00987977621711701,0.1977185255723525,high_flow,4087170.csv
4087170,2022-06-08,nighttime,6,-0.9994322823871576,4.833634432705032e-7,-0.8667641699434031,161.28125,0.00987977621711701,0.1977185255723525,high_flow,4087170.csv
4087170,2022-06-09,daytime,6,-0.8918624542155833,0.01690832764521743,-0.5508670520231521,314.59375,0.001071301035591,0.19060826092131888,high_flow,4087170.csv
4087170,2022-06-09,nighttime,6,-0.8740865538956896,0.02278316564368277,-0.6627866313632877,314.59375,0.001071301035591,0.19060826092131888,high_flow,4087170.csv
4087170,2022-06-11,daytime,6,-0.23331415971615385,0.6563790465608842,-0.14954806902215181,181.9375,0.007499107249137,0.18205769154465737,high_flow,4087170.csv
4087170,2022-06-11,nighttime,6,0.8601415708473411,0.02797272828302047,1.2601078167116342,181.9375,0.007499107249137,0.18205769154465737,high_flow,4087170.csv
4087170,2022-06-12,daytime,6,-0.7620570779174859,0.07818946377311185,-0.3834454216244238,104.5625,0.02588977502678252,0.17784390747133275,high_flow,4087170.csv
4087170,2022-06-12,nighttime,6,-0.5383019485500388,0.27053868255943475,-0.31130587204207877,104.5625,0.02588977502678252,0.17784390747133275,high_flow,4087170.csv
4087170,2022-06-14,daytime,6,-0.8876763006980413,0.0182163477910428,-0.4030702063234843,68.0625,0.07469348887037257,0.21067730032139032,high_flow,4087170.csv
4087170,2022-06-14,nighttime,6,-0.943632978262546,0.00467631589913682,-0.74734803062443,68.0625,0.07469348887037257,0.21067730032139032,high_flow,4087170.csv
4087170,2022-06-15,daytime,6,-0.5707865639171871,0.23680051526636753,-0.19178759894459305,53.15625,0.11974764908939411,0.25891758917589175,normal_flow,4087170.csv
4087170,2022-06-15,nighttime,6,-0.6004514271675838,0.20756681337295563,-0.4333070244672469,53.15625,0.11974764908939411,0.25891758917589175,normal_flow,4087170.csv
4087170,2022-06-16,daytime,6,-0.9865670715670728,2.694534066701828e-4,-0.48266901499951054,35.3125,0.23336507558623973,0.309641709320319,normal_flow,4087170.csv
4087170,2022-06-16,nighttime,6,-0.6813266276114378,0.1361480038011653,-0.741088059605581,35.3125,0.23336507558623973,0.309641709320319,normal_flow,4087170.csv
4087170,2022-06-18,daytime,6,-0.601574541506865,0.2064906733680573,-0.24293492351569287,19.875,0.4538150220211879,0.4149783755902075,normal_flow,4087170.csv
4087170,2022-06-18,nighttime,6,-0.2461551463807744,0.6382248405702515,-0.05333834162830628,19.875,0.4538150220211879,0.4149783755902075,normal_flow,4087170.csv
4087170,2022-06-19,daytime,6,-0.8575903385095118,0.02897669712673627,-0.48335509138381166,16.65625,0.531781930722533,0.4324405824703408,normal_flow,4087170.csv
4087170,2022-06-19,nighttime,6,0.5685272202895905,0.2390897633399219,0.17025748817658196,16.65625,0.531781930722533,0.4324405824703408,normal_flow,4087170.csv
4087170,2022-06-22,daytime,6,-0.965412056738786,0.00177379950378597,-0.2205524951393458,10.4375,0.7331865254136413,0.46301233980081735,normal_flow,4087170.csv
4087170,2022-06-22,nighttime,6,-0.6578980756677085,0.15553185840151643,-0.21298465724435645,10.4375,0.7331865254136413,0.46301233980081735,normal_flow,4087170.csv
4087170,2022-06-23,daytime,6,-0.982136191101336,4.758231918938407e-4,-0.28967509716757806,9.40625,0.7707415783835257,0.484089195730667,normal_flow,4087170.csv
4087170,2022-06-23,nighttime,6,-0.5810692263467466,0.22649268732877517,-0.18224964404366853,9.40625,0.7707415783835257,0.484089195730667,normal_flow,4087170.csv
4087170,2022-06-24,daytime,6,-0.9567810366721308,0.00276145429421606,-0.2312444038456376,9.09375,0.7818712058088323,0.5046938856485339,normal_flow,4087170.csv
4087170,2022-06-24,nighttime,6,-0.9332430188312736,0.00653599074127475,-0.3657846328003537,9.09375,0.7818712058088323,0.5046938856485339,normal_flow,4087170.csv
4087170,2022-06-25,daytime,6,-0.42029401706909414,0.4066808257865527,-0.18042210541451323,8.59375,0.8009165575526723,0.5205570765385074,normal_flow,4087170.csv
4087170,2022-06-25,nighttime,6,-0.9456957879324784,0.00434335103860801,-0.4458598726114578,8.59375,0.8009165575526723,0.5205570765385074,normal_flow,4087170.csv
4087170,2022-06-26,daytime,6,-0.6283606299585961,0.18150909362477977,-0.20096183817964688,31.8125,0.26943221045113674,0.5330079752410427,normal_flow,4087170.csv
4087170,2022-06-26,nighttime,6,-0.961040366488421,0.00224721206588803,-0.4746407396740546,31.8125,0.26943221045113674,0.5330079752410427,normal_flow,4087170.csv
4087170,2022-06-27,daytime,6,-0.7419860288524004,0.09126866292228726,-0.326217274284345,54.3125,0.11439114391143912,0.543697178907273,normal_flow,4087170.csv
4087170,2022-06-27,nighttime,6,-0.898867062793139,0.0148246191649313,-0.5456631482331247,54.3125,0.11439114391143912,0.543697178907273,normal_flow,4087170.csv
4087170,2022-06-28,daytime,6,0.45880190923342307,0.3600858517214959,0.2408601003805849,38.484375,0.2054517319366742,0.5429472681823593,normal_flow,4087170.csv
4087170,2022-06-28,nighttime,6,-0.8685080267656721,0.0247984512886355,-0.4413976116762603,38.484375,0.2054517319366742,0.5429472681823593,normal_flow,4087170.csv
4087170,2022-06-29,daytime,6,0.9960479853834262,2.3396767183285223e-5,1.5446916211535298,27.515625,0.3218664444708963,0.5205332698488275,normal_flow,4087170.csv
4087170,2022-06-29,nighttime,6,-0.9565532447562256,0.00279042531799507,-0.950701065619758,27.515625,0.3218664444708963,0.5205332698488275,normal_flow,4087170.csv
4087170,2022-06-30,daytime,6,0.8979126888173895,0.01510076091173798,1.712705909457305,20.8125,0.4359004880371384,0.47955005356505176,normal_flow,4087170.csv
4087170,2022-06-30,nighttime,6,-0.9607858629419446,0.00227647207670563,-1.2617382617382664,20.8125,0.4359004880371384,0.47955005356505176,normal_flow,4087170.csv
4087170,2022-07-01,daytime,6,-0.8514071430719645,0.03147930265522458,-0.7331132258691256,16.25,0.5424354243542435,0.4386025473157958,normal_flow,4087170.csv
4087170,2022-07-01,nighttime,6,-0.32638211567873443,0.5278108004986647,-0.18360989975645065,16.25,0.5424354243542435,0.4386025473157958,normal_flow,4087170.csv
4087170,2022-07-02,daytime,6,0.05151747679063998,0.9227921498043647,0.00774959742350971,14.546875,0.5901678371622426,0.4046978534301472,normal_flow,4087170.csv
4087170,2022-07-02,nighttime,6,-0.9464895055029998,0.0042184492788203,-0.7255617268872111,14.546875,0.5901678371622426,0.4046978534301472,normal_flow,4087170.csv
4087170,2022-07-03,daytime,6,-0.7307911012424697,0.09895490045810298,-0.559762773722632,13.03125,0.6405785025592191,0.3778835852874658,normal_flow,4087170.csv
4087170,2022-07-03,nighttime,6,-0.5336971821474307,0.2754614267242393,-0.38093759701952634,13.03125,0.6405785025592191,0.3778835852874658,normal_flow,4087170.csv
4087170,2022-07-04,daytime,6,-0.5850474709102832,0.222553976710471,-0.2902991503522065,11.625,0.6921199857159862,0.3937269372693727,normal_flow,4087170.csv
4087170,2022-07-04,nighttime,6,-0.9679847487417104,0.00152105703259776,-0.5474789915966429,11.625,0.6921199857159862,0.3937269372693727,normal_flow,4087170.csv
4087170,2022-07-05,daytime,6,-0.9082726467796688,0.01223496826845474,-0.5300864100549886,14.984375,0.5775502916319486,0.4246042137840733,normal_flow,4087170.csv
4087170,2022-07-05,nighttime,6,-0.8724817294467881,0.02335458246995742,-0.3701329915077776,14.984375,0.5775502916319486,0.4246042137840733,normal_flow,4087170.csv
4087170,2022-07-06,daytime,6,-0.05782606553334624,0.9133575826560592,-0.02675822874731681,26.828125,0.3313891203428163,0.45383089314764113,normal_flow,4087170.csv
4087170,2022-07-06,nighttime,6,-0.9368753629616215,0.00585131270626447,-0.7235413001439582,26.828125,0.3313891203428163,0.45383089314764113,normal_flow,4087170.csv
4087170,2022-07-07,daytime,6,-0.48801367089059655,0.3260915132617677,-0.03804430398979129,53.390625,0.11843828115700512,0.4775066460342023,normal_flow,4087170.csv
4087170,2022-07-07,nighttime,6,-0.6297700940426856,0.18023153436783623,-0.4177570093457994,53.390625,0.11843828115700512,0.4775066460342023,normal_flow,4087170.csv
4087170,2022-07-08,daytime,6,0.6948043087622197,0.12550297863533075,0.7746045694201118,45.578125,0.15652898464468515,0.4954568900527715,normal_flow,4087170.csv
4087170,2022-07-08,nighttime,6,-0.503387848196339,0.30869729835770965,-0.1640776699029357,45.578125,0.15652898464468515,0.4954568900527715,normal_flow,4087170.csv
4087170,2022-07-09,daytime,6,0.19237248477701271,0.7150008537370847,0.452944413869058,31.53125,0.2733007975241043,0.4628020473753125,normal_flow,4087170.csv
4087170,2022-07-09,nighttime,6,0.45192011473571286,0.3682680549043861,0.4459980713596023,31.53125,0.2733007975241043,0.4628020473753125,normal_flow,4087170.csv
4087170,2022-07-10,daytime,6,0.9582351023851148,0.00258003461437393,0.941819074505966,22.6875,0.3987025354124509,0.42498908860056345,normal_flow,4087170.csv
4087170,2022-07-10,nighttime,6,-0.4508494273383811,0.369546859883496,-0.794505494505108,22.6875,0.3987025354124509,0.42498908860056345,normal_flow,4087170.csv
4087170,2022-07-11,daytime,6,-0.9467316417204072,0.00418070202814524,-0.6841174870818597,17.578125,0.5070824901797405,0.3874300678490656,normal_flow,4087170.csv
4087170,2022-07-11,nighttime,6,-0.43574917669798013,0.3877456833301719,-2.146003775960475,17.578125,0.5070824901797405,0.3874300678490656,normal_flow,4087170.csv
4087170,2022-07-12,daytime,6,-0.5384496275592766,0.2703813708525435,-0.13885440680971806,14.984375,0.5775502916319486,0.3522993294449073,normal_flow,4087170.csv
4087170,2022-07-12,nighttime,6,-0.9579408346673276,0.00261625931061401,-0.5647086682174548,14.984375,0.5775502916319486,0.3522993294449073,normal_flow,4087170.csv
4087170,2022-07-13,daytime,6,0.666923773960829,0.14793395818233798,0.5256844850065518,12.9375,0.6438519223901916,0.3325199381026068,normal_flow,4087170.csv
4087170,2022-07-13,nighttime,6,-0.2900996766788362,0.5770575635171925,-0.04844817567972288,12.9375,0.6438519223901916,0.3325199381026068,normal_flow,4087170.csv
4087170,2022-07-14,daytime,6,-0.32330772021963006,0.5319357552774595,-0.23741994510525705,12.046875,0.6770027377693132,0.33656310756655955,normal_flow,4087170.csv
4087170,2022-07-14,nighttime,6,-0.4794260937932088,0.33595875437580713,-0.4927360774817725,12.046875,0.6770027377693132,0.33656310756655955,normal_flow,4087170.csv
4087170,2022-07-15,daytime,6,-0.761587337324254,0.07848513746046205,-0.5697883028345961,11.265625,0.7051541483156767,0.35975479109629804,normal_flow,4087170.csv
4087170,2022-07-15,nighttime,6,-0.9403514397904836,0.00523081278328086,-0.4713967310549757,11.265625,0.7051541483156767,0.35975479109629804,normal_flow,4087170.csv
4087170,2022-07-16,daytime,6,-0.8988643418249291,0.01482540296886728,-0.39658248051827233,79.46875,0.05261278419235805,0.3850136888465659,normal_flow,4087170.csv
4087170,2022-07-16,nighttime,6,-0.14228557160833685,0.7880119413683985,-0.1699999999999732,79.46875,0.05261278419235805,0.3850136888465659,normal_flow,4087170.csv
4087170,2022-07-17,daytime,6,-0.10261684809141625,0.846615016728286,-0.17564402810345586,109.34375,0.02297345554100702,0.4061381581557751,normal_flow,4087170.csv
4087170,2022-07-17,nighttime,6,-0.2945583029609451,0.5709411613183615,-0.08388444135049528,109.34375,0.02297345554100702,0.4061381581557751,normal_flow,4087170.csv
4087170,2022-07-18,daytime,6,0.8100044843958374,0.05071818674884074,0.4815249266862069,67.140625,0.07719319128675158,0.38646986469864697,normal_flow,4087170.csv
4087170,2022-07-18,nighttime,6,0.8365944268808535,0.03787049473023873,0.6549959601400488,67.140625,0.07719319128675158,0.38646986469864697,normal_flow,4087170.csv
4087170,2022-07-19,daytime,6,-0.04519766936154328,0.932249661519672,-0.05692274769956099,44.0625,0.16515890965361266,0.35767567353092883,normal_flow,4087170.csv
4087170,2022-07-19,nighttime,6,-0.8157164802295451,0.04781145102322846,-0.33413693346188766,44.0625,0.16515890965361266,0.35767567353092883,normal_flow,4087170.csv
4087170,2022-07-20,daytime,6,-0.7425799491330333,0.09086864341722892,-0.2141947926711739,30.828125,0.28085942149744075,0.33003610681268103,normal_flow,4087170.csv
4087170,2022-07-20,nighttime,6,-0.7219316801199169,0.1052325877844286,-0.1644937153563983,30.828125,0.28085942149744075,0.33003610681268103,normal_flow,4087170.csv
4087170,2022-07-21,daytime,6,-0.2937819913572322,0.5720048602261474,-0.11316069528202229,23.0625,0.3920366623021069,0.3054596674999008,normal_flow,4087170.csv
4087170,2022-07-21,nighttime,6,-0.6857531515755833,0.1326105145086339,-0.22559974994138585,23.0625,0.3920366623021069,0.3054596674999008,normal_flow,4087170.csv
4087170,2022-07-22,daytime,6,0.8955058611149225,0.01580805053137647,1.2124753127056491,19.296875,0.46631353410308296,0.2765781851366901,normal_flow,4087170.csv
4087170,2022-07-22,nighttime,6,-0.6125231971027544,0.19611986020987932,-0.22650663942798172,19.296875,0.46631353410308296,0.2765781851366901,normal_flow,4087170.csv
4087170,2022-07-23,daytime,6,-0.2198586104216185,0.6755258260798027,-0.25875845113697604,16.515625,0.5354124508987025,0.24812522318771577,normal_flow,4087170.csv
4087170,2022-07-23,nighttime,6,-0.8024486958734536,0.05468490690343858,-0.288025889967637,16.515625,0.5354124508987025,0.24812522318771577,normal_flow,4087170.csv
4087170,2022-07-24,daytime,6,-0.955157330216226,0.00297121127167006,-0.554925723221251,14.546875,0.5901678371622426,0.2707772884180455,normal_flow,4087170.csv
4087170,2022-07-24,nighttime,6,-0.9971334208812164,1.2314136030696374e-5,-0.4615968547018386,14.546875,0.5901678371622426,0.2707772884180455,normal_flow,4087170.csv
4087170,2022-07-25,daytime,6,0.6008715770775599,0.20716397001852951,0.14751334644563344,57.5625,0.1036781335555291,0.3025949291750982,normal_flow,4087170.csv
4087170,2022-07-25,nighttime,6,0.00317563151922938,0.9952365687336991,0.00188806787720457,57.5625,0.1036781335555291,0.3025949291750982,normal_flow,4087170.csv
4087170,2022-07-26,daytime,6,-0.2262918961150638,0.666356136052732,-0.2435970404100392,67.8125,0.07516962266396858,0.3222314803793199,normal_flow,4087170.csv
4087170,2022-07-26,nighttime,6,-0.7599155150202886,0.07954153781983503,-0.44203287487421405,67.8125,0.07516962266396858,0.3222314803793199,normal_flow,4087170.csv
4087170,2022-07-27,daytime,6,-0.887298991111993,0.01833653919362117,-0.39274253270797255,44.5,0.16295679085823117,0.3319287386422251,normal_flow,4087170.csv
4087170,2022-07-27,nighttime,6,0.9102984923354512,0.01170865538292686,0.19694868238556945,44.5,0.16295679085823117,0.3319287386422251,normal_flow,4087170.csv
4087170,2022-07-28,daytime,6,-0.5708719911468114,0.2367141286118175,-0.17523938649267942,31.34375,0.2752053326984883,0.3284966075467206,normal_flow,4087170.csv
4087170,2022-07-28,nighttime,6,-0.9899898929669584,1.498018466316731e-4,-0.3677275054569031,31.34375,0.2752053326984883,0.3284966075467206,normal_flow,4087170.csv
4087170,2022-07-29,daytime,6,-0.8721023190989058,0.02349066175444145,-0.20270854343755257,34.1875,0.24378050232115225,0.3164226480974487,normal_flow,4087170.csv
4087170,2022-07-29,nighttime,6,-0.9381822652529946,0.00561403234883502,-0.28613183865753744,34.1875,0.24378050232115225,0.3164226480974487,normal_flow,4087170.csv
4087170,2022-07-30,daytime,6,-0.03719894125703933,0.9442273253408072,-0.00560516012731546,31.0625,0.2783597190810618,0.3060032535809229,normal_flow,4087170.csv
4087170,2022-07-30,nighttime,6,-0.9792679275934896,6.402727218892362e-4,-0.4457858943990124,31.0625,0.2783597190810618,0.3060032535809229,normal_flow,4087170.csv
4087170,2022-07-31,daytime,6,0.5909229408705333,0.21678775652340612,0.3730824544582852,23.046875,0.3923937626473039,0.2982660794349879,normal_flow,4087170.csv
4087170,2022-07-31,nighttime,6,-0.8455391357429762,0.03394466198307344,-0.386825508058825,23.046875,0.3923937626473039,0.2982660794349879,normal_flow,4087170.csv
4087170,2022-08-01,daytime,6,-0.5193328698913733,0.29103445419123763,-0.16021973686206867,17.875,0.500238066896798,0.2610086100861009,normal_flow,4087170.csv
4087170,2022-08-01,nighttime,6,-0.9720492991013486,0.00116094439481504,-3.0194427434168403,17.875,0.500238066896798,0.2610086100861009,normal_flow,4087170.csv
4087170,2022-08-02,daytime,6,-0.1788314412400187,0.7346124140793715,-0.09993556919528096,24.296875,0.37174145935007735,0.25431893028607705,normal_flow,4087170.csv
4087170,2022-08-02,nighttime,6,-0.2395468341658759,0.6475526691059252,-0.09963227205582131,24.296875,0.37174145935007735,0.25431893028607705,normal_flow,4087170.csv
4087170,2022-08-03,daytime,6,-0.9929143931438534,7.513086741258868e-5,-0.7148201878292452,28.328125,0.31061778359719083,0.24998611276435345,high_flow,4087170.csv
4087170,2022-08-03,nighttime,6,-0.8044036260737409,0.05364535492468469,-0.685980817238153,28.328125,0.31061778359719083,0.24998611276435345,high_flow,4087170.csv
4087170,2022-08-04,daytime,6,-0.7079315789374977,0.11549864704207316,-0.2888034598750634,35.78125,0.22937745506487325,0.24169741697416977,high_flow,4087170.csv
4087170,2022-08-04,nighttime,6,-0.9789258753661956,6.614983868972454e-4,-0.518529956763388,35.78125,0.22937745506487325,0.24169741697416977,high_flow,4087170.csv
4087170,2022-08-05,daytime,6,-0.9262695721720418,0.00795385819088027,-0.3457265590282872,37.828125,0.2109272705630282,0.23025433480141252,high_flow,4087170.csv
4087170,2022-08-05,nighttime,6,-0.9487868849897952,0.00386701427604317,-0.5203242749486576,37.828125,0.2109272705630282,0.23025433480141252,high_flow,4087170.csv
4087170,2022-08-06,daytime,6,-0.7309205932856407,0.0988644147082509,-0.389796375027989,28.390625,0.3100226163551958,0.2262191009006864,high_flow,4087170.csv
4087170,2022-08-06,nighttime,6,-0.02930126879761672,0.9560606753160208,-0.00777833675167327,28.390625,0.3100226163551958,0.2262191009006864,high_flow,4087170.csv
4087170,2022-08-07,daytime,6,0.970425305692782,0.00129905987637708,0.16147383623650707,21.640625,0.41935483870967744,0.2152283458318454,high_flow,4087170.csv
4087170,2022-08-07,nighttime,6,-0.6670401281405868,0.1478370697527311,-0.21138359828916684,21.640625,0.41935483870967744,0.2152283458318454,high_flow,4087170.csv
4087170,2022-08-08,daytime,6,-0.9737208134417932,0.00102681932333067,-0.3907830282942997,97.5,0.03130579692893703,0.1920565012101734,high_flow,4087170.csv
4087170,2022-08-08,nighttime,6,0.06107333244849826,0.9085039016245658,0.01381231501364949,97.5,0.03130579692893703,0.1920565012101734,high_flow,4087170.csv
4087170,2022-08-09,daytime,6,-0.7493666580843249,0.08635358176736799,-1.2338902147971835,231.03125,0.003332936555172,0.16484545490616195,high_flow,4087170.csv
4087170,2022-08-09,nighttime,6,-0.8191131062200439,0.04612078674877334,-0.27889491169783925,231.03125,0.003332936555172,0.16484545490616195,high_flow,4087170.csv
4087170,2022-08-10,daytime,6,-0.8673102779829501,0.02524173856289003,-0.10424590642004948,158.34375,0.01017735983811451,0.15226361941038766,high_flow,4087170.csv
4087170,2022-08-10,nighttime,6,-0.9467919422142456,0.00417132752261545,-0.31367553796953074,158.34375,0.01017735983811451,0.15226361941038766,high_flow,4087170.csv
4087170,2022-08-11,daytime,6,0.8022178727948484,0.05480825689727631,0.2442643120793314,90.03125,0.03862635400547554,0.15044240764988295,high_flow,4087170.csv
4087170,2022-08-11,nighttime,6,-0.9470621140762978,0.00412945256016306,-0.8472707423581051,90.03125,0.03862635400547554,0.15044240764988295,high_flow,4087170.csv
4087170,2022-08-12,daytime,6,-0.9242681299019456,0.00838580111405626,-0.8039067231979867,57.6875,0.1035591001071301,0.16023886045312066,high_flow,4087170.csv
4087170,2022-08-12,nighttime,6,-0.9485885894306612,0.00389675610365276,-0.6712414223331271,57.6875,0.1035591001071301,0.16023886045312066,high_flow,4087170.csv
4087170,2022-08-13,daytime,6,-0.7007267040928663,0.1209446260646235,-1.9488372093021755,41.546875,0.1832519938102607,0.1774907749077491,high_flow,4087170.csv
4087170,2022-08-13,nighttime,6,-0.643450167712325,0.1680279795197253,-0.3353350948834953,41.546875,0.1832519938102607,0.1774907749077491,high_flow,4087170.csv
4087170,2022-08-14,daytime,6,-0.24697599468329093,0.6370684228780086,-0.29253731343279565,54.5,0.1134983930484466,0.15845732650874897,high_flow,4087170.csv
4087170,2022-08-14,nighttime,6,-0.8618972373932842,0.02729158585629256,-1.2656250000001412,54.5,0.1134983930484466,0.15845732650874897,high_flow,4087170.csv
4087170,2022-08-15,daytime,6,0.04910852781134361,0.9263964245122402,0.04395604395598808,85.34375,0.04481609332222355,0.13159544498670792,high_flow,4087170.csv
4087170,2022-08-15,nighttime,6,-0.5482939948619739,0.259974806517198,-0.5000000000000081,85.34375,0.04481609332222355,0.13159544498670792,high_flow,4087170.csv
4087170,2022-08-16,daytime,6,0.49521164085988145,0.3179040454254076,0.45949214026605134,61.421875,0.0920723723366266,0.13319842875848112,high_flow,4087170.csv
4087170,2022-08-16,nighttime,6,-0.7296918347559093,0.09972451995120991,-0.3477789815817835,61.421875,0.0920723723366266,0.13319842875848112,high_flow,4087170.csv
4087170,2022-08-17,daytime,6,0.26971111776978257,0.6052432678598396,0.12478863713222237,41.59375,0.1830139269134627,0.14153473792802443,high_flow,4087170.csv
4087170,2022-08-17,nighttime,6,0.22373371080236024,0.669999127622586,0.56043956044022325,41.59375,0.1830139269134627,0.14153473792802443,high_flow,4087170.csv
4087170,2022-08-18,daytime,6,0.9662399866565968,0.00169036895792015,0.9884008940977304,30.640625,0.2832996071896203,0.15607268975915564,high_flow,4087170.csv
4087170,2022-08-18,nighttime,6,0.8785396441887274,0.02123299793293477,0.33986013986013003,30.640625,0.2832996071896203,0.15607268975915564,high_flow,4087170.csv
4087170,2022-08-19,daytime,6,0.15074438856500377,0.7755961651485269,0.11026849764298167,24.015625,0.37632424711343887,0.15725112089830576,high_flow,4087170.csv
4087170,2022-08-19,nighttime,6,-0.8787420991202891,0.02116376131779928,-1.0416029366777628,24.015625,0.37632424711343887,0.15725112089830576,high_flow,4087170.csv
4087170,2022-08-20,daytime,6,0.4369219649890901,0.38632142960577254,0.25994375251103685,19.15625,0.4697059873824545,0.15256517081299845,high_flow,4087170.csv
4087170,2022-08-20,nighttime,6,0.19181861850055573,0.715800996049773,0.2239382239382595,19.15625,0.4697059873824545,0.15256517081299845,high_flow,4087170.csv
4087170,2022-08-21,daytime,6,-0.9749629433898278,9.324340134592556e-4,-3.080080415479889,106.5625,0.02452089037019402,0.14643098043883665,high_flow,4087170.csv
4087170,2022-08-21,nighttime,6,-0.8148635102063528,0.04824045506394091,-3.0852272727275656,106.5625,0.02452089037019402,0.14643098043883665,high_flow,4087170.csv
4087170,2022-08-22,daytime,6,0.5539238990284638,0.2540948533610318,1.6657645466848736,129.796875,0.01642661587906201,0.14818077213030195,high_flow,4087170.csv
4087170,2022-08-22,nighttime,6,-0.16862643411676564,0.7494577845522965,-0.09784283513099896,129.796875,0.01642661587906201,0.14818077213030195,high_flow,4087170.csv
4087170,2022-08-23,daytime,6,0.975618746023586,8.844216542840719e-4,1.727043390514727,77.71875,0.05535055350553505,0.15251358965202555,high_flow,4087170.csv
4087170,2022-08-23,nighttime,6,0.21785677963768169,0.678384743642708,0.23877681036321435,77.71875,0.05535055350553505,0.15251358965202555,high_flow,4087170.csv
4087170,2022-08-24,daytime,6,0.9631096611309804,0.00201624367517971,2.3826142926105582,50.921875,0.12837757409832162,0.15354124508987024,high_flow,4087170.csv
4087170,2022-08-24,nighttime,6,0.920979850441956,0.00911956787606016,0.9587932941507304,50.921875,0.12837757409832162,0.15354124508987024,high_flow,4087170.csv
4087170,2022-08-25,daytime,6,0.843741110087825,0.03471758680523498,0.7945626768360207,35.9375,0.2282466373050827,0.15432686584930366,high_flow,4087170.csv
4087170,2022-08-25,nighttime,6,0.7475712290603526,0.08753801005988272,1.2749871067560374,35.9375,0.2282466373050827,0.15432686584930366,high_flow,4087170.csv
4087170,2022-08-26,daytime,6,0.8998186696525822,0.01455172353497105,2.9132653061211955,76.984375,0.05630282109272706,0.15513232551680356,high_flow,4087170.csv
4087170,2022-08-26,nighttime,6,0.2924087723947181,0.5738877389838231,0.34399999999997743,76.984375,0.05630282109272706,0.15513232551680356,high_flow,4087170.csv
4087170,2022-08-27,daytime,6,0.5061441743497053,0.30561623298940077,0.1244725738396561,95.15625,0.03326984882752053,0.15614807760980837,high_flow,4087170.csv
4087170,2022-08-27,nighttime,6,0.687056662120197,0.1315764757746253,0.6453900709220067,95.15625,0.03326984882752053,0.15614807760980837,high_flow,4087170.csv
4087170,2022-08-28,daytime,6,0.8594954037222375,0.02822542369830507,2.023565573770216,61.671875,0.0912391381978336,0.15443796373447605,high_flow,4087170.csv
4087170,2022-08-28,nighttime,6,0.47382829723709985,0.34244792086847053,0.5567928730512938,61.671875,0.0912391381978336,0.15443796373447605,high_flow,4087170.csv
4087170,2022-08-29,daytime,6,-0.07690082983172349,0.884876140917946,-0.0231173380035029,48.8046875,0.13974526842042614,0.17955005356505177,high_flow,4087170.csv
4087170,2022-08-29,nighttime,6,0.20316445893239335,0.6994461991215839,0.21153846153829647,48.8046875,0.13974526842042614,0.17955005356505177,high_flow,4087170.csv
4087170,2022-08-30,daytime,6,-0.05439301557943673,0.9184909402227032,-0.00936890045544152,55.796875,0.10980835614807762,0.20833234138793,high_flow,4087170.csv
4087170,2022-08-30,nighttime,6,-0.6568176436910039,0.15645219285447218,-1.1762295081968852,55.796875,0.10980835614807762,0.20833234138793,high_flow,4087170.csv
4087170,2022-08-31,daytime,6,0.8349718525615198,0.03860422200334615,0.28673323823112784,56.3671875,0.10748720390429713,0.2342300519779391,high_flow,4087170.csv
4087170,2022-08-31,nighttime,6,-0.592719857838839,0.2150364439721347,-0.3790523690773127,56.3671875,0.10748720390429713,0.2342300519779391,high_flow,4087170.csv
4087170,2022-09-01,daytime,6,0.7448080371637026,0.08937498167065905,0.7001119665315589,39.953125,0.1947982383049637,0.25582668729913105,normal_flow,4087170.csv
4087170,2022-09-01,nighttime,6,0.8565350241773092,0.02939688657010648,0.3682534628243978,39.953125,0.1947982383049637,0.25582668729913105,normal_flow,4087170.csv
4087170,2022-09-02,daytime,6,0.3439007935480233,0.5044849972138562,0.2093140269469372,29.5234375,0.2953815022021188,0.2761456969408404,normal_flow,4087170.csv
4087170,2022-09-02,nighttime,6,-0.02872491455176824,0.9569244789333788,-0.0104908205320495,29.5234375,0.2953815022021188,0.2761456969408404,normal_flow,4087170.csv
4087170,2022-09-03,daytime,6,-0.968977994995875,0.00142861994897891,-4.688703112968933,23.09375,0.3915605285085109,0.3131373249216363,normal_flow,4087170.csv
4087170,2022-09-03,nighttime,6,0.28030814792331815,0.590550056206595,0.02991344839804469,23.09375,0.3915605285085109,0.3131373249216363,normal_flow,4087170.csv
4087170,2022-09-04,daytime,6,-0.890768103971218,0.01724575463141375,-2.9471830985911907,20.34375,0.44405427925246993,0.35550132920684047,normal_flow,4087170.csv
4087170,2022-09-04,nighttime,6,-0.9099234171304658,0.01180525489832234,-1.4554079696395257,20.34375,0.44405427925246993,0.35550132920684047,normal_flow,4087170.csv
4087170,2022-09-05,daytime,6,-0.8579256586272035,0.02884378400822958,-1.2176172534754404,22.5703125,0.4012022378288299,0.3494822044994644,normal_flow,4087170.csv
4087170,2022-09-05,nighttime,6,0.6144631636477701,0.19430514041529595,0.2790697674418119,22.5703125,0.4012022378288299,0.3494822044994644,normal_flow,4087170.csv
4087170,2022-09-06,daytime,6,0.28274002249462,0.5871913564328766,1.9194097616339436,20.140625,0.44816093322223544,0.3401698210530492,normal_flow,4087170.csv
4087170,2022-09-06,nighttime,6,-0.8016999613128267,0.05508549118956396,-0.8393608074011256,20.140625,0.44816093322223544,0.3401698210530492,normal_flow,4087170.csv
4087170,2022-09-07,daytime,6,0.6050243410056027,0.20319941565414631,4.285370620960265,20.359375,0.4438162123556719,0.3328611673213506,normal_flow,4087170.csv
4087170,2022-09-07,nighttime,6,-0.9786120250083876,6.812762951811912e-4,-2.216569267789638,20.359375,0.4438162123556719,0.3328611673213506,normal_flow,4087170.csv
4087170,2022-09-08,daytime,6,0.5876519916645742,0.2199903726100246,1.3277160272499806,19.9375,0.45232710391620046,0.32579058048645004,normal_flow,4087170.csv
4087170,2022-09-08,nighttime,6,0.204893155800478,0.6969610971177682,0.17564428713637625,19.9375,0.45232710391620046,0.32579058048645004,normal_flow,4087170.csv
4087170,2022-09-09,daytime,6,0.8992423250799438,0.01471671213097034,2.3235454051115094,16.609375,0.5330317819307225,0.3135182319565131,normal_flow,4087170.csv
4087170,2022-09-09,nighttime,6,-0.9512210709717138,0.0035110439761071,-5.145251396647608,16.609375,0.5330317819307225,0.3135182319565131,normal_flow,4087170.csv
4087170,2022-09-10,daytime,6,0.5155514371471419,0.2951878991432158,0.9000958772772591,13.890625,0.6111772408046661,0.2970678093877713,normal_flow,4087170.csv
4087170,2022-09-10,nighttime,6,-0.30063978080068043,0.5626268835317714,-0.11562897077510624,13.890625,0.6111772408046661,0.2970678093877713,normal_flow,4087170.csv
4087170,2022-09-11,daytime,6,-0.953825818177096,0.00314885965136152,-1.3758928571426845,12.25,0.6687299131055827,0.2784787525294608,normal_flow,4087170.csv
4087170,2022-09-11,nighttime,6,-0.7608343760714864,0.07896013326065426,-0.16152684925597036,12.25,0.6687299131055827,0.2784787525294608,normal_flow,4087170.csv
4087170,2022-09-12,daytime,6,-0.6938215371133787,0.1262664882556099,-0.17237485886337198,337.2890625,9.52267587192001e-4,0.26185771535134705,normal_flow,4087170.csv
4087170,2022-09-12,nighttime,6,-0.7559825561149803,0.08205181946018779,-0.0864555211694196,337.2890625,9.52267587192001e-4,0.26185771535134705,normal_flow,4087170.csv
4087170,2022-09-13,daytime,6,0.977348376677089,7.638328296407715e-4,0.7043571647744836,664.453125,5.951672419950006e-5,0.25382295758441453,normal_flow,4087170.csv
4087170,2022-09-13,nighttime,6,-0.5201613773327941,0.2901274089623535,-1.182481751825805,664.453125,5.951672419950006e-5,0.25382295758441453,normal_flow,4087170.csv
4087170,2022-09-14,daytime,6,0.9505121725141434,0.00361296864395829,3.4345114345113967,579.9921875,1.7855017259850017e-4,0.22769908344244733,high_flow,4087170.csv
4087170,2022-09-14,nighttime,6,0.24151556227051893,0.6447704298094025,0.5752212389375811,579.9921875,1.7855017259850017e-4,0.22769908344244733,high_flow,4087170.csv
4087170,2022-09-15,daytime,6,0.7010970465339385,0.12066202374834334,0.5135579293343899,295.90625,0.001428401380788,0.2012458834265762,high_flow,4087170.csv
4087170,2022-09-15,nighttime,6,0.5991138986308353,0.20885136362459805,2.2616766467068765,295.90625,0.001428401380788,0.2012458834265762,high_flow,4087170.csv
4087170,2022-09-16,daytime,6,0.7181007944881184,0.10799987817668606,2.059649122807003,156.4765625,0.01071301035591001,0.17872475498948537,high_flow,4087170.csv
4087170,2022-09-16,nighttime,6,0.3944748834957561,0.4389798786104051,3.227272727275219,156.4765625,0.01071301035591001,0.17872475498948537,high_flow,4087170.csv
4087170,2022-09-17,daytime,6,0.4659296570373596,0.35167995280793846,0.4651162790700387,82.484375,0.04862516367099154,0.15677895488632307,high_flow,4087170.csv
4087170,2022-09-17,nighttime,6,0.7080125803142472,0.115438044784668,2.8869908015769927,82.484375,0.04862516367099154,0.15677895488632307,high_flow,4087170.csv
4087170,2022-09-18,daytime,6,0.8307894188151477,0.04052589381755899,1.388247639034925,54.734375,0.11272467563385312,0.13161528389477442,high_flow,4087170.csv
4087170,2022-09-18,nighttime,6,0.6791623553233436,0.13789219205496603,1.525896414342913,54.734375,0.11272467563385312,0.13161528389477442,high_flow,4087170.csv
4087170,2022-09-19,daytime,6,-0.7861903951478691,0.06368471606192487,-5.666460012399015,39.9609375,0.1947387215807642,0.0920882434630798,high_flow,4087170.csv
4087170,2022-09-19,nighttime,6,0.594709364676537,0.2131041276058214,1.0113636363637415,39.9609375,0.1947387215807642,0.0920882434630798,high_flow,4087170.csv
4087170,2022-09-20,daytime,6,0.9628202699751586,0.00204780111576129,0.5942167523001539,30.84375,0.28068087132484226,0.0975717176526604,high_flow,4087170.csv
4087170,2022-09-20,nighttime,6,0.15650116956053223,0.7671648071897762,0.12776659959761769,30.84375,0.28068087132484226,0.0975717176526604,high_flow,4087170.csv
4087170,2022-09-21,daytime,6,0.7852411348225208,0.06422956869915925,0.8158656629994672,76.984375,0.05630282109272706,0.10864579613538072,high_flow,4087170.csv
4087170,2022-09-21,nighttime,6,0.550103014385991,0.25807972995407336,0.4527649769585469,76.984375,0.05630282109272706,0.10864579613538072,high_flow,4087170.csv
4087170,2022-09-22,daytime,6,0.08603305637590396,0.8712688103045578,0.03297115024356435,83.6328125,0.04701821211760505,0.12662778240685632,high_flow,4087170.csv
4087170,2022-09-22,nighttime,6,0.8558244109397427,0.02968144053686329,0.477457903313476,83.6328125,0.04701821211760505,0.12662778240685632,high_flow,4087170.csv
4087170,2022-09-23,daytime,6,0.8149124912138238,0.04821577175532782,3.247524752473968,54.2890625,0.11451017735983812,0.15072412014442724,high_flow,4087170.csv
4087170,2022-09-23,nighttime,6,0.982620958045694,4.504221433016079e-4,0.9498622589531412,54.2890625,0.11451017735983812,0.15072412014442724,high_flow,4087170.csv
4087170,2022-09-24,daytime,6,0.4740123220456673,0.3422338817413518,0.417867435158586,38.75,0.2038447803832877,0.17930405110502717,high_flow,4087170.csv
4087170,2022-09-24,nighttime,6,0.9158586152063798,0.01032180801571616,1.0985691573923817,38.75,0.2038447803832877,0.17930405110502717,high_flow,4087170.csv
4087170,2022-09-25,daytime,6,-0.7342652519748477,0.09654001065133114,-0.7408105560791665,35.2734375,0.2337221759314367,0.21135182319565132,high_flow,4087170.csv
4087170,2022-09-25,nighttime,6,-0.5799048863800478,0.22765068396741248,-0.6684782608698294,35.2734375,0.2337221759314367,0.21135182319565132,high_flow,4087170.csv
4087170,2022-09-26,daytime,6,-0.9944915982144154,4.5430166033462787e-5,-1.570446735395282,67.609375,0.07582430663016308,0.2442844105860413,high_flow,4087170.csv
4087170,2022-09-26,nighttime,6,-0.7618331800982269,0.07833033119618012,-0.7063048683158908,67.609375,0.07582430663016308,0.2442844105860413,high_flow,4087170.csv
4087170,2022-09-27,daytime,6,-0.8947482281084662,0.01603391706004421,-0.4932110091744155,64.4453125,0.08320438043090109,0.27514184819267545,normal_flow,4087170.csv
4087170,2022-09-27,nighttime,6,-0.8878612571440749,0.018157568653119,-1.3618834080715971,64.4453125,0.08320438043090109,0.27514184819267545,normal_flow,4087170.csv
4087170,2022-09-28,daytime,6,-0.7404001997680041,0.09234060224691865,-2.5815065763250513,43.8984375,0.16617069396500417,0.3029877395548149,normal_flow,4087170.csv
4087170,2022-09-28,nighttime,6,-0.7155656053626456,0.10984860005164018,-0.3780575539568,43.8984375,0.16617069396500417,0.3029877395548149,normal_flow,4087170.csv
4087170,2022-09-29,daytime,6,0.6682669422807078,0.1468171480675465,0.5381429397033458,31.765625,0.26990834424473276,0.34816093322223546,normal_flow,4087170.csv
4087170,2022-09-29,nighttime,6,-0.7140605301490707,0.11095266774235406,-1.0301441677587568,31.765625,0.26990834424473276,0.34816093322223546,normal_flow,4087170.csv
4087170,2022-09-30,daytime,6,-0.637928975608713,0.17291021233581294,-0.8029484029484175,24.84375,0.36287346744435184,0.38362496528191087,normal_flow,4087170.csv
4087170,2022-09-30,nighttime,6,-0.9750543003599572,9.256701918945104e-4,-1.8568464730290095,24.84375,0.36287346744435184,0.38362496528191087,normal_flow,4087170.csv
4087170,2022-10-01,daytime,6,0.6354229046846934,0.17514553947608064,3.844393592675809,20.578125,0.43941197476490895,0.41086775383882873,normal_flow,4087170.csv
4087170,2022-10-01,nighttime,6,0.27412121487980395,0.5991172462125012,0.4595041322311445,20.578125,0.43941197476490895,0.41086775383882873,normal_flow,4087170.csv
4087170,2022-10-02,daytime,6,0.23416772415727136,0.6551686514965043,3.249999999992794,16.734375,0.5293417450303536,0.43751140737213823,normal_flow,4087170.csv
4087170,2022-10-02,nighttime,6,0.599617456479472,0.20836737345730655,6.142857142858281,16.734375,0.5293417450303536,0.43751140737213823,normal_flow,4087170.csv
4087170,2022-10-03,daytime,6,0.7755031439154383,0.06994106720313617,0.8166633525551606,14.015625,0.6067134864897036,0.46736499623060745,normal_flow,4087170.csv
4087170,2022-10-03,nighttime,6,-0.2696639852310954,0.6053088246463078,-0.4033613445376562,14.015625,0.6067134864897036,0.46736499623060745,normal_flow,4087170.csv
4087170,2022-10-04,daytime,6,0.6596147319628208,0.15407431483882875,1.5419354838710475,12.546875,0.6576002856802762,0.5105225568384716,normal_flow,4087170.csv
4087170,2022-10-04,nighttime,6,0.8906622774975431,0.01727855445396324,2.5217391304350647,12.546875,0.6576002856802762,0.5105225568384716,normal_flow,4087170.csv
4087170,2022-10-05,daytime,6,0.8033303842032503,0.05421492075038414,3.914179104477528,11.453125,0.6983692417569337,0.5525135896520256,normal_flow,4087170.csv
4087170,2022-10-05,nighttime,6,0.9072701612962114,0.01249955074477744,4.737201365188104,11.453125,0.6983692417569337,0.5525135896520256,normal_flow,4087170.csv
4087170,2022-10-06,daytime,6,-0.8446749479675308,0.03431513153786491,-1.122256097560984,10.421875,0.7339007261040352,0.5646788080784033,normal_flow,4087170.csv
4087170,2022-10-06,nighttime,6,NA,NA,NA,10.421875,0.7339007261040352,0.5646788080784033,normal_flow,4087170.csv
4087170,2022-10-07,daytime,6,-0.6742381326704526,0.14189613726752426,-0.48099301784327486,14.9375,0.5789786930127366,0.5620997500297583,normal_flow,4087170.csv
4087170,2022-10-07,nighttime,6,0.7225375842551015,0.10479781178485056,0.9868852459013496,14.9375,0.5789786930127366,0.5620997500297583,normal_flow,4087170.csv
4087170,2022-10-08,daytime,6,-0.15618950441757923,0.7676208774496835,-0.36666666666573017,16.9375,0.5231520057136055,0.558258937428084,normal_flow,4087170.csv
4087170,2022-10-08,nighttime,6,-0.8707866566132518,0.023965453480739,-1.9746192893396384,16.9375,0.5231520057136055,0.558258937428084,normal_flow,4087170.csv
4087170,2022-10-09,daytime,6,-0.18999366698321543,0.7184386566037483,-1.0178571428565597,14.1171875,0.6034995833829306,0.5560092052533429,normal_flow,4087170.csv
4087170,2022-10-09,nighttime,6,0.02440223997668828,0.96340390542754,0.03827751196160336,14.1171875,0.6034995833829306,0.5560092052533429,normal_flow,4087170.csv
4087170,2022-10-10,daytime,6,0.9528405164952176,0.00328358358286877,2.9624277456648738,11.921875,0.6815260088084751,0.553366662698885,normal_flow,4087170.csv
4087170,2022-10-10,nighttime,6,-0.8652225901446824,0.02602331284141648,-1.1638696939781985,11.921875,0.6815260088084751,0.553366662698885,normal_flow,4087170.csv
4087170,2022-10-11,daytime,6,0.7733874116362492,0.0712112496328697,2.9221311475406435,10.71875,0.7231877157481252,0.5491012974645876,normal_flow,4087170.csv
4087170,2022-10-11,nighttime,6,-0.00393563555722287,0.9940965771441423,-0.00621118012351413,10.71875,0.7231877157481252,0.5491012974645876,normal_flow,4087170.csv
4087170,2022-10-12,daytime,6,-0.8204363089396023,0.04546983197816216,-2.963636363636218,11.0234375,0.7130698726342102,0.5453676149664722,normal_flow,4087170.csv
4087170,2022-10-12,nighttime,6,0.5247950419604083,0.28507429529672995,8.0000000000159055,11.0234375,0.7130698726342102,0.5453676149664722,normal_flow,4087170.csv
4087170,2022-10-13,daytime,6,0.598889616860281,0.20906707678525144,1.0172413793099315,25.71875,0.34864897036067133,0.5432408840217434,normal_flow,4087170.csv
4087170,2022-10-13,nighttime,6,0.10587842318690203,0.841775826513307,0.21250000000048824,25.71875,0.34864897036067133,0.5432408840217434,normal_flow,4087170.csv
4087170,2022-10-14,daytime,6,-0.9490693314213352,0.00382484413178794,-1.6423357664236051,35.6015625,0.23122247351505773,0.5416577391580367,normal_flow,4087170.csv
4087170,2022-10-14,nighttime,6,-0.5794034978009942,0.22815006774170787,-0.78651685393248,35.6015625,0.23122247351505773,0.5416577391580367,normal_flow,4087170.csv
4087170,2022-10-15,daytime,6,-0.25666527332502154,0.6234562671426531,-2.541666666666989,28.71875,0.3052612784192358,0.5530651112962742,normal_flow,4087170.csv
4087170,2022-10-15,nighttime,6,-0.13509395646695718,0.7985918231225274,-0.14932126696825246,28.71875,0.3052612784192358,0.5530651112962742,normal_flow,4087170.csv
4087170,2022-10-16,daytime,6,-0.3635613187290512,0.4786852136666262,-0.71542553191483,22.3515625,0.4056659921437924,0.5707812561996588,normal_flow,4087170.csv
4087170,2022-10-16,nighttime,6,-0.7109465402103676,0.11325237066290272,-3.726962457338451,22.3515625,0.4056659921437924,0.5707812561996588,normal_flow,4087170.csv
4087170,2022-10-17,daytime,6,-0.133227151042716,0.8013416293476987,-0.17349286700440955,18.34375,0.4897036067134865,0.5846010395587827,normal_flow,4087170.csv
4087170,2022-10-17,nighttime,6,0.8640662170499406,0.02646109825217116,0.16563029960428446,18.34375,0.4897036067134865,0.5846010395587827,normal_flow,4087170.csv
4087170,2022-10-18,daytime,6,0.3837912743044311,0.45257849884881346,1.333333333332051,16.234375,0.542733007975241,0.5927627663373408,normal_flow,4087170.csv
4087170,2022-10-18,nighttime,6,-0.01090440572494016,0.9836440397125734,-0.00172413793105002,16.234375,0.542733007975241,0.5927627663373408,normal_flow,4087170.csv
4087170,2022-10-19,daytime,6,0.8688311528779572,0.02467950220030241,1.0844036697248058,14.15625,0.6015950482085466,0.546236559139785,normal_flow,4087170.csv
4087170,2022-10-19,nighttime,6,0.5917160444316734,0.2160140746347141,0.0804347826087323,14.15625,0.6015950482085466,0.546236559139785,normal_flow,4087170.csv
4087170,2022-10-20,daytime,6,0.23246150175178257,0.65758866534529,1.0000000000013691,12.3125,0.6664682775860017,0.4994564139189779,normal_flow,4087170.csv
4087170,2022-10-20,nighttime,6,-0.8251681634584,0.04317728669078704,-1.0684931506847957,12.3125,0.6664682775860017,0.4994564139189779,normal_flow,4087170.csv
4087170,2022-10-21,daytime,6,0.42781634302645527,0.39742641858324257,0.25732484076436807,11.109375,0.7101535531484348,0.4780026187358648,normal_flow,4087170.csv
4087170,2022-10-21,nighttime,6,0.13367596381080443,0.8006803997809516,0.10335195530718631,11.109375,0.7101535531484348,0.4780026187358648,normal_flow,4087170.csv
4087170,2022-10-22,daytime,6,0.7150863336824721,0.11019964887573004,0.2857142857142757,9.984375,0.7500892750862993,0.4682617148752133,normal_flow,4087170.csv
4087170,2022-10-22,nighttime,6,-0.1762749111323755,0.7383263147347783,-0.31034482758588405,9.984375,0.7500892750862993,0.4682617148752133,normal_flow,4087170.csv
4087170,2022-10-23,daytime,6,-0.4683076992404927,0.34889122389603533,-0.08541629203382455,8.921875,0.7888941792643733,0.4590207514978375,normal_flow,4087170.csv
4087170,2022-10-23,nighttime,6,0.1544811920318403,0.7701215154203624,0.6500000000018319,8.921875,0.7888941792643733,0.4590207514978375,normal_flow,4087170.csv
4087170,2022-10-24,daytime,6,0.4431721105457711,0.3787616721514835,0.3965087281795703,8.3203125,0.8107963337697893,0.44914891084394715,normal_flow,4087170.csv
4087170,2022-10-24,nighttime,6,0.8122955416106276,0.04954275336456161,1.4516129032263958,8.3203125,0.8107963337697893,0.44914891084394715,normal_flow,4087170.csv
4087170,2022-10-25,daytime,6,0.49533302178573496,0.31776663518029474,0.7387755102040963,8.5,0.8039519104868468,0.43968971947784,normal_flow,4087170.csv
4087170,2022-10-25,nighttime,6,-0.5882616123376857,0.2193920542115204,-1.3037974683540925,8.5,0.8039519104868468,0.43968971947784,normal_flow,4087170.csv
4087170,2022-10-26,daytime,6,0.9034969405978336,0.01351990191223547,1.097791798107135,105.4609375,0.02529460778478752,0.43276594056263146,normal_flow,4087170.csv
4087170,2022-10-26,nighttime,6,-0.6793734553470884,0.13772164589449634,-0.2463437661435501,105.4609375,0.02529460778478752,0.43276594056263146,normal_flow,4087170.csv
4087170,2022-10-27,daytime,6,-0.9100992602953982,0.01175991918212807,-1.4213938411673015,153.4375,0.01136769432210451,0.42735785422370354,normal_flow,4087170.csv
4087170,2022-10-27,nighttime,6,-0.31658925345180416,0.5409817932457235,-0.28526645768022874,153.4375,0.01136769432210451,0.42735785422370354,normal_flow,4087170.csv
4087170,2022-10-28,daytime,6,0.9239061678070803,0.00846510498046303,3.886792452831522,103.03125,0.02684204261397452,0.42239019164385194,normal_flow,4087170.csv
4087170,2022-10-28,nighttime,6,-0.9076955810783084,0.01238693692339012,-2.5913461538466827,103.03125,0.02684204261397452,0.42239019164385194,normal_flow,4087170.csv
4087170,2022-10-29,daytime,6,-0.12523212647648177,0.8131338233588301,-0.167286245352928,63.7734375,0.08510891560528508,0.38797762171170097,normal_flow,4087170.csv
4087170,2022-10-29,nighttime,6,-0.19614282305263503,0.709558769455226,-1.193181818184775,63.7734375,0.08510891560528508,0.38797762171170097,normal_flow,4087170.csv
4087170,2022-10-30,daytime,6,0.6295751704715637,0.1804079925482843,0.39266055045862536,43.859375,0.16664682775860018,0.33823354362575886,normal_flow,4087170.csv
4087170,2022-10-30,nighttime,6,-0.7997438114388257,0.05613842057372159,-1.5300000000003546,43.859375,0.16664682775860018,0.33823354362575886,normal_flow,4087170.csv
4087170,2022-10-31,daytime,6,0.01547399395059731,0.9767908616553896,0.01628222523733367,32.9140625,0.25758838233543624,0.2860135698131175,normal_flow,4087170.csv
4087170,2022-10-31,nighttime,6,-0.672173193648415,0.1435897809867718,-1.653571428571613,32.9140625,0.25758838233543624,0.2860135698131175,normal_flow,4087170.csv
4087170,2022-11-01,daytime,6,0.8413329051565717,0.03576562882845879,1.1760368663594565,25.7890625,0.34781573622187834,0.23328571995397376,high_flow,4087170.csv
4087170,2022-11-01,nighttime,6,-0.6377184146780007,0.17309756342893437,-0.6386969397827722,25.7890625,0.34781573622187834,0.23328571995397376,high_flow,4087170.csv
4087170,2022-11-03,daytime,6,0.1907203899228343,0.7173880723210652,0.478021978022169,17.0390625,0.5204737531246281,0.19151688291076455,high_flow,4087170.csv
4087170,2022-11-03,nighttime,6,-0.994134123922938,5.1511835222366145e-5,-1.7928571428569429,17.0390625,0.5204737531246281,0.19151688291076455,high_flow,4087170.csv
4087170,2022-11-04,daytime,6,0.44614822184700936,0.3751801754742337,0.3599808520823801,14.4765625,0.5919533388882275,0.2050589215569575,high_flow,4087170.csv
4087170,2022-11-04,nighttime,6,-0.5551715756751979,0.2527988728930693,-0.8226804123713307,14.4765625,0.5919533388882275,0.2050589215569575,high_flow,4087170.csv
4087170,2022-11-05,daytime,6,0.8613797163926654,0.02749153975659909,0.6715686274509118,40.046875,0.19396500416617068,0.2210014680791969,high_flow,4087170.csv
4087170,2022-11-05,nighttime,6,0.5247514921138569,0.28512163047534744,2.6974724101105627,40.046875,0.19396500416617068,0.2210014680791969,high_flow,4087170.csv
4087170,2022-11-07,daytime,6,-0.936234432459738,0.00596943448904874,-0.5389873064583817,201.5625,0.005594572074753,0.24411776375828273,high_flow,4087170.csv
4087170,2022-11-07,nighttime,6,-0.9677419495115996,0.00154408916150367,-2.2242048099303675,201.5625,0.005594572074753,0.24411776375828273,high_flow,4087170.csv
4087170,2022-11-08,daytime,6,-0.8896217257665073,0.01760265581966407,-1.1572123176665925,117.59375,0.01987858588263302,0.25416021902154506,normal_flow,4087170.csv
4087170,2022-11-08,nighttime,6,-0.8608076224645547,0.02771338433645084,-1.525751072961625,117.59375,0.01987858588263302,0.25416021902154506,normal_flow,4087170.csv
4087170,2022-11-09,daytime,6,0.6293276784433819,0.18063214269962463,0.29478575116166256,71.6953125,0.06659921437924057,0.24923620203943975,normal_flow,4087170.csv
4087170,2022-11-09,nighttime,6,-0.7602256497035534,0.07934508639985245,-2.24732069249793,71.6953125,0.06659921437924057,0.24923620203943975,normal_flow,4087170.csv
4087170,2022-11-10,daytime,6,-0.16792474192370804,0.7504805184155791,-0.12837837837834337,49.390625,0.13611474824425662,0.23598381145101777,normal_flow,4087170.csv
4087170,2022-11-10,nighttime,6,-0.9685153917434104,0.00147131579560048,-2.692477876105201,49.390625,0.13611474824425662,0.23598381145101777,normal_flow,4087170.csv
4087170,2022-11-11,daytime,6,0.7784500428477471,0.0681892537390436,0.41685912240183615,37.421875,0.2144982740149982,0.22305281117327305,normal_flow,4087170.csv
4087170,2022-11-11,nighttime,6,0.7831701703936869,0.06542561631780357,3.176005273566059,37.421875,0.2144982740149982,0.22305281117327305,normal_flow,4087170.csv
4087170,2022-11-12,daytime,6,-0.933049524039264,0.00657350107074336,-0.7989690721650758,32.1640625,0.26598024044756574,0.2124389953576955,normal_flow,4087170.csv
4087170,2022-11-12,nighttime,6,0.05428409149944717,0.9186538439158584,0.0575539568344716,32.1640625,0.26598024044756574,0.2124389953576955,normal_flow,4087170.csv
4087170,2022-11-13,daytime,6,-0.7814646651645684,0.06641816718889647,-0.6106870229007463,32.1015625,0.2667539578621593,0.23421814863309923,normal_flow,4087170.csv
4087170,2022-11-13,nighttime,6,0.860023175098947,0.02801894849919746,0.5180394826412152,32.1015625,0.2667539578621593,0.23421814863309923,normal_flow,4087170.csv
4087170,2022-11-14,daytime,6,-0.8789135507782481,0.02110521186635689,-0.33276450511945016,26.8046875,0.33174622068801335,0.27305876284569297,normal_flow,4087170.csv
4087170,2022-11-14,nighttime,6,-0.7504787743864487,0.08562356224179375,-0.2896551724137575,26.8046875,0.33174622068801335,0.27305876284569297,normal_flow,4087170.csv
4087170,2022-11-15,daytime,6,-0.9278395581593948,0.00762281967203837,-1.0470779220778916,22.2109375,0.4082252112843709,0.3156965440622148,normal_flow,4087170.csv
4087170,2022-11-15,nighttime,6,-0.9932555018018324,6.807898618750126e-5,-0.8817802503477126,22.2109375,0.4082252112843709,0.3156965440622148,normal_flow,4087170.csv
4087170,2022-11-16,daytime,6,0.2583648068484678,0.6210760217596876,0.17578125000022812,31.4765625,0.27395548149029875,0.35931833511883504,normal_flow,4087170.csv
4087170,2022-11-16,nighttime,6,-0.2307186733733285,0.6600626950473143,-0.3272727272726179,31.4765625,0.27395548149029875,0.35931833511883504,normal_flow,4087170.csv
4087170,2022-11-17,daytime,6,-0.8940466524071237,0.01624444573287065,-0.44945328031813,34.546875,0.24009046542078324,0.40057929611554177,normal_flow,4087170.csv
4087170,2022-11-17,nighttime,6,-0.6954583778656848,0.12499595174244048,-0.8291354663035433,34.546875,0.24009046542078324,0.40057929611554177,normal_flow,4087170.csv
4087170,2022-11-18,daytime,6,-0.9794631184004434,6.283144051601421e-4,-0.7875880677559443,27.2109375,0.32650874895845733,0.4321429988493433,normal_flow,4087170.csv
4087170,2022-11-18,nighttime,6,-0.994996239129578,3.749379313380265e-5,-0.2950720242608651,27.2109375,0.32650874895845733,0.4321429988493433,normal_flow,4087170.csv
4087170,2022-11-19,daytime,6,-0.9925733190661318,8.252857305703617e-5,-0.5199999999999517,20.9609375,0.43274610165456495,0.4443597984366941,normal_flow,4087170.csv
4087170,2022-11-19,nighttime,6,-0.9849492390503852,3.380834178826214e-4,-0.6696917122647869,20.9609375,0.43274610165456495,0.4443597984366941,normal_flow,4087170.csv
4087170,2022-11-20,daytime,6,-0.7716308778067348,0.07227367866178681,-0.8174157303370765,17.03125,0.5206523032972266,0.4539142165615205,normal_flow,4087170.csv
4087170,2022-11-20,nighttime,6,-0.9775647486139676,7.493644717532439e-4,-0.4565891472867944,17.03125,0.5206523032972266,0.4539142165615205,normal_flow,4087170.csv
4087170,2022-11-21,daytime,6,-0.6460565864561648,0.16574361306891877,-0.2935483870969946,14.6796875,0.586537316986073,0.4638892195373567,normal_flow,4087170.csv
4087170,2022-11-21,nighttime,6,-0.9635065876771096,0.0019733533142261,-0.4035785288269667,14.6796875,0.586537316986073,0.4638892195373567,normal_flow,4087170.csv
4087170,2022-11-22,daytime,6,-0.8543662952263016,0.03026937851359799,-1.0795454545456746,12.8984375,0.6451612903225806,0.46936475816371065,normal_flow,4087170.csv
4087170,2022-11-22,nighttime,6,-0.3705375046043715,0.469630780087312,-0.3398963730568257,12.8984375,0.6451612903225806,0.46936475816371065,normal_flow,4087170.csv
4087170,2022-11-23,daytime,6,-0.22998665735959295,0.6611024552835121,-0.07308970099670094,12.109375,0.6742054517319367,0.4742848073642027,normal_flow,4087170.csv
4087170,2022-11-23,nighttime,6,-0.5937140227992302,0.2140699760806609,-0.35664335664342983,12.109375,0.6742054517319367,0.4742848073642027,normal_flow,4087170.csv
4087170,2022-11-24,daytime,6,0.8174238913695817,0.04695805392590788,2.8636363636366657,11.8125,0.6855136293298417,0.4928897353489664,normal_flow,4087170.csv
4087170,2022-11-24,nighttime,6,-0.3819315735149628,0.4549591488106828,-0.7313432835823634,11.8125,0.6855136293298417,0.4928897353489664,normal_flow,4087170.csv
4087170,2022-11-25,daytime,6,-0.7207707578872625,0.10606784632432112,-0.7264150943395441,13.9453125,0.6095702892512797,0.5178193072253303,normal_flow,4087170.csv
4087170,2022-11-25,nighttime,6,-0.3864262983950217,0.4492121608015564,-0.05664062500003478,13.9453125,0.6095702892512797,0.5178193072253303,normal_flow,4087170.csv
4087170,2022-11-26,daytime,6,0.17112572776122606,0.7458170325219697,0.04619138922776385,22.734375,0.3977502678252589,0.5395389437765346,normal_flow,4087170.csv
4087170,2022-11-26,nighttime,6,-0.9649822296649474,0.00181789618928556,-0.8485670680006671,22.734375,0.3977502678252589,0.5395389437765346,normal_flow,4087170.csv
4087170,2022-11-27,daytime,6,-0.06517120879514045,0.902381587203502,-0.03680981595068356,22.140625,0.4092965123199619,0.553537277308257,normal_flow,4087170.csv
4087170,2022-11-27,nighttime,6,-0.8923189053785042,0.01676853431754028,-0.9634369287020086,22.140625,0.4092965123199619,0.553537277308257,normal_flow,4087170.csv
4087170,2022-11-28,daytime,6,0.8777244487309499,0.02151287579421539,0.5202702702704513,21.765625,0.4163790024997024,0.5628853707891918,normal_flow,4087170.csv
4087170,2022-11-28,nighttime,6,-0.91137355113127,0.01143390640380157,-0.5635103926094781,21.765625,0.4163790024997024,0.5628853707891918,normal_flow,4087170.csv
4087170,2022-11-29,daytime,6,-0.23904572186698764,0.648261294967153,-0.28571428571463137,21.890625,0.4138793000833234,0.5709796452803237,normal_flow,4087170.csv
4087170,2022-11-29,nighttime,6,-0.6594087330442782,0.15424891260200824,-0.28247422680424755,21.890625,0.4138793000833234,0.5709796452803237,normal_flow,4087170.csv
4087170,2022-11-30,daytime,6,-0.656051659879482,0.15710606746573427,-0.5838150289013565,18.6484375,0.48202594929175097,0.5749474268936238,normal_flow,4087170.csv
4087170,2022-11-30,nighttime,6,-0.6699739946729678,0.14540299798324072,-0.05473965287059047,18.6484375,0.48202594929175097,0.5749474268936238,normal_flow,4087170.csv
4087170,2022-12-01,daytime,6,-0.97322789918644,0.00106552368314523,-0.6353401860009148,15.8515625,0.5530294012617546,0.5755862397333651,normal_flow,4087170.csv
4087170,2022-12-01,nighttime,6,-0.9930929854158224,7.139551974309657e-5,-0.6324120603014988,15.8515625,0.5530294012617546,0.5755862397333651,normal_flow,4087170.csv
4087170,2022-12-02,daytime,6,-0.5222329678659803,0.28786413472790523,-0.13636363636322232,13.7890625,0.6140340435662421,0.5771535134706186,normal_flow,4087170.csv
4087170,2022-12-02,nighttime,6,-0.8313426090104211,0.04026921695107859,-0.38292367399756144,13.7890625,0.6140340435662421,0.5771535134706186,normal_flow,4087170.csv
4087170,2022-12-03,daytime,6,-0.8968807416594934,0.01540210864521023,-0.8227272727273579,12.6953125,0.6523032972265207,0.5602785382692537,normal_flow,4087170.csv
4087170,2022-12-03,nighttime,6,-0.9871461321008828,2.4677100958527806e-4,-0.5224331320102847,12.6953125,0.6523032972265207,0.5602785382692537,normal_flow,4087170.csv
4087170,2022-12-04,daytime,6,0.1338447806497648,0.8004317051882062,0.03745743473322247,12.96875,0.6427211046304011,0.5550251954132445,normal_flow,4087170.csv
4087170,2022-12-04,nighttime,6,-0.9486361040877672,0.00388961931078088,-0.7608405603735414,12.96875,0.6427211046304011,0.5550251954132445,normal_flow,4087170.csv
4087170,2022-12-05,daytime,6,0.0710209721849973,0.8936476558505277,0.06832298136617251,12.453125,0.6608737055112487,0.555640201563306,normal_flow,4087170.csv
4087170,2022-12-05,nighttime,6,-0.9216604846559912,0.00896523157323551,-0.4339622641510296,12.453125,0.6608737055112487,0.555640201563306,normal_flow,4087170.csv
4087170,2022-12-06,daytime,6,0.11043152607493244,0.8350260738514739,0.04878048780500989,11.1875,0.7079514343530532,0.5604848629131453,normal_flow,4087170.csv
4087170,2022-12-06,nighttime,6,-0.09007546982266294,0.8652522129934845,-0.0689655172416456,11.1875,0.7079514343530532,0.5604848629131453,normal_flow,4087170.csv
4087170,2022-12-07,daytime,6,-0.7651948837201978,0.0762273567427981,-0.19677419354846623,11.2734375,0.7046780145220807,0.5698170852676269,normal_flow,4087170.csv
4087170,2022-12-07,nighttime,6,-0.5849326225673993,0.2226672952695432,-0.15449215655200502,11.2734375,0.7046780145220807,0.5698170852676269,normal_flow,4087170.csv
4087170,2022-12-08,daytime,6,-0.6620690199973016,0.1520006101341717,-0.44155844155822177,11.8515625,0.6837876443280562,0.5457683609094156,normal_flow,4087170.csv
4087170,2022-12-08,nighttime,6,-0.3071475584165399,0.5537667547532877,-0.0769230769229622,11.8515625,0.6837876443280562,0.5457683609094156,normal_flow,4087170.csv
4087170,2022-12-09,daytime,6,0.21300357393890307,0.6853266808147775,0.34558823529418525,11.1484375,0.7090227353886442,0.5090544776415507,normal_flow,4087170.csv
4087170,2022-12-09,nighttime,6,0.7092993656153934,0.11447718951131888,1.0000000000007585,11.1484375,0.7090227353886442,0.5090544776415507,normal_flow,4087170.csv
4087170,2022-12-10,daytime,6,-0.816429961164084,0.04745397090164682,-0.6516853932585391,25.265625,0.35644566123080584,0.46848391064555805,normal_flow,4087170.csv
4087170,2022-12-10,nighttime,6,0.3711574430532042,0.4688287606457713,1.9200000000012976,25.265625,0.35644566123080584,0.46848391064555805,normal_flow,4087170.csv
4087170,2022-12-11,daytime,6,0.03659625273565098,0.9451301273157662,0.07500000000014856,27.6953125,0.3189501249851208,0.4264452644526445,normal_flow,4087170.csv
4087170,2022-12-11,nighttime,6,-0.7947194142389119,0.05888490419068995,-1.0000000000000646,27.6953125,0.3189501249851208,0.4264452644526445,normal_flow,4087170.csv
4087170,2022-12-12,daytime,6,0.8957503023974819,0.01573550634721001,0.24579185520323005,21.6796875,0.4185216045708845,0.3882037852636591,normal_flow,4087170.csv
4087170,2022-12-12,nighttime,6,0.8907689867498393,0.01724548114915877,1.0285714285716323,21.6796875,0.4185216045708845,0.3882037852636591,normal_flow,4087170.csv
4087170,2022-12-13,daytime,6,NA,NA,1.5357063026943818e-14,18.359375,0.489048922747292,0.35345792167599094,normal_flow,4087170.csv
4087170,2022-12-13,nighttime,6,0.31622776601683794,0.5414697392755848,0.1000000000001908,18.359375,0.489048922747292,0.35345792167599094,normal_flow,4087170.csv
4087170,2022-12-14,daytime,6,-0.6936416870660217,0.12640643041763458,-0.1850533807828457,15.8203125,0.5538626354005476,0.321346665079554,normal_flow,4087170.csv
4087170,2022-12-14,nighttime,6,0.9481350753721404,0.00396519805378421,0.5325593134777995,15.8203125,0.5538626354005476,0.321346665079554,normal_flow,4087170.csv
4087170,2022-12-15,daytime,6,0.2786391062873801,0.5928580760614294,0.06211180124219258,52.84375,0.12129508391858113,0.2950442407649883,normal_flow,4087170.csv
4087170,2022-12-15,nighttime,6,-0.7574715944626323,0.08109727749803695,-1.1282894736843552,52.84375,0.12129508391858113,0.2950442407649883,normal_flow,4087170.csv
4087170,2022-12-16,daytime,6,0.4538816846831601,0.3659292344876512,0.99999999999956,247.8828125,0.0023211522437805,0.27535214061818036,normal_flow,4087170.csv
4087170,2022-12-16,nighttime,6,-0.84563967201368,0.03390168596071374,-1.0260223048327086,247.8828125,0.0023211522437805,0.27535214061818036,normal_flow,4087170.csv
4087170,2022-12-17,daytime,6,-0.04385290096678638,0.9342628148007528,-0.00961538461564387,204.2734375,0.005475538626354,0.2586477800261874,normal_flow,4087170.csv
4087170,2022-12-17,nighttime,6,-0.9996571526629626,1.7629629489590726e-7,-1.0712785847835808,204.2734375,0.005475538626354,0.2586477800261874,normal_flow,4087170.csv
4087170,2022-12-18,daytime,6,-0.31860644549992057,0.538261212582959,-0.0369127516779158,112.0546875,0.02172360433281752,0.2697615363250407,normal_flow,4087170.csv
4087170,2022-12-18,nighttime,6,-0.9504370666812983,0.00362385125348549,-2.1928571428569263,112.0546875,0.02172360433281752,0.2697615363250407,normal_flow,4087170.csv
4087170,2022-12-19,daytime,6,0.927316125432302,0.00773242595478428,2.3985765124559,70.328125,0.06909891679561957,0.2870967741935484,normal_flow,4087170.csv
4087170,2022-12-19,nighttime,6,-0.9905525643030724,1.3345945096368146e-4,-1.5645161290321437,70.328125,0.06909891679561957,0.2870967741935484,normal_flow,4087170.csv
4087170,2022-12-20,daytime,6,-0.9120398802439652,0.01126520104025234,-0.8146067415727661,48.8125,0.13968575169622663,0.3007419751616871,normal_flow,4087170.csv
4087170,2022-12-20,nighttime,6,0.2826334318594807,0.5873384656134413,0.23076923076925313,48.8125,0.13968575169622663,0.3007419751616871,normal_flow,4087170.csv
4087170,2022-12-21,daytime,6,-0.7737184177347224,0.07101184367505534,-0.5243902439025777,36.1796875,0.22628258540649923,0.3122564774034837,normal_flow,4087170.csv
4087170,2022-12-21,nighttime,6,0.4212159573765704,0.4055427386438885,0.525751072961438,36.1796875,0.22628258540649923,0.3122564774034837,normal_flow,4087170.csv
4087170,2022-12-22,daytime,6,-0.1366935298664184,0.7962367727804445,-0.02491349480972471,28.3828125,0.3101416498035948,0.3224497083680514,normal_flow,4087170.csv
4087170,2022-12-22,nighttime,6,-0.9873084596852352,2.4059064717285968e-4,-0.978548895898888,28.3828125,0.3101416498035948,0.3224497083680514,normal_flow,4087170.csv
4087170,2022-12-23,daytime,6,NA,NA,2.4318855971432067e-14,23.2890625,0.3884061421259374,0.32349720271396265,normal_flow,4087170.csv
4087170,2022-12-23,nighttime,6,-0.8895987639707602,0.01760984034553966,-0.6963696369637741,23.2890625,0.3884061421259374,0.32349720271396265,normal_flow,4087170.csv
4087170,2022-12-24,daytime,6,0.9638936926367436,0.00193196287473224,2.286486486486291,19.671875,0.458457326508749,0.326544458992977,normal_flow,4087170.csv
4087170,2022-12-24,nighttime,6,0.21517251822367944,0.682222381747801,0.8400000000024626,19.671875,0.458457326508749,0.326544458992977,normal_flow,4087170.csv
4087170,2022-12-25,daytime,6,-0.6139406135145357,0.19479327227502152,-0.5833333333331945,16.9375,0.5231520057136055,0.33134150696345677,normal_flow,4087170.csv
4087170,2022-12-25,nighttime,6,-0.24292477189726455,0.6427806345003357,-0.3962264150945328,16.9375,0.5231520057136055,0.33134150696345677,normal_flow,4087170.csv
4087170,2022-12-26,daytime,6,-0.5990415576288475,0.20892093098668885,-0.6769230769229672,14.9375,0.5789786930127366,0.33996349640915763,normal_flow,4087170.csv
4087170,2022-12-26,nighttime,6,-0.42560808425026125,0.4001356747897032,-0.17672413793089528,14.9375,0.5789786930127366,0.33996349640915763,normal_flow,4087170.csv
4087170,2022-12-27,daytime,6,-0.6594087481103005,0.15424889982948406,-1.471698113207647,13.5234375,0.6231996190929652,0.3501091139943658,normal_flow,4087170.csv
4087170,2022-12-27,nighttime,6,-0.1973855084887768,0.7077669095101558,-0.2857142857156049,13.5234375,0.6231996190929652,0.3501091139943658,normal_flow,4087170.csv
4087170,2022-12-28,daytime,6,0.6349812749300975,0.17554069981435652,0.5609756097557914,12.4296875,0.6617664563742411,0.34674046740467407,normal_flow,4087170.csv
4087170,2022-12-28,nighttime,6,-0.19518001459021656,0.7109476926783178,-0.06666666666679122,12.4296875,0.6617664563742411,0.34674046740467407,normal_flow,4087170.csv
4087170,2022-12-31,daytime,6,0.01779765193323602,0.973306340860351,0.02439024390314974,82.984375,0.04802999642899654,0.31633535690195613,normal_flow,4087170.csv
4087170,2022-12-31,nighttime,6,-0.7016783541961136,0.12021901912027616,-0.11361981063380516,82.984375,0.04802999642899654,0.31633535690195613,normal_flow,4087170.csv
4087170,2023-01-01,daytime,6,0.15422460757122777,0.7704972224921804,0.03155183515774541,67.1171875,0.07743125818354958,0.3065547752251716,normal_flow,4087170.csv
4087170,2023-01-01,nighttime,6,0.7597867141575074,0.07962318976452168,0.5289778714436791,67.1171875,0.07743125818354958,0.3065547752251716,normal_flow,4087170.csv
4087170,2023-01-02,daytime,6,0.09746014694781945,0.8542726412184072,0.05319148936153043,46.46875,0.15105344601833115,0.2987104709756775,normal_flow,4087170.csv
4087170,2023-01-02,nighttime,6,0.6198406043543562,0.18931120956564637,0.9384615384619,46.46875,0.15105344601833115,0.2987104709756775,normal_flow,4087170.csv
4087170,2023-01-03,daytime,6,-0.4125099905973268,0.4163322906721335,-0.731707317073335,36.734375,0.2212831805737412,0.2923620203943975,normal_flow,4087170.csv
4087170,2023-01-03,nighttime,6,-0.6423172335936215,0.16902501893943075,-0.8142857142855545,36.734375,0.2212831805737412,0.2923620203943975,normal_flow,4087170.csv
4087170,2023-01-04,daytime,6,0.9658365597512828,0.0017307742045188,0.9472656250002668,62.3828125,0.08915605285085108,0.28802920287267386,normal_flow,4087170.csv
4087170,2023-01-04,nighttime,6,0.0777713771047504,0.8835781300397636,0.07258064516129753,62.3828125,0.08915605285085108,0.28802920287267386,normal_flow,4087170.csv
4087170,2023-01-05,daytime,6,0.9128709291752776,0.01105649339344992,0.4999999999994417,61.671875,0.0912391381978336,0.28532714359401656,normal_flow,4087170.csv
4087170,2023-01-05,nighttime,6,0.5649326828663808,0.24274980807283464,1.000000000000866,61.671875,0.0912391381978336,0.28532714359401656,normal_flow,4087170.csv
4087170,2023-01-06,daytime,6,NA,NA,NA,46.03125,0.15385073205570765,0.28221640280918936,normal_flow,4087170.csv
4087170,2023-01-06,nighttime,6,-0.2601329908574314,0.618602005885734,-0.2142857142857371,46.03125,0.15385073205570765,0.28221640280918936,normal_flow,4087170.csv
4087170,2023-01-07,daytime,6,-0.3439141216597271,0.5044673695667272,-0.24800000000024705,36.484375,0.2236638495417212,0.31902948061738684,normal_flow,4087170.csv
4087170,2023-01-07,nighttime,6,0.40207700790600415,0.42938556289560614,0.12337662337664138,36.484375,0.2236638495417212,0.31902948061738684,normal_flow,4087170.csv
4087170,2023-01-08,daytime,6,-0.8295613557843413,0.0410984328299288,-0.12903225806477253,28.234375,0.3117486013569813,0.36412728643415465,normal_flow,4087170.csv
4087170,2023-01-08,nighttime,6,-0.4899999999998308,0.32382450000019297,-0.3062499999998377,28.234375,0.3117486013569813,0.36412728643415465,normal_flow,4087170.csv
4087170,2023-01-09,daytime,6,0.9223224669450928,0.0088163533961142,0.4253393665158947,22.359375,0.4054874419711939,0.4090147998254176,normal_flow,4087170.csv
4087170,2023-01-09,nighttime,6,-0.34279838041287103,0.5059436732770466,-0.3699999999999106,22.359375,0.4054874419711939,0.4090147998254176,normal_flow,4087170.csv
4087170,2023-01-10,daytime,6,-0.03071475584121027,0.953942354330562,-0.03773584905613848,18.578125,0.48375193429353647,0.4504344720866564,normal_flow,4087170.csv
4087170,2023-01-10,nighttime,6,0.24723408821687765,0.6367049217155296,0.13447432762818265,18.578125,0.48375193429353647,0.4504344720866564,normal_flow,4087170.csv
4087170,2023-01-11,daytime,6,-0.15806120471820467,0.7648826416824916,-0.12658227848075462,15.640625,0.558207356267111,0.4577550291631949,normal_flow,4087170.csv
4087170,2023-01-11,nighttime,6,0.4472135954999312,0.3739009663000912,0.6000000000000357,15.640625,0.558207356267111,0.4577550291631949,normal_flow,4087170.csv
4087170,2023-01-12,daytime,6,0.5022118564596272,0.31001533612521065,1.103448275861978,13.578125,0.6212355671943817,0.46007618140697537,normal_flow,4087170.csv
4087170,2023-01-12,nighttime,6,0.2496258416452658,0.6333387126580828,0.10593220338944738,13.578125,0.6212355671943817,0.46007618140697537,normal_flow,4087170.csv
4087170,2023-01-13,daytime,6,-0.3030216076329482,0.5593796279255442,-0.1176470588240761,12.484375,0.6600999880966552,0.45556878149426655,normal_flow,4087170.csv
4087170,2023-01-13,nighttime,6,-0.2743690879756659,0.5987734005237912,-1.3000000000006946,12.484375,0.6600999880966552,0.45556878149426655,normal_flow,4087170.csv
4087170,2023-01-14,daytime,6,-0.6846531968815963,0.1334857976967946,-0.5000000000000911,11.71875,0.6892036662302107,0.44697456651985873,normal_flow,4087170.csv
4087170,2023-01-14,nighttime,6,0.5722725871802009,0.23529958623841124,0.5825503355699431,11.71875,0.6892036662302107,0.44697456651985873,normal_flow,4087170.csv
4087170,2023-01-15,daytime,6,0.7765802747146494,0.06929840922619217,0.4307692307680415,10.6875,0.7244970836805142,0.43739237392373925,normal_flow,4087170.csv
4087170,2023-01-15,nighttime,6,-0.24253562503725432,0.6433299631805625,-0.22222222222306337,10.6875,0.7244970836805142,0.43739237392373925,normal_flow,4087170.csv
4087170,2023-01-16,daytime,6,0.06984302957750685,0.8954058044863705,0.05000000000037378,9.96875,0.7507439590524938,0.4273776931317701,normal_flow,4087170.csv
4087170,2023-01-16,nighttime,6,0.9323123667560652,0.00671736417986249,0.9866666666666302,9.96875,0.7507439590524938,0.4273776931317701,normal_flow,4087170.csv
4087170,2023-01-17,daytime,6,-0.7114713368561398,0.11286335321839262,-1.811235955056494,9.359375,0.7723485299369123,0.4175891758917589,normal_flow,4087170.csv
4087170,2023-01-17,nighttime,6,-0.8490850237647738,0.0324444258813389,-1.1897810218978553,9.359375,0.7723485299369123,0.4175891758917589,normal_flow,4087170.csv
4087170,2023-01-18,daytime,6,-0.3940552031197833,0.43951154338866727,-0.1863354037267823,26.859375,0.33109153672181885,0.4088045073999127,normal_flow,4087170.csv
4087170,2023-01-18,nighttime,6,NA,NA,NA,26.859375,0.33109153672181885,0.4088045073999127,normal_flow,4087170.csv
4087170,2023-01-19,daytime,6,0.7772909266608435,0.06887588646004733,0.62195121951222,52.125,0.12397333650755862,0.4006903940007142,normal_flow,4087170.csv
4087170,2023-01-19,nighttime,6,-0.7522734402815315,0.08445137528747075,-0.6916742909426118,52.125,0.12397333650755862,0.4006903940007142,normal_flow,4087170.csv
4087170,2023-01-20,daytime,6,0.805502974506304,0.05306481636323748,0.6378378378378585,108.5,0.02362813950720152,0.3931476411538309,normal_flow,4087170.csv
4087170,2023-01-20,nighttime,6,-0.41905817746109714,0.408208085975556,-0.2195121951217481,108.5,0.02362813950720152,0.3931476411538309,normal_flow,4087170.csv
4087170,2023-01-21,daytime,6,-0.42839304295341096,0.39671990954874303,-0.23595505617971124,105.734375,0.02493750743959052,0.3869499662738563,normal_flow,4087170.csv
4087170,2023-01-21,nighttime,6,-0.7516460280038522,0.08486034443656602,-0.3389830508479018,105.734375,0.02493750743959052,0.3869499662738563,normal_flow,4087170.csv
4087170,2023-01-22,daytime,6,-0.6825236327896091,0.1351874466515234,-0.35714285714250066,65.9375,0.07993096059992857,0.3825655675911598,normal_flow,4087170.csv
4087170,2023-01-22,nighttime,6,-0.9645577098863114,0.00186197337133128,-0.8792756539231682,65.9375,0.07993096059992857,0.3825655675911598,normal_flow,4087170.csv
4087170,2023-01-23,daytime,6,-0.9174680227754166,0.00993620649036546,-0.28883495145627114,44.71875,0.16152838947744316,0.3795262468753719,normal_flow,4087170.csv
4087170,2023-01-23,nighttime,6,-0.48949357543841554,0.3244019364739716,-0.07260726072594179,44.71875,0.16152838947744316,0.3795262468753719,normal_flow,4087170.csv
4087170,2023-01-24,daytime,6,0.3162277660168379,0.541469739275585,0.15999999999986547,32.828125,0.25865968337102724,0.37737570924096336,normal_flow,4087170.csv
4087170,2023-01-24,nighttime,6,-0.3777999856699892,0.46026225190297165,-0.3387755102041432,32.828125,0.25865968337102724,0.37737570924096336,normal_flow,4087170.csv
4087170,2023-01-25,daytime,6,-0.6319205115780593,0.17828959824734386,-0.44009216589873057,25.484375,0.35198190691584336,0.3755267230091656,normal_flow,4087170.csv
4087170,2023-01-25,nighttime,6,-0.17073170731596218,0.7463907952599571,-0.17073170731600526,25.484375,0.35198190691584336,0.3755267230091656,normal_flow,4087170.csv
4087170,2023-01-26,daytime,6,-0.01494035761700941,0.9775911310251127,-0.00357142857150991,20.78125,0.4364956552791334,0.404205848510098,normal_flow,4087170.csv
4087170,2023-01-26,nighttime,6,0.5402260229240718,0.26849186942660763,2.120000000001341,20.78125,0.4364956552791334,0.404205848510098,normal_flow,4087170.csv
4087170,2023-01-27,daytime,6,-0.5149810476627276,0.2958163263329008,-0.5866666666662339,17.53125,0.508094274491132,0.44743086140538824,normal_flow,4087170.csv
4087170,2023-01-27,nighttime,6,-0.8827185457384672,0.01982580961582693,-0.9208633093524924,17.53125,0.508094274491132,0.44743086140538824,normal_flow,4087170.csv
4087170,2023-01-28,daytime,6,-0.5444357229375179,0.264034581711195,-0.6538461538462903,15.3125,0.567134864897036,0.4980637225727096,normal_flow,4087170.csv
4087170,2023-01-28,nighttime,6,-0.8914146961205158,0.01704600025290526,-0.8407593955828426,15.3125,0.567134864897036,0.4980637225727096,normal_flow,4087170.csv
4087170,2023-01-29,daytime,6,0.19364916730966197,0.7131571709225366,0.12499999999941044,13.515625,0.6234376859897631,0.5494861722810777,normal_flow,4087170.csv
4087170,2023-01-29,nighttime,6,-0.9092171562708498,0.01198819254815606,-0.8134490238612067,13.515625,0.6234376859897631,0.5494861722810777,normal_flow,4087170.csv
4087170,2023-02-08,daytime,6,-0.6770947357773038,0.13956740217956115,-0.3414043583533858,8.125,0.8176407570527319,0.4809189382216403,normal_flow,4087170.csv
4087170,2023-02-08,nighttime,6,0.5222329678669638,0.2878641347268322,0.2727272727271859,8.125,0.8176407570527319,0.4809189382216403,normal_flow,4087170.csv
4087170,2023-02-09,daytime,6,-0.8657673399352558,0.02581828118933307,-0.8292258625688048,17.5,0.509046542078324,0.43565051779550057,normal_flow,4087170.csv
4087170,2023-02-09,nighttime,6,-0.00938150701219911,0.9859281523274596,-0.00114416475966358,17.5,0.509046542078324,0.43565051779550057,normal_flow,4087170.csv
4087170,2023-02-10,daytime,6,-0.7100722365664143,0.1139017723875606,-0.32208258527818734,154.015625,0.01124866087370551,0.3872435821132405,normal_flow,4087170.csv
4087170,2023-02-10,nighttime,6,-0.4958406563768108,0.3171922007020074,-1.2519685039369024,154.015625,0.01124866087370551,0.3872435821132405,normal_flow,4087170.csv
4087170,2023-02-11,daytime,6,-0.2884433948397672,0.5793340941270801,-0.1347962382446129,157.078125,0.01047494345911201,0.33915010117843114,normal_flow,4087170.csv
4087170,2023-02-11,nighttime,6,-0.08164965809265798,0.8777976783879878,-0.05555555555543916,157.078125,0.01047494345911201,0.33915010117843114,normal_flow,4087170.csv
4087170,2023-02-12,daytime,6,0.309991787877247,0.5499066344379934,0.07474048442886613,90.4375,0.03820973693607903,0.2947268182359243,normal_flow,4087170.csv
4087170,2023-02-12,nighttime,6,-0.18504656734532585,0.7255983527349161,-0.14457831325314774,90.4375,0.03820973693607903,0.2947268182359243,normal_flow,4087170.csv
4087170,2023-02-13,daytime,6,-0.3136218121102827,0.5449909894530522,-0.06423421455104963,57.359375,0.1045708844185216,0.25570368606911875,normal_flow,4087170.csv
4087170,2023-02-13,nighttime,6,-0.4232634445146343,0.40301906756874023,-0.32499999999945817,57.359375,0.1045708844185216,0.25570368606911875,normal_flow,4087170.csv
4087170,2023-02-14,daytime,6,0.06565321643004297,0.9016616693558632,0.25000000000046063,47.28125,0.14754195929056066,0.21947783993968972,normal_flow,4087170.csv
4087170,2023-02-14,nighttime,6,0.5717421098389898,0.23583494999457297,0.251282051282118,47.28125,0.14754195929056066,0.21947783993968972,normal_flow,4087170.csv
4087170,2023-02-15,daytime,6,-0.7606539347474103,0.07907415458280745,-0.1484888304862477,62.59375,0.08862040233305558,0.18523191683529736,normal_flow,4087170.csv
4087170,2023-02-15,nighttime,6,0.7375451211407262,0.09428456273436232,0.5302013422824434,62.59375,0.08862040233305558,0.18523191683529736,normal_flow,4087170.csv
4087170,2023-02-16,daytime,6,0.7450579607884841,0.0892081296015025,0.7941176470586333,72.125,0.06558743006784906,0.15617188429948817,normal_flow,4087170.csv
4087170,2023-02-16,nighttime,6,-0.854429782269614,0.03024366588098672,-0.34883993438004596,72.125,0.06558743006784906,0.15617188429948817,normal_flow,4087170.csv
4087170,2023-02-17,daytime,6,0.5098618419220564,0.30147884934354285,0.4077253218879949,93.359375,0.03517438400190453,0.15304924016982105,normal_flow,4087170.csv
4087170,2023-02-17,nighttime,6,-0.6695558862005212,0.14574882485179344,-0.0974576271185321,93.359375,0.03517438400190453,0.15304924016982105,normal_flow,4087170.csv
4087170,2023-02-18,daytime,6,-0.4019447785558905,0.4295518519954921,-0.1545352743560251,80.96875,0.05094631591477205,0.1879498472404079,normal_flow,4087170.csv
4087170,2023-02-18,nighttime,6,-0.4138644509784247,0.41464745810093145,-0.4216216216216178,80.96875,0.05094631591477205,0.1879498472404079,normal_flow,4087170.csv
4087170,2023-02-19,daytime,6,-0.9435261926501276,0.00469388067448261,-0.6937086092715264,53.765625,0.11677181287941912,0.2271316906717454,normal_flow,4087170.csv
4087170,2023-02-19,nighttime,6,0.08671099695253455,0.8702594857627499,0.07142857142866271,53.765625,0.11677181287941912,0.2271316906717454,normal_flow,4087170.csv
4087170,2023-02-20,daytime,6,-0.5727421743858869,0.23482607660795943,-0.7168141592920247,37.828125,0.2109272705630282,0.26803951910486845,normal_flow,4087170.csv
4087170,2023-02-20,nighttime,6,0.06502560887624771,0.902599061545832,0.0084566596194401,37.828125,0.2109272705630282,0.26803951910486845,normal_flow,4087170.csv
4087170,2023-02-21,daytime,6,-0.9244546741991646,0.00834507215272667,-0.33624253559953354,32.0625,0.26711105820735626,0.3065904852596913,normal_flow,4087170.csv
4087170,2023-02-21,nighttime,6,-0.31833071697710497,0.5386328578590812,-0.123853211009155,32.0625,0.26711105820735626,0.3065904852596913,normal_flow,4087170.csv
4087170,2023-02-22,daytime,6,0.34310375082718353,0.5055394920695826,0.4807692307689293,28.796875,0.3046065944530413,0.34320120620561045,normal_flow,4087170.csv
4087170,2023-02-22,nighttime,6,0.8339889993694878,0.039051875765321153,0.5813449023860751,28.796875,0.3046065944530413,0.34320120620561045,normal_flow,4087170.csv
4087170,2023-02-23,daytime,6,0.10204128613495198,0.8474693193698247,0.14093959731544428,23.71875,0.3817402690155934,0.3735904455818751,normal_flow,4087170.csv
4087170,2023-02-23,nighttime,6,0.5203059023730495,0.2899692934467313,1.7500000000004623,23.71875,0.3817402690155934,0.3735904455818751,normal_flow,4087170.csv
4087170,2023-02-24,daytime,6,-0.9419962824695732,0.00494907211116342,-2.6190476190472154,19.46875,0.46220688013331745,0.3815220410268619,normal_flow,4087170.csv
4087170,2023-02-24,nighttime,6,-0.8055286490835776,0.0530512931419306,-0.5000000000000795,19.46875,0.46220688013331745,0.3815220410268619,normal_flow,4087170.csv
4087170,2023-02-25,daytime,6,-0.8116960288415749,0.04984910092570401,-0.26765799256515715,16.53125,0.534757766932508,0.38636273459508785,normal_flow,4087170.csv
4087170,2023-02-25,nighttime,6,-0.6550329300957966,0.1579774851732609,-1.5980861244018914,16.53125,0.534757766932508,0.38636273459508785,normal_flow,4087170.csv
4087170,2023-02-26,daytime,6,-0.995299216472812,3.30941111877203e-5,-0.8221476510065618,14.28125,0.598202594929175,0.3952346942824267,normal_flow,4087170.csv
4087170,2023-02-26,nighttime,6,-0.20273268971391656,0.7000671772931892,-0.05978260869591804,14.28125,0.598202594929175,0.3952346942824267,normal_flow,4087170.csv
4087170,2023-06-30,daytime,6,-0.9814708960399304,5.118107630813925e-4,-0.6188569968486624,42.9375,0.17295560052374717,0.3032258064516129,normal_flow,4087170.csv
4087170,2023-06-30,nighttime,6,-0.8635735524649527,0.02664866688243077,-0.6400497125990595,42.9375,0.17295560052374717,0.3032258064516129,normal_flow,4087170.csv
4087170,2023-07-01,daytime,6,-0.04699405863477373,0.9295608038636144,-0.00839207787848332,31.046875,0.2784787525294608,0.26144903384517715,normal_flow,4087170.csv
4087170,2023-07-01,nighttime,6,-0.729875338717971,0.09959586094306158,-0.6307642695904564,31.046875,0.2784787525294608,0.26144903384517715,normal_flow,4087170.csv
4087170,2023-07-02,daytime,6,-0.9554071409130136,0.0029384476575443,-1.875180144115324,27.578125,0.3208546601595048,0.22013649168749752,high_flow,4087170.csv
4087170,2023-07-02,nighttime,6,-0.7930920020643245,0.05978741858150501,-0.4552032627285836,27.578125,0.3208546601595048,0.22013649168749752,high_flow,4087170.csv
4087170,2023-07-03,daytime,6,-0.25251536496266697,0.6292776486265189,-0.3731487443658937,24.53125,0.36769432210451136,0.1820418204182042,high_flow,4087170.csv
4087170,2023-07-03,nighttime,6,-0.4081977243179444,0.4217114644243245,-0.5068919519786067,24.53125,0.36769432210451136,0.1820418204182042,high_flow,4087170.csv
4087170,2023-07-04,daytime,6,0.5626123684858354,0.24512404687504644,1.1837104072398152,19.390625,0.4636352815141055,0.1940959409594096,high_flow,4087170.csv
4087170,2023-07-04,nighttime,6,-0.836237308762752,0.03803141669970542,-0.6262744265081011,19.390625,0.4636352815141055,0.1940959409594096,high_flow,4087170.csv
4087170,2023-07-05,daytime,6,0.2813509599387816,0.5891092007523995,0.15003271062009976,16,0.5489822640161885,0.21977145577907392,high_flow,4087170.csv
4087170,2023-07-05,nighttime,6,-0.36069820042864226,0.4824166929318183,-0.3339167243274084,16,0.5489822640161885,0.21977145577907392,high_flow,4087170.csv
4087170,2023-07-06,daytime,6,-0.96801428353414,0.00151826701646854,-1.0427883758245244,113.96875,0.02089037019402452,0.21928738642225132,high_flow,4087170.csv
4087170,2023-07-06,nighttime,6,-0.5084747785863171,0.30302004483169054,-0.31932773109242435,113.96875,0.02089037019402452,0.21928738642225132,high_flow,4087170.csv
4087170,2023-07-07,daytime,6,0.349635092803968,0.4969178789800445,0.1705690574985195,146.5625,0.01261754553029401,0.21442288616434552,high_flow,4087170.csv
4087170,2023-07-07,nighttime,6,-0.5125743539637327,0.29847343166708,-0.560800410466885,146.5625,0.01261754553029401,0.21442288616434552,high_flow,4087170.csv
4087170,2023-07-08,daytime,6,-0.3524593697563479,0.4932035374582448,-0.13518886679923078,91.640625,0.03725746934888704,0.2065825496964647,high_flow,4087170.csv
4087170,2023-07-08,nighttime,6,-0.9835523462564082,4.035632171595807e-4,-0.8122617336416164,91.640625,0.03725746934888704,0.2065825496964647,high_flow,4087170.csv
4087170,2023-07-09,daytime,6,-0.9070164087956696,0.01256695669183369,-10.815737051792636,60.875,0.0935007737174146,0.1948617228107765,high_flow,4087170.csv
4087170,2023-07-09,nighttime,6,-0.5259720242407778,0.28379614192458996,-0.5394817384206518,60.875,0.0935007737174146,0.1948617228107765,high_flow,4087170.csv
4087170,2023-07-10,daytime,6,-0.6475433451010827,0.16444645416750264,-6.346278317152146,42.390625,0.1768837043209142,0.184366940443598,high_flow,4087170.csv
4087170,2023-07-10,nighttime,6,-0.17898499166954743,0.7343894607332827,-0.2813280971080515,42.390625,0.1768837043209142,0.184366940443598,high_flow,4087170.csv
4087170,2023-07-11,daytime,6,0.904422650963426,0.01326599351468441,2.121985815602866,30.234375,0.2874657778835853,0.17805816767845098,high_flow,4087170.csv
4087170,2023-07-11,nighttime,6,0.10219553530094426,0.8472403584260384,0.19702389469172105,30.234375,0.2874657778835853,0.17805816767845098,high_flow,4087170.csv
4087170,2023-07-12,daytime,6,-0.6953754448458561,0.1250601910772639,-0.6568428808252309,22.65625,0.3993572193786454,0.17234852993691227,high_flow,4087170.csv
4087170,2023-07-12,nighttime,6,-0.439275813954138,0.38346832138515974,-1.214887640449652,22.65625,0.3993572193786454,0.17234852993691227,high_flow,4087170.csv
4087170,2023-07-13,daytime,6,-0.9031749979904592,0.01360875040220413,-0.3381557907560919,118.578125,0.01975955243423402,0.16694837916121097,high_flow,4087170.csv
4087170,2023-07-13,nighttime,6,-0.9887021334949072,1.9074164141214225e-4,-0.5549400745291935,118.578125,0.01975955243423402,0.16694837916121097,high_flow,4087170.csv
4087170,2023-07-14,daytime,6,-0.4165548805732777,0.41130755746912806,-0.5477582846004756,131.015625,0.01600999880966551,0.2020711820021426,high_flow,4087170.csv
4087170,2023-07-14,nighttime,6,-0.97856612044803,6.841933068885152e-4,-0.6634961614240085,131.015625,0.01600999880966551,0.2020711820021426,high_flow,4087170.csv
4087170,2023-07-15,daytime,6,-0.8860111119664438,0.01874964448825011,-0.5851331390474622,77.71875,0.05535055350553505,0.24218148633099237,high_flow,4087170.csv
4087170,2023-07-15,nighttime,6,-0.9515699326573624,0.00346141146474011,-0.7887077997671027,77.71875,0.05535055350553505,0.24218148633099237,high_flow,4087170.csv
4087170,2023-07-16,daytime,6,-0.3863981452620657,0.44924808499853575,-0.22227772227767628,58.046875,0.1026663492441376,0.28386699996032216,normal_flow,4087170.csv
4087170,2023-07-16,nighttime,6,-0.9595373409969398,0.00242271688607151,-0.7739035685099357,58.046875,0.1026663492441376,0.28386699996032216,normal_flow,4087170.csv
4087170,2023-07-17,daytime,6,-0.909481524092997,0.01191955587850137,-0.6714364135407056,44.359375,0.16343292465182716,0.32443359917470144,normal_flow,4087170.csv
4087170,2023-07-17,nighttime,6,-0.8597610061163656,0.02812142468644072,-0.4454887218044756,44.359375,0.16343292465182716,0.32443359917470144,normal_flow,4087170.csv
4087170,2023-07-18,daytime,6,0.08121254032540097,0.8784490072208784,0.25985761226703546,31.546875,0.2730627306273063,0.36143713050033727,normal_flow,4087170.csv
4087170,2023-07-18,nighttime,6,-0.9375579650926742,0.0057267805968683,-1.2568720379148024,31.546875,0.2730627306273063,0.36143713050033727,normal_flow,4087170.csv
4087170,2023-07-19,daytime,6,0.46360750200733425,0.35441077130907545,0.5249247958745359,23.921875,0.37799071539102486,0.3928064119350871,normal_flow,4087170.csv
4087170,2023-07-19,nighttime,6,-0.01656586006643015,0.9751534829659564,-0.02013422818790424,23.921875,0.37799071539102486,0.3928064119350871,normal_flow,4087170.csv
4087170,2023-07-20,daytime,6,-0.7910251286355575,0.06094272706062149,-0.4809612641281622,19.21875,0.46798000238066895,0.4045788199817482,normal_flow,4087170.csv
4087170,2023-07-20,nighttime,6,-0.17834072866216782,0.7353250074945628,-0.20882557331464513,19.21875,0.46798000238066895,0.4045788199817482,normal_flow,4087170.csv
4087170,2023-07-21,daytime,6,0.7048931570009256,0.11778193360739278,0.3445730671197882,16.046875,0.547732412807999,0.4263143276594056,normal_flow,4087170.csv
4087170,2023-07-21,nighttime,6,-0.611526886487576,0.19705453695640096,-0.2596001725873354,16.046875,0.547732412807999,0.4263143276594056,normal_flow,4087170.csv
4087170,2023-07-22,daytime,6,0.9430817180577304,0.00476733741116135,1.3283935528226667,13.78125,0.6142721104630401,0.43369440146014365,normal_flow,4087170.csv
4087170,2023-07-22,nighttime,6,0.42542767990386743,0.4003572838124552,0.9283837056505104,13.78125,0.6142721104630401,0.43369440146014365,normal_flow,4087170.csv
4087170,2023-07-23,daytime,6,0.8546361208895918,0.03016016886476175,3.5946547884189943,12.40625,0.6625401737888347,0.430909018767607,normal_flow,4087170.csv
4087170,2023-07-23,nighttime,6,-0.8839173271502283,0.01943066254558315,-0.3312676631822618,12.40625,0.6625401737888347,0.430909018767607,normal_flow,4087170.csv
4087170,2023-07-24,daytime,6,0.9739649241916728,0.00100791414364461,0.4937884807606819,11.359375,0.7019997619331032,0.4252033488076816,normal_flow,4087170.csv
4087170,2023-07-24,nighttime,6,-0.5757770088546011,0.23177504300961416,-1.0410739971232936,11.359375,0.7019997619331032,0.4252033488076816,normal_flow,4087170.csv
4087170,2023-07-25,daytime,6,0.8599620450735562,0.02804282705258521,2.12416797773213,10.46875,0.7319366742054517,0.4182875054556997,normal_flow,4087170.csv
4087170,2023-07-25,nighttime,6,-0.6022007836818342,0.2058916120990634,-0.3320843091335014,10.46875,0.7319366742054517,0.4182875054556997,normal_flow,4087170.csv
4087170,2023-07-26,daytime,6,-0.9872153830196232,2.4412484699169105e-4,-0.6146030362052441,9.765625,0.7580049994048328,0.4091695433083363,normal_flow,4087170.csv
4087170,2023-07-26,nighttime,6,0.04234456411789571,0.9365211170399056,0.01275578375027768,9.765625,0.7580049994048328,0.4091695433083363,normal_flow,4087170.csv
4087170,2023-07-27,daytime,6,-0.4880625460980453,0.32603566218360835,-0.09348059705963288,15.046875,0.5759433400785621,0.3998769987699877,normal_flow,4087170.csv
4087170,2023-07-27,nighttime,6,-0.5222803185802886,0.28781248115959823,-0.29991813533931455,15.046875,0.5759433400785621,0.3998769987699877,normal_flow,4087170.csv
4087170,2023-07-28,daytime,6,-0.7512757611140256,0.0851021138193362,-0.0914621417707924,25.90625,0.34579216759909537,0.3918739832559616,normal_flow,4087170.csv
4087170,2023-07-28,nighttime,6,-0.8882048768470487,0.01804860825650941,-0.45845308009496993,25.90625,0.34579216759909537,0.3918739832559616,normal_flow,4087170.csv
4087170,2023-07-29,daytime,6,-0.9382091732592716,0.005609197432472,-0.3956673578522345,51.390625,0.12671110582073564,0.38496210768559297,normal_flow,4087170.csv
4087170,2023-07-29,nighttime,6,-0.9895853447446112,1.6213275311217744e-4,-0.5091384257993954,51.390625,0.12671110582073564,0.38496210768559297,normal_flow,4087170.csv
4087170,2023-07-30,daytime,6,-0.8463587521417243,0.0335950501065322,-0.23581063883940911,142.28125,0.01356981311748601,0.3784470102765544,normal_flow,4087170.csv
4087170,2023-07-30,nighttime,6,-0.91864968409004,0.00965762778182166,-0.629599651329298,142.28125,0.01356981311748601,0.3784470102765544,normal_flow,4087170.csv
4087170,2023-07-31,daytime,6,0.7896967039486112,0.06169062247099198,0.07121282527880983,127.15625,0.01708129984525652,0.3707495139467524,normal_flow,4087170.csv
4087170,2023-07-31,nighttime,6,-0.6725555060403634,0.1432755625404195,-0.29606417648527517,127.15625,0.01708129984525652,0.3707495139467524,normal_flow,4087170.csv
4087170,2023-08-01,daytime,6,0.74814310169425,0.08715996539202212,0.6063792499123533,75.125,0.05969527437209856,0.363694798238305,normal_flow,4087170.csv
4087170,2023-08-01,nighttime,6,-0.9602762019757208,0.00233562851223582,-0.6005432049089685,75.125,0.05969527437209856,0.363694798238305,normal_flow,4087170.csv
4087170,2023-08-02,daytime,6,-0.11556960252772756,0.8274173892580696,-0.053066850447974,49.34375,0.13629329841685514,0.35901678371622425,normal_flow,4087170.csv
4087170,2023-08-02,nighttime,6,-0.9726228290845408,0.00111400450633265,-0.6468885672937386,49.34375,0.13629329841685514,0.35901678371622425,normal_flow,4087170.csv
4087170,2023-08-03,daytime,6,-0.04232171198801082,0.9365553338049644,-0.01285753847371245,34.765625,0.23860254731579575,0.35521564893068286,normal_flow,4087170.csv
4087170,2023-08-03,nighttime,6,-0.15406229685210154,0.7707349037666726,-0.03441312578881571,34.765625,0.23860254731579575,0.35521564893068286,normal_flow,4087170.csv
4087170,2023-08-04,daytime,6,0.9646217844454034,0.00185528719564058,1.1287913562374132,25.78125,0.34793476967027737,0.36616672618339086,normal_flow,4087170.csv
4087170,2023-08-04,nighttime,6,-0.951727951501504,0.00343904446093595,-0.4303896103895926,25.78125,0.34793476967027737,0.36616672618339086,normal_flow,4087170.csv
4087170,2023-08-05,daytime,6,0.9979656465696276,6.203681138174415e-6,1.8903454574760392,20.34375,0.44405427925246993,0.3845931039955561,normal_flow,4087170.csv
4087170,2023-08-05,nighttime,6,-0.8573658650813241,0.02906583484067562,-4.155232558139422,20.34375,0.44405427925246993,0.3845931039955561,normal_flow,4087170.csv
4087170,2023-08-06,daytime,6,-0.00801723598726164,0.9879744036773298,-0.00414937759339026,17.1875,0.516545649327461,0.4104074911716859,normal_flow,4087170.csv
4087170,2023-08-06,nighttime,6,0.9314265813510494,0.00689224375327206,3.2111436950152927,17.1875,0.516545649327461,0.4104074911716859,normal_flow,4087170.csv
4087170,2023-08-07,daytime,6,-0.8133088777940661,0.04902693614063135,-2.0883054892601813,16.078125,0.5470777288418045,0.4446891243105979,normal_flow,4087170.csv
4087170,2023-08-07,nighttime,6,-0.9902144776362144,1.4316615846686083e-4,-1.7619708535739451,16.078125,0.5470777288418045,0.4446891243105979,normal_flow,4087170.csv
4087170,2023-08-08,daytime,6,0.7447195834806348,0.0894340678728834,1.3706004140787025,14.34375,0.5961790263063921,0.44368527556243303,normal_flow,4087170.csv
4087170,2023-08-08,nighttime,6,-0.5591466201490012,0.24868725131987096,-1.104081632652909,14.34375,0.5961790263063921,0.44368527556243303,normal_flow,4087170.csv
4087170,2023-08-09,daytime,6,-0.5920753026533341,0.215663981359254,-0.2162747524752443,12.4296875,0.6617664563742411,0.43976113954687934,normal_flow,4087170.csv
4087170,2023-08-09,nighttime,6,-0.6610085694479945,0.1528951526585005,-0.6854621587015566,12.4296875,0.6617664563742411,0.43976113954687934,normal_flow,4087170.csv
4087170,2023-08-10,daytime,6,0.2107293292959516,0.6885849189381575,0.09834492684093052,11.3828125,0.7009879776217117,0.4310518589056858,normal_flow,4087170.csv
4087170,2023-08-10,nighttime,6,-0.5919983096067248,0.21573899095946664,-0.3661806602982753,11.3828125,0.7009879776217117,0.4310518589056858,normal_flow,4087170.csv
4087170,2023-08-11,daytime,6,0.23616371820468948,0.6523402378573449,0.36961628817534137,10.2578125,0.7402094988691822,0.415593381740269,normal_flow,4087170.csv
4087170,2023-08-11,nighttime,6,-0.5647459530262855,0.24294054043213276,-1.7810650887574009,10.2578125,0.7402094988691822,0.415593381740269,normal_flow,4087170.csv
4087170,2023-08-12,daytime,6,0.39075989745833584,0.44369336244184093,0.10740291262136138,13.546875,0.6221878347815736,0.3933499980161092,normal_flow,4087170.csv
4087170,2023-08-12,nighttime,6,-0.8520568158313577,0.03121174863735742,-0.5101954120645783,13.546875,0.6221878347815736,0.3933499980161092,normal_flow,4087170.csv
4087170,2023-08-13,daytime,6,0.5945993219478565,0.2132108227594766,1.1939501779361597,17.2734375,0.513926913462683,0.3669602825060509,normal_flow,4087170.csv
4087170,2023-08-13,nighttime,6,-0.5221842388645247,0.28791729549860173,-0.3531518624642334,17.2734375,0.513926913462683,0.3669602825060509,normal_flow,4087170.csv
4087170,2023-08-14,daytime,6,-0.9901365523871298,1.4545160265062098e-4,-0.6828650468286527,16.7890625,0.5277943102011665,0.3402650478117684,normal_flow,4087170.csv
4087170,2023-08-14,nighttime,6,-0.7260133276272597,0.10231913376124416,-1.2478915662650616,16.7890625,0.5277943102011665,0.3402650478117684,normal_flow,4087170.csv
4087170,2023-08-15,daytime,6,0.5038569168796418,0.30817215405364246,1.83589251439531,254.078125,0.002023568622783,0.3173153989604412,normal_flow,4087170.csv
4087170,2023-08-15,nighttime,6,0.3169857198057486,0.5404467743846815,0.14684466019419148,254.078125,0.002023568622783,0.3173153989604412,normal_flow,4087170.csv
4087170,2023-08-16,daytime,6,0.12090188568595175,0.8195307989802871,0.06067544361759804,346.3828125,8.332341387930008e-4,0.2975836209975003,normal_flow,4087170.csv
4087170,2023-08-16,nighttime,6,0.897249437759261,0.01529411338385812,3.055555555555596,346.3828125,8.332341387930008e-4,0.2975836209975003,normal_flow,4087170.csv
4087170,2023-08-17,daytime,6,0.6906138832743125,0.1287724699870713,1.428571428571454,201.171875,0.0056540887989525,0.2799150894734754,normal_flow,4087170.csv
4087170,2023-08-17,nighttime,6,0.7187051339405618,0.10756122096816212,0.3665746945211414,201.171875,0.0056540887989525,0.2799150894734754,normal_flow,4087170.csv
4087170,2023-08-18,daytime,6,0.9366915139571604,0.00588507752825639,2.241706161137474,185.8046875,0.0067253898345435,0.26535729873427766,normal_flow,4087170.csv
4087170,2023-08-18,nighttime,6,0.8062385696027274,0.05267799751713967,1.264278982092672,185.8046875,0.0067253898345435,0.26535729873427766,normal_flow,4087170.csv
4087170,2023-08-19,daytime,6,0.9469385822957472,0.00414857348968037,2.3051948051948608,138.4921875,0.01428401380788001,0.25077570130540017,normal_flow,4087170.csv
4087170,2023-08-19,nighttime,6,0.93379905564772,0.00642878257776113,1.8472222222223431,138.4921875,0.01428401380788001,0.25077570130540017,normal_flow,4087170.csv
4087170,2023-08-20,daytime,6,0.9480054684152328,0.00398486514963879,3.3368431710034048,82.7578125,0.04820854660159505,0.2470578899337381,normal_flow,4087170.csv
4087170,2023-08-20,nighttime,6,-0.23722687094539704,0.6508348530566774,-0.7577464788743199,82.7578125,0.04820854660159505,0.2470578899337381,normal_flow,4087170.csv
4087170,2023-08-21,daytime,6,0.9004440751154381,0.01437370485954255,10.495750708213023,53.90625,0.11611712891322462,0.25504900210292425,normal_flow,4087170.csv
4087170,2023-08-21,nighttime,6,-0.5575317060645864,0.25035446559585145,-0.706935123042344,53.90625,0.11611712891322462,0.25504900210292425,normal_flow,4087170.csv
4087170,2023-08-22,daytime,6,0.6927850909941073,0.12707387526134273,1.696000000000438,38.8671875,0.2028329960718962,0.2653334920445979,normal_flow,4087170.csv
4087170,2023-08-22,nighttime,6,-0.41856731480278325,0.40881523095201705,-0.9228187919463928,38.8671875,0.2028329960718962,0.2653334920445979,normal_flow,4087170.csv
4087170,2023-08-23,daytime,6,0.06835008097547907,0.89763453522066206,0.188166311300542,29.1484375,0.3002023568622783,0.3128437090822521,normal_flow,4087170.csv
4087170,2023-08-23,nighttime,6,-0.33693575591300756,0.5137218005116343,-0.7179675994112373,29.1484375,0.3002023568622783,0.3128437090822521,normal_flow,4087170.csv
4087170,2023-08-24,daytime,6,-0.22542177820505563,0.6675947340525679,-0.0556156801189555,22.7890625,0.3967384835138674,0.36209181446653177,normal_flow,4087170.csv
4087170,2023-08-24,nighttime,6,0.3743746552011226,0.4646735158765968,0.6478784923014503,22.7890625,0.3967384835138674,0.36209181446653177,normal_flow,4087170.csv
4087170,2023-08-25,daytime,6,0.8308170051597905,0.04051307584915991,0.3833271306290096,18.625,0.482621116533746,0.412577867714161,normal_flow,4087170.csv
4087170,2023-08-25,nighttime,6,-0.5045393389449515,0.30740874465336926,-0.6083175803403972,18.625,0.482621116533746,0.412577867714161,normal_flow,4087170.csv
4087170,2023-08-26,daytime,6,-0.8399266166128793,0.03638441288880803,-1.3056768558952825,17,0.5214855374360196,0.4641272864341547,normal_flow,4087170.csv
4087170,2023-08-26,nighttime,6,-0.8151556140543542,0.04809334014196771,-1.7440798858777895,17,0.5214855374360196,0.4641272864341547,normal_flow,4087170.csv
4087170,2023-08-27,daytime,6,0.7673081439233984,0.07491864139341561,0.6700194678780107,15.34375,0.566420664206642,0.5163353569019561,normal_flow,4087170.csv
4087170,2023-08-27,nighttime,6,-0.4719726641700303,0.34460889329567945,-0.30524978831498,15.34375,0.566420664206642,0.5163353569019561,normal_flow,4087170.csv
4087170,2023-08-28,daytime,6,0.94024002149464,0.00525017348449795,1.9973488865323032,13.2265625,0.6337935960004761,0.5676546442883784,normal_flow,4087170.csv
4087170,2023-08-28,nighttime,6,0.4200032812884372,0.40703994630304785,0.8615384615386222,13.2265625,0.6337935960004761,0.5676546442883784,normal_flow,4087170.csv
4087170,2023-08-29,daytime,6,0.21529439282991145,0.682048038680886,0.05431105421963007,11.8984375,0.6820616593262707,0.6159742887751458,normal_flow,4087170.csv
4087170,2023-08-29,nighttime,6,0.2741000995671702,0.5991465393805921,0.5871893311779867,11.8984375,0.6820616593262707,0.6159742887751458,normal_flow,4087170.csv
4087170,2023-08-30,daytime,6,0.3945388639301662,0.438898844415814,0.4293695131683177,10.9609375,0.7146768241875967,0.6587033289687736,normal_flow,4087170.csv
4087170,2023-08-30,nighttime,6,-0.9106583422279052,0.01161633820997968,-2.7727639000801667,10.9609375,0.7146768241875967,0.6587033289687736,normal_flow,4087170.csv
4087170,2023-08-31,daytime,6,0.9175220731716572,0.00992338010135035,1.543892243381536,10.2734375,0.7395548149029877,0.6669801214141173,normal_flow,4087170.csv
4087170,2023-08-31,nighttime,6,-0.07007127538027635,0.8950651113372304,-0.23076923076976183,10.2734375,0.7395548149029877,0.6669801214141173,normal_flow,4087170.csv
4087170,2023-09-01,daytime,6,0.7574599611912703,0.08110471544405433,9.425287356322016,9.625,0.7629448875133913,0.6487322937745507,normal_flow,4087170.csv
4087170,2023-09-01,nighttime,6,-0.5390592080519466,0.2697324020301451,-2.581903276131321,9.625,0.7629448875133913,0.6487322937745507,normal_flow,4087170.csv
4087170,2023-09-02,daytime,6,-0.20866811500808025,0.6915407808983911,-0.46848739495807584,9.15625,0.7799666706344482,0.6291989048922747,normal_flow,4087170.csv
4087170,2023-09-02,nighttime,6,0.17162202299398888,0.7450944532339849,0.5595238095243137,9.15625,0.7799666706344482,0.6291989048922747,normal_flow,4087170.csv
4087170,2023-09-03,daytime,6,0.4238181716874012,0.4023362429429401,0.5454134658834251,8.703125,0.7974050708249018,0.6147442764750228,normal_flow,4087170.csv
4087170,2023-09-03,nighttime,6,-0.8610907477189444,0.02760348934228469,-2.3100558659218926,8.703125,0.7974050708249018,0.6147442764750228,normal_flow,4087170.csv
4087170,2023-09-04,daytime,6,-0.413026440212332,0.41568960343546,-2.1938775510200617,8.1171875,0.8179978573979289,0.6033845177161449,normal_flow,4087170.csv
4087170,2023-09-04,nighttime,6,-0.7704289032606187,0.07300480273485128,-1.3075697211157449,8.1171875,0.8179978573979289,0.6033845177161449,normal_flow,4087170.csv
4087170,2023-09-05,daytime,6,-0.2193345520344302,0.6762740064096455,-0.6424825174826777,7.5078125,0.8409117962147363,0.5617426496845613,normal_flow,4087170.csv
4087170,2023-09-05,nighttime,6,-0.776785074445721,0.06917652347944984,-1.168792934249257,7.5078125,0.8409117962147363,0.5617426496845613,normal_flow,4087170.csv
4087170,2023-09-06,daytime,6,-0.9113752657695507,0.0114334707227337,-0.9343934171020776,7.4296875,0.8437685989763123,0.5170059119946038,normal_flow,4087170.csv
4087170,2023-09-06,nighttime,6,0.01716538698669322,0.9742544484149788,0.01117886178862097,7.4296875,0.8437685989763123,0.5170059119946038,normal_flow,4087170.csv
4087170,2023-09-07,daytime,6,-0.9345656847786996,0.00628239100764651,-1.5704511071379152,21.3828125,0.42435424354243545,0.4711661310161489,normal_flow,4087170.csv
4087170,2023-09-07,nighttime,6,-0.8403658068160637,0.03619062834093105,-0.5084745762712112,21.3828125,0.42435424354243545,0.4711661310161489,normal_flow,4087170.csv
4087170,2023-09-08,daytime,6,-0.9545062410696112,0.00305744434312777,-2.848399246704191,52.484375,0.12302106892036664,0.426266714280046,normal_flow,4087170.csv
4087170,2023-09-08,nighttime,6,-0.5149464429430746,0.29585446829548356,-0.27702702702700743,52.484375,0.12302106892036664,0.426266714280046,normal_flow,4087170.csv
4087170,2023-09-09,daytime,6,-0.7399024154047439,0.0926782314761322,-4.582914572865087,40.59375,0.1896202832996072,0.384843074237194,normal_flow,4087170.csv
4087170,2023-09-09,nighttime,6,0.3584320632512141,0.485376423841737,0.15845070422535348,40.59375,0.1896202832996072,0.384843074237194,normal_flow,4087170.csv
4087170,2023-09-10,daytime,6,0.5171695824921873,0.29340784636828987,1.5252100840336025,28.7890625,0.3046661111772408,0.34387969686148473,normal_flow,4087170.csv
4087170,2023-09-10,nighttime,6,-0.95482602201981,0.00301493942597141,-1.5608901710280918,28.7890625,0.3046661111772408,0.34387969686148473,normal_flow,4087170.csv
4087170,2023-09-11,daytime,6,0.00255962236354997,0.9961605748395712,0.00416171224744853,22.84375,0.3960242828234734,0.2956909891679562,normal_flow,4087170.csv
4087170,2023-09-11,nighttime,6,-0.913604471768657,0.01087384474532887,-3.5109565217389775,22.84375,0.3960242828234734,0.2956909891679562,normal_flow,4087170.csv
4087170,2023-09-12,daytime,6,-0.7128996059071633,0.11180759455133964,-1.1990196078430764,166.625,0.00916557552672301,0.24786731738285123,high_flow,4087170.csv
4087170,2023-09-12,nighttime,6,-0.4111305546528052,0.4180505241636096,-0.34487117160914466,166.625,0.00916557552672301,0.24786731738285123,high_flow,4087170.csv
4087170,2023-09-13,daytime,6,0.5898102268098817,0.21787510158280904,0.31888642834540337,155.0390625,0.01101059397690751,0.1996627385628695,high_flow,4087170.csv
4087170,2023-09-13,nighttime,6,-0.9640113205556948,0.00191947157245806,-1.0805717998700195,155.0390625,0.01101059397690751,0.1996627385628695,high_flow,4087170.csv
4087170,2023-09-14,daytime,6,0.44178290286407695,0.3804375014994383,3.883720930234368,102.6796875,0.02708010951077252,0.15454112605642187,high_flow,4087170.csv
4087170,2023-09-14,nighttime,6,0.7208476008647442,0.10601246934118248,1.5119453924916677,102.6796875,0.02708010951077252,0.15454112605642187,high_flow,4087170.csv
4087170,2023-09-15,daytime,6,0.7928037216713275,0.0599479476688712,1.8312236286922383,71.8203125,0.06606356386144506,0.14437963734476056,high_flow,4087170.csv
4087170,2023-09-15,nighttime,6,-0.15013339161839914,0.7764919185442068,-0.9594594594581538,71.8203125,0.06606356386144506,0.14437963734476056,high_flow,4087170.csv
4087170,2023-09-16,daytime,6,0.7457709251808439,0.08873291323946775,0.501088376142758,48.3203125,0.14159028687061065,0.16070309090187676,high_flow,4087170.csv
4087170,2023-09-16,nighttime,6,-0.9024684517456044,0.01380472466588205,-1.7608695652177129,48.3203125,0.14159028687061065,0.16070309090187676,high_flow,4087170.csv
4087170,2023-09-17,daytime,6,-0.6105408703146576,0.19798134904799097,-1.203225806452016,44.0078125,0.1655160099988097,0.1790461453001627,high_flow,4087170.csv
4087170,2023-09-17,nighttime,6,0.4283166601337486,0.3968134607958416,0.6202531645574925,44.0078125,0.1655160099988097,0.1790461453001627,high_flow,4087170.csv
4087170,2023-09-18,daytime,6,-0.9735309973438072,0.00104163995356904,-6.778514588858533,68.0859375,0.07457445542197358,0.1948299805578701,high_flow,4087170.csv
4087170,2023-09-18,nighttime,6,0.3910769444375152,0.4432904673301244,5.199999999988251,68.0859375,0.07457445542197358,0.1948299805578701,high_flow,4087170.csv
4087170,2023-09-19,daytime,6,-0.21113454674233423,0.688004136350534,-0.4999999999999229,58.703125,0.1006427806213546,0.2011823989207634,high_flow,4087170.csv
4087170,2023-09-19,nighttime,6,0.37330637329093747,0.466051989209605,0.7272727272725651,58.703125,0.1006427806213546,0.2011823989207634,high_flow,4087170.csv
4087170,2023-09-20,daytime,6,0.9862503526953146,2.8227949683698624e-4,1.4980087236867456,53.49609375,0.11784311391501012,0.210911399436575,high_flow,4087170.csv
4087170,2023-09-20,nighttime,6,-0.9716254134469432,0.00119625330978531,-1.999999999999891,53.49609375,0.11784311391501012,0.210911399436575,high_flow,4087170.csv
4087170,2023-09-21,daytime,6,-0.8189012027643593,0.04622543334537347,-4.884615384613324,43.83203125,0.16694441137959767,0.21420069039400072,high_flow,4087170.csv
4087170,2023-09-21,nighttime,6,-0.6903553956520022,0.1289753430761001,-0.7264573991031056,43.83203125,0.16694441137959767,0.21420069039400072,high_flow,4087170.csv
4087170,2023-09-22,daytime,6,-0.7213792369001207,0.10562969505319084,-1.342316513761572,31.63671875,0.2719319128675158,0.2190255128357735,high_flow,4087170.csv
4087170,2023-09-22,nighttime,6,-0.9747263235258414,9.500661931316424e-4,-6.434407915735319,31.63671875,0.2719319128675158,0.2190255128357735,high_flow,4087170.csv
4087170,2023-09-23,daytime,6,0.2297687201516737,0.6614120861645161,0.4999999999996731,24.52734375,0.36787287227710985,0.22759592112050153,high_flow,4087170.csv
4087170,2023-09-23,nighttime,6,-0.7771210699239829,0.0689767688349307,-4.991150442476499,24.52734375,0.36787287227710985,0.22759592112050153,high_flow,4087170.csv
4087170,2023-09-24,daytime,6,0.9467270600114914,0.0041814147372699,1.2438044206294503,19.34765625,0.4647660992738959,0.23819386580962584,high_flow,4087170.csv
4087170,2023-09-24,nighttime,6,0.2509084138092116,0.6315353529114832,2.1000000000059704,19.34765625,0.4647660992738959,0.23819386580962584,high_flow,4087170.csv
4087170,2023-09-25,daytime,6,-0.10012174976251828,0.8503192038270134,-0.2769230769231936,16.27734375,0.541423640042852,0.25403325000991944,normal_flow,4087170.csv
4087170,2023-09-25,nighttime,6,-0.15448032626806363,0.7701227830747512,-0.491150442478945,16.27734375,0.541423640042852,0.25403325000991944,normal_flow,4087170.csv
4087170,2023-09-26,daytime,6,-0.9116173726028348,0.01137203328529301,-0.8296703296702128,18.28125,0.491310558266873,0.2824505019243741,normal_flow,4087170.csv
4087170,2023-09-26,nighttime,6,-0.18739111864912755,0.7222034820074363,-0.849999999997543,18.28125,0.491310558266873,0.2824505019243741,normal_flow,4087170.csv
4087170,2023-09-27,daytime,6,-0.8397830398351522,0.03644786891404895,-0.5145309441349151,45.84375,0.15510058326389717,0.31475221203824943,normal_flow,4087170.csv
4087170,2023-09-27,nighttime,6,-0.4608914161027301,0.35761435996072216,-1.283582089552531,45.84375,0.15510058326389717,0.31475221203824943,normal_flow,4087170.csv
4087170,2023-09-28,daytime,6,0.549634334897616,0.25857018740047005,0.5538461538465589,74.765625,0.06034995833829306,0.34995833829306033,normal_flow,4087170.csv
4087170,2023-09-28,nighttime,6,0.7515668864198306,0.08491199473512769,0.6692160611855271,74.765625,0.06034995833829306,0.34995833829306033,normal_flow,4087170.csv
4087170,2023-09-29,daytime,6,0.5980665910674605,0.2098594332247191,0.6164623467602143,58.9921875,0.0994524461373646,0.3856405983414673,normal_flow,4087170.csv
4087170,2023-09-29,nighttime,6,-0.8040274802745692,0.05384465803263507,-0.6596746575341523,58.9921875,0.0994524461373646,0.3856405983414673,normal_flow,4087170.csv
4087170,2023-09-30,daytime,6,-0.3812409809109511,0.4558442038736256,-0.7000000000000399,39.9765625,0.1946196881323652,0.4123675752886561,normal_flow,4087170.csv
4087170,2023-09-30,nighttime,6,-0.12178671866466104,0.8182230926035385,-0.04802744425385731,39.9765625,0.1946196881323652,0.4123675752886561,normal_flow,4087170.csv
4087170,2023-10-01,daytime,6,0.869033611561909,0.02460511184082195,0.7975609756098485,29.125,0.3005594572074753,0.433805499345316,normal_flow,4087170.csv
4087170,2023-10-01,nighttime,6,-0.7611555029921795,0.07875739618892948,-1.1876832844573253,29.125,0.3005594572074753,0.433805499345316,normal_flow,4087170.csv
4087170,2023-10-02,daytime,6,0.7003179207211858,0.12125689679162364,0.26964167533326056,22.50390625,0.4031067730032139,0.45234694282426696,normal_flow,4087170.csv
4087170,2023-10-02,nighttime,6,-0.5584641820852891,0.24939125765249132,-0.4175613496932787,22.50390625,0.4031067730032139,0.45234694282426696,normal_flow,4087170.csv
4087170,2023-10-03,daytime,6,0.228185140931939,0.6636629128773637,0.24608150470224824,17.84765625,0.500833234138793,0.4676863865412847,normal_flow,4087170.csv
4087170,2023-10-03,nighttime,6,-0.7748564987992829,0.07032817762546825,-0.33468387826250207,17.84765625,0.500833234138793,0.4676863865412847,normal_flow,4087170.csv
4087170,2023-10-04,daytime,6,-0.0037954832536796,0.994306802457764,-0.00350058343048852,14.73046875,0.5851684323294846,0.487461810101972,normal_flow,4087170.csv
4087170,2023-10-04,nighttime,6,-0.8638167927359452,0.02655598115843819,-1.1157243816252973,14.73046875,0.5851684323294846,0.487461810101972,normal_flow,4087170.csv
4087170,2023-10-05,daytime,6,0.40483462471976794,0.4259224535120839,0.08739684921230285,12.8828125,0.6459350077371742,0.5308772765147006,normal_flow,4087170.csv
4087170,2023-10-05,nighttime,6,-0.9780892483001528,7.148620918463343e-4,-0.24091890830550083,12.8828125,0.6459350077371742,0.5308772765147006,normal_flow,4087170.csv
4087170,2023-10-06,daytime,6,-0.47439098825378656,0.34179360685642757,-0.11792452830186936,11.35546875,0.7021783121057017,0.5550490021029243,normal_flow,4087170.csv
4087170,2023-10-06,nighttime,6,-0.8306855251487457,0.04057418493160557,-0.1979884522257268,11.35546875,0.7021783121057017,0.5550490021029243,normal_flow,4087170.csv
4087170,2023-10-07,daytime,6,-0.2615517451594892,0.6166186701742578,-0.05463901922207117,12.13671875,0.6728365670753482,0.5485339046938856,normal_flow,4087170.csv
4087170,2023-10-07,nighttime,6,-0.1915380973498851,0.7162063180029259,-0.04363803399172631,12.13671875,0.6728365670753482,0.5485339046938856,normal_flow,4087170.csv
4087170,2023-10-08,daytime,6,-0.6309748123193528,0.1791425344932693,-0.620640229335821,11.7109375,0.6894417331270087,0.5355910010713011,normal_flow,4087170.csv
4087170,2023-10-08,nighttime,6,-0.1755862662988281,0.7393273099840081,-0.07046979865771161,11.7109375,0.6894417331270087,0.5355910010713011,normal_flow,4087170.csv
4087170,2023-10-09,daytime,6,0.8079068464159067,0.05180557196068686,0.7045161290325118,10.1875,0.7428877514581598,0.5157520930048011,normal_flow,4087170.csv
4087170,2023-10-09,nighttime,6,-0.7387626396465957,0.09345337126589824,-0.27434439757930046,10.1875,0.7428877514581598,0.5157520930048011,normal_flow,4087170.csv
4087170,2023-10-10,daytime,6,-0.7295713926908398,0.0998090048279214,-0.5204460966544391,9.3828125,0.7715152957981193,0.4900329325873904,normal_flow,4087170.csv
4087170,2023-10-10,nighttime,6,-0.9632241304385404,0.00200382784247516,-0.4586261618680133,9.3828125,0.7715152957981193,0.4900329325873904,normal_flow,4087170.csv
4087170,2023-10-11,daytime,6,-0.8196745105404345,0.04584407581355634,-0.990035259849704,8.9375,0.7879419116771813,0.4602745704876404,normal_flow,4087170.csv
4087170,2023-10-11,nighttime,6,0.8709963626000591,0.02388947239610436,3.657587548637655,8.9375,0.7879419116771813,0.4602745704876404,normal_flow,4087170.csv
4087170,2023-10-12,daytime,6,-0.07539532317284489,0.8871213058924403,-0.08749999999963087,8.4375,0.8063325794548268,0.42867118993770587,normal_flow,4087170.csv
4087170,2023-10-12,nighttime,6,0.1791895072053678,0.7340925263385374,0.22832980972485772,8.4375,0.8063325794548268,0.42867118993770587,normal_flow,4087170.csv
4087170,2023-10-13,daytime,6,-0.7724497188745281,0.07177751781636271,-1.5549132947979896,21.45703125,0.4229258421616474,0.3926000872911955,normal_flow,4087170.csv
4087170,2023-10-13,nighttime,6,0.4924280020912202,0.3210612819407986,0.9545454545455776,21.45703125,0.4229258421616474,0.3926000872911955,normal_flow,4087170.csv
4087170,2023-10-14,daytime,6,0.24411591781721884,0.6410998721176195,0.19580419580425576,266.0234375,0.0017259850017855,0.35323572590564617,normal_flow,4087170.csv
4087170,2023-10-14,nighttime,6,-0.14924572765353689,0.7777935796219625,-0.02375923970434646,266.0234375,0.0017259850017855,0.35323572590564617,normal_flow,4087170.csv
4087170,2023-10-15,daytime,6,0.8699545227064932,0.02426808599401063,0.8121137206427355,390.55859375,4.761337935960005e-4,0.31443082172757214,normal_flow,4087170.csv
4087170,2023-10-15,nighttime,6,-0.8686548530437963,0.02474436791414713,-0.5675241157555964,390.55859375,4.761337935960005e-4,0.31443082172757214,normal_flow,4087170.csv
4087170,2023-10-16,daytime,6,-0.9302880696065884,0.0071202384689945,-0.9264805990470708,234.83203125,0.002975836209975,0.2748799746061977,normal_flow,4087170.csv
4087170,2023-10-16,nighttime,6,0.0626633989716236,0.9061279317761476,0.5000000000012467,234.83203125,0.002975836209975,0.2748799746061977,normal_flow,4087170.csv
4087170,2023-10-18,daytime,6,0.6452933273023299,0.1664112020401287,1.384000000000024,78.07421875,0.05445780264254255,0.1923699559576241,high_flow,4087170.csv
4087170,2023-10-18,nighttime,6,-0.9149237016287582,0.01054907469077461,-2.4269662921347215,78.07421875,0.05445780264254255,0.1923699559576241,high_flow,4087170.csv
4087170,2023-10-19,daytime,6,0.13559679773992014,0.7978513780785421,0.1707317073173918,55.30078125,0.1111177240804666,0.14992262825854066,high_flow,4087170.csv
4087170,2023-10-19,nighttime,6,-8.564883202831693e-14,0.9999999999998715,-9.857606053239613e-14,55.30078125,0.1111177240804666,0.14992262825854066,high_flow,4087170.csv
4087170,2023-10-20,daytime,6,-0.8327393630226203,0.03962452914039793,-0.3529411764705636,57.296875,0.1048684680395191,0.0964885132722295,high_flow,4087170.csv
4087170,2023-10-20,nighttime,6,-0.8805582301037538,0.02054750635938811,-0.87164179104491,57.296875,0.1048684680395191,0.0964885132722295,high_flow,4087170.csv
4087170,2023-10-21,daytime,6,-0.8506284943015324,0.03180139300260233,-0.6253800396563135,55.1796875,0.1117128913224616,0.06851168511685117,high_flow,4087170.csv
4087170,2023-10-21,nighttime,6,-0.5013298609938527,0.3110052339555627,-0.4584989858013388,55.1796875,0.1117128913224616,0.06851168511685117,high_flow,4087170.csv
4087170,2023-10-22,daytime,6,-0.09371047835643058,0.8598457489523683,-0.08975265017661459,61.87109375,0.0907630044042376,0.06933301591080426,high_flow,4087170.csv
4087170,2023-10-22,nighttime,6,-0.8798607706146159,0.02078314081062923,-0.3482007095792789,61.87109375,0.0907630044042376,0.06933301591080426,high_flow,4087170.csv
4087170,2023-10-23,daytime,6,0.6862742528359718,0.13219671958359355,0.6300675675675041,60.05859375,0.09617902630639208,0.07230091655755268,high_flow,4087170.csv
4087170,2023-10-23,nighttime,6,0.06122553062149775,0.9082764580267146,0.0615835777125234,60.05859375,0.09617902630639208,0.07230091655755268,high_flow,4087170.csv
4087170,2023-10-24,daytime,6,0.6439600017610781,0.16758010783938831,0.35898566703413926,50.28125,0.13165099392929414,0.07910962980597548,high_flow,4087170.csv
4087170,2023-10-24,nighttime,6,0.7955590117282157,0.05842175672553757,0.5580016934802454,50.28125,0.13165099392929414,0.07910962980597548,high_flow,4087170.csv
4087170,2023-10-25,daytime,6,-0.10040215254045531,0.8499028277689431,-1.0909090909048624,47.640625,0.14510177359838114,0.08596992421537118,high_flow,4087170.csv
4087170,2023-10-25,nighttime,6,0.0306792558017446,0.953995554211896,0.03225806451620056,47.640625,0.14510177359838114,0.08596992421537118,high_flow,4087170.csv
4087170,2023-10-26,daytime,6,0.599400898502178,0.20857546036073743,1.499999999998677,46.4375,0.15123199619092964,0.09214776018727928,high_flow,4087170.csv
4087170,2023-10-26,nighttime,6,-0.03482805325511683,0.9477790432148376,-0.0274480712166475,46.4375,0.15123199619092964,0.09214776018727928,high_flow,4087170.csv
4087170,2023-10-27,daytime,6,-0.6557351808594152,0.15737656389417765,-0.9142857142857572,212.8515625,0.0048208546601595,0.1005673927707019,high_flow,4087170.csv
4087170,2023-10-27,nighttime,6,-0.6546536707079154,0.1583024233755108,-0.6000000000001824,212.8515625,0.0048208546601595,0.1005673927707019,high_flow,4087170.csv
4087170,2023-10-28,daytime,6,-0.9269440826204252,0.00781079477821634,-2.598208955224494,231.3359375,0.0032734198309725,0.1152600880847518,high_flow,4087170.csv
4087170,2023-10-28,nighttime,6,-0.8772487056356477,0.02167701949906613,-0.9947643979056396,231.3359375,0.0032734198309725,0.1152600880847518,high_flow,4087170.csv
4087170,2023-10-29,daytime,6,-0.6643835616438476,0.15005594228528846,-0.6643835616437609,139.80078125,0.01404594691108201,0.13229774233226202,high_flow,4087170.csv
4087170,2023-10-29,nighttime,6,-0.9095195913005008,0.01190968835951631,-0.8227775501843169,139.80078125,0.01404594691108201,0.13229774233226202,high_flow,4087170.csv
4087170,2023-10-30,daytime,6,-0.5337330326798615,0.2754229690594936,-0.9086115992968604,85.2578125,0.04499464349482204,0.15398960441217316,high_flow,4087170.csv
4087170,2023-10-30,nighttime,6,-0.7994777886887291,0.05628232128246591,-0.6808100289294821,85.2578125,0.04499464349482204,0.15398960441217316,high_flow,4087170.csv
4087170,2023-10-31,daytime,6,-0.762522290591767,0.07789713732720491,-0.919404835709935,57.2265625,0.10510653493631712,0.17637979605602508,high_flow,4087170.csv
4087170,2023-10-31,nighttime,6,-0.40779543587050454,0.4222144489551321,-0.7317073170735796,57.2265625,0.10510653493631712,0.17637979605602508,high_flow,4087170.csv
4087170,2023-11-01,daytime,6,-0.7693940293400101,0.07363695998877552,-0.3954212047122184,53.04296875,0.12022378288299013,0.19087410228941,high_flow,4087170.csv
4087170,2023-11-01,nighttime,6,-0.5940274893738877,0.2137656074735643,-0.1783625730994645,53.04296875,0.12022378288299013,0.19087410228941,high_flow,4087170.csv
4087170,2023-11-02,daytime,6,0.882443260591307,0.01991708767790951,1.2034548944337382,47.3671875,0.1471253422211641,0.18211720826885688,high_flow,4087170.csv
4087170,2023-11-02,nighttime,6,-0.6453246809688482,0.16638375615559398,-0.6113360323884317,47.3671875,0.1471253422211641,0.18211720826885688,high_flow,4087170.csv
4087170,2023-11-03,daytime,6,-0.25609429529986394,0.6242564380701567,-0.08391352143644486,34.9296875,0.23741221283180575,0.172820695948895,high_flow,4087170.csv
4087170,2023-11-03,nighttime,6,-0.5759570851108735,0.2315945047294859,-0.42729705619983144,34.9296875,0.23741221283180575,0.172820695948895,high_flow,4087170.csv
4087170,2023-11-04,daytime,6,-0.9126791954992826,0.01110447714709563,-1.004975124378125,27.30859375,0.32525889775026784,0.17524897829623456,high_flow,4087170.csv
4087170,2023-11-04,nighttime,6,-0.8937481183096382,0.016334430234457,-1.0086906141366534,27.30859375,0.32525889775026784,0.17524897829623456,high_flow,4087170.csv
4087170,2023-11-06,daytime,6,0.9226880043936688,0.00873466450592475,0.4208575966120433,21.77734375,0.4161409356029045,0.1936713883267865,high_flow,4087170.csv
4087170,2023-11-06,nighttime,6,-0.9188317542625164,0.00961504644208876,-1.007978723404196,21.77734375,0.4161409356029045,0.1936713883267865,high_flow,4087170.csv
4087170,2023-11-07,daytime,6,-0.9740319019665562,0.00100275748213045,-1.8784188460769045,21,0.43203190096417093,0.2096496448835456,high_flow,4087170.csv
4087170,2023-11-07,nighttime,6,-0.975655854930532,8.81742473335546e-4,-1.1762127852502002,21,0.43203190096417093,0.2096496448835456,high_flow,4087170.csv
4087170,2023-11-08,daytime,6,-0.9966756502080102,1.6558583113266795e-5,-1.1067961165047726,25.69140625,0.3490655874300678,0.22773082569535372,high_flow,4087170.csv
4087170,2023-11-08,nighttime,6,-0.255872470605273,0.6245673716867128,-0.21269841269878345,25.69140625,0.3490655874300678,0.22773082569535372,high_flow,4087170.csv
4087170,2023-11-09,daytime,6,-0.1526116041729309,0.7728597788948124,-0.4697986577181486,141.23828125,0.01374836329008451,0.24968456136174264,high_flow,4087170.csv
4087170,2023-11-09,nighttime,6,0.8724607924404495,0.02336208191401634,0.5586890243902358,141.23828125,0.01374836329008451,0.24968456136174264,high_flow,4087170.csv
4087170,2023-11-10,daytime,6,0.6879288476979653,0.13088655040464536,0.504950495049549,151.04296875,0.011784311391501009,0.27479268341070506,normal_flow,4087170.csv
4087170,2023-11-10,nighttime,6,0.7722506621817247,0.0718979894687682,0.2394938043764815,151.04296875,0.011784311391501009,0.27479268341070506,normal_flow,4087170.csv
4087170,2023-11-11,daytime,6,-0.883931864661191,0.01942589400992359,-1.5797695262482596,88.109375,0.04124508987025354,0.298333531722414,normal_flow,4087170.csv
4087170,2023-11-11,nighttime,6,-0.8495756840512755,0.03223935103158985,-0.6544659409611068,88.109375,0.04124508987025354,0.298333531722414,normal_flow,4087170.csv
4087170,2023-11-12,daytime,6,-0.47079630023999575,0.3459813510133146,-0.20286532951290395,57.171875,0.1053446018331151,0.3188152204102686,normal_flow,4087170.csv
4087170,2023-11-12,nighttime,6,-0.5981662928051615,0.2097633820580097,-0.45812148782444007,57.171875,0.1053446018331151,0.3188152204102686,normal_flow,4087170.csv
4087170,2023-11-13,daytime,6,0.1623180102558019,0.7586612919988244,0.02441929720071763,40.82421875,0.1883109153672182,0.33901916438519225,normal_flow,4087170.csv
4087170,2023-11-13,nighttime,6,0.4173078672147581,0.4103744170618937,0.23385300668152692,40.82421875,0.1883109153672182,0.33901916438519225,normal_flow,4087170.csv
4087170,2023-11-14,daytime,6,-0.920124907405626,0.00931524286528496,-0.6038205980066799,30.515625,0.2846684918462088,0.35776296472642144,normal_flow,4087170.csv
4087170,2023-11-14,nighttime,6,-0.865596135128134,0.02588263582487302,-0.6936852026390437,30.515625,0.2846684918462088,0.35776296472642144,normal_flow,4087170.csv
4087170,2023-11-15,daytime,6,0.773342586449385,0.07123827293906682,0.7680164722031448,24.015625,0.37632424711343887,0.3336626592072372,normal_flow,4087170.csv
4087170,2023-11-15,nighttime,6,-0.8513124866209626,0.03151837491642393,-0.49999999999995126,24.015625,0.37632424711343887,0.3336626592072372,normal_flow,4087170.csv
4087170,2023-11-16,daytime,6,0.8685648151134834,0.02477752667193751,0.940978077571673,20.05859375,0.449529817878824,0.3127802245764393,normal_flow,4087170.csv
4087170,2023-11-16,nighttime,6,-0.8478321028848868,0.03297087429667308,-1.0772855796418586,20.05859375,0.449529817878824,0.3127802245764393,normal_flow,4087170.csv
4087170,2023-11-17,daytime,6,-0.15406660942390374,0.7707285884528424,-0.05091311566130203,16.92578125,0.5237471729556005,0.3182438598579534,normal_flow,4087170.csv
4087170,2023-11-17,nighttime,6,-0.14533000735970514,0.7835397327723252,-0.2985074626868281,16.92578125,0.5237471729556005,0.3182438598579534,normal_flow,4087170.csv
4087170,2023-11-18,daytime,6,-0.7919419239939819,0.06042901853408387,-0.48337595907925607,14.5390625,0.5905249375074396,0.32975836209975,normal_flow,4087170.csv
4087170,2023-11-18,nighttime,6,-0.9709303371923316,0.00125528535272496,-1.7867132867133066,14.5390625,0.5905249375074396,0.32975836209975,normal_flow,4087170.csv
4087170,2023-11-19,daytime,6,-0.9773055001110622,7.667161965118691e-4,-1.032042723631498,13.26171875,0.6324842280680871,0.34592310439233426,normal_flow,4087170.csv
4087170,2023-11-19,nighttime,6,-0.9505056665224324,0.00361391070629386,-1.2265060240963894,13.26171875,0.6324842280680871,0.34592310439233426,normal_flow,4087170.csv
4087170,2023-11-20,daytime,6,-0.9380553306669924,0.00563686784015613,-0.772727272727159,12.203125,0.6703368646589691,0.36364718485894537,normal_flow,4087170.csv
4087170,2023-11-20,nighttime,6,-0.29571843485409816,0.5693525464898023,-0.27692307692311874,12.203125,0.6703368646589691,0.36364718485894537,normal_flow,4087170.csv
4087170,2023-11-21,daytime,6,-0.39164016865603185,0.44257502744061206,-1.316770186335186,11.484375,0.6972979407213427,0.3808038725548546,normal_flow,4087170.csv
4087170,2023-11-21,nighttime,6,-0.931959059783192,0.00678685418604044,-2.1132075471698504,11.484375,0.6972979407213427,0.3808038725548546,normal_flow,4087170.csv
4087170,2023-11-22,daytime,6,0.4538869943692514,0.365922910739076,0.12618618910887194,69.70703125,0.07052731817640757,0.3964924810538428,normal_flow,4087170.csv
4087170,2023-11-22,nighttime,6,-0.656350986677434,0.15685041253027987,-0.7049399198931456,69.70703125,0.07052731817640757,0.3964924810538428,normal_flow,4087170.csv
4087170,2023-11-23,daytime,6,0.01319219885721434,0.9802128496604764,0.01923076923104235,92.81640625,0.03582906796809904,0.4101614887116613,normal_flow,4087170.csv
4087170,2023-11-23,nighttime,6,-0.6075362291946941,0.20081654925764925,-0.3821963394343819,92.81640625,0.03582906796809904,0.4101614887116613,normal_flow,4087170.csv
4087170,2023-11-24,daytime,6,-0.9886345016155093,1.9302776370207664e-4,-0.6769927320385725,60.21484375,0.0957028925127961,0.4222116414712534,normal_flow,4087170.csv
4087170,2023-11-24,nighttime,6,-0.9421029264384038,0.0049310691361836,-1.30384615384631,60.21484375,0.0957028925127961,0.4222116414712534,normal_flow,4087170.csv
4087170,2023-11-25,daytime,6,-0.5701493953712093,0.23744523386173705,-0.2806507844277111,41.38671875,0.18450184501845016,0.4064317739951593,normal_flow,4087170.csv
4087170,2023-11-25,nighttime,6,-0.6595867526090684,0.1540980242715488,-0.7353579175707429,41.38671875,0.18450184501845016,0.4064317739951593,normal_flow,4087170.csv
4087170,2023-11-26,daytime,6,-0.826795005898511,0.04240188266068293,-0.46771946121687447,30.61328125,0.28371622425901677,0.3818235924294726,normal_flow,4087170.csv
4087170,2023-11-26,nighttime,6,0.3594253787244023,0.4840784037449431,0.1578947368421936,30.61328125,0.28371622425901677,0.3818235924294726,normal_flow,4087170.csv
4087170,2023-11-27,daytime,6,-0.9768660992976796,7.965756725853223e-4,-0.47306006702763426,24.33203125,0.3712058088322819,0.3424751021703765,normal_flow,4087170.csv
4087170,2023-11-27,nighttime,6,-0.2107136636631124,0.6886073739728709,-0.03007107709131868,24.33203125,0.3712058088322819,0.3424751021703765,normal_flow,4087170.csv
4087170,2023-11-28,daytime,6,-0.7073375079423498,0.1159435349201753,-0.42380952380952225,20.28515625,0.44566123080585646,0.2997460619767488,normal_flow,4087170.csv
4087170,2023-11-28,nighttime,6,-0.7518094115561319,0.08475375984472003,-0.34782608695640643,20.28515625,0.44566123080585646,0.2997460619767488,normal_flow,4087170.csv
4087170,2023-11-29,daytime,6,-0.9025162383263464,0.01379142750739177,-0.6290272130121651,17.05859375,0.5199976193310321,0.2588461691068524,normal_flow,4087170.csv
4087170,2023-11-29,nighttime,6,-0.9686430669647372,0.00145946990820434,-0.7023145400592118,17.05859375,0.5199976193310321,0.2588461691068524,normal_flow,4087170.csv
4087170,2023-11-30,daytime,6,-0.18226193285190717,0.7296344178570122,-0.1291866028709586,14.85546875,0.5813593619807166,0.26511129627425306,normal_flow,4087170.csv
4087170,2023-11-30,nighttime,6,-0.5389303495669412,0.2698695367014061,-0.310592459604755,14.85546875,0.5813593619807166,0.26511129627425306,normal_flow,4087170.csv
4087170,2023-12-01,daytime,6,-0.9363469910600664,0.00594860669595489,-0.294594594594587,13.3125,0.6302821092727057,0.2803753521406182,normal_flow,4087170.csv
4087170,2023-12-01,nighttime,6,-0.9867434943719896,2.624375965779144e-4,-0.5350047295231132,13.3125,0.6302821092727057,0.2803753521406182,normal_flow,4087170.csv
4087170,2023-12-02,daytime,6,-0.13518451760875283,0.7984584622346076,-0.09259259259243954,30.26953125,0.2870491608141888,0.29796849581399043,normal_flow,4087170.csv
4087170,2023-12-02,nighttime,6,-0.6303454792397359,0.1797110750177205,-0.6724137931037881,30.26953125,0.2870491608141888,0.29796849581399043,normal_flow,4087170.csv
4087170,2023-12-03,daytime,6,0.8271701918685069,0.04222398836277859,0.6842105263156607,36.70703125,0.22140221402214025,0.2925246994405428,normal_flow,4087170.csv
4087170,2023-12-03,nighttime,6,0.3902528054955799,0.44433800672623697,0.4157303370789732,36.70703125,0.22140221402214025,0.2925246994405428,normal_flow,4087170.csv
4087170,2023-12-04,daytime,6,-0.8683377907980835,0.02486122792514454,-0.5168963506338036,87.234375,0.04225687418164504,0.2772606435741777,normal_flow,4087170.csv
4087170,2023-12-04,nighttime,6,-0.9689927452297636,0.00142726881238066,-0.5020491803278193,87.234375,0.04225687418164504,0.2772606435741777,normal_flow,4087170.csv
4087170,2023-12-06,daytime,6,-0.8963252940039306,0.01556549607486212,-0.1998700032499303,64.2734375,0.08379954767289609,0.24470896321866445,high_flow,4087170.csv
4087170,2023-12-06,nighttime,6,-0.5088146158179401,0.3026421727304256,-0.3431472081216495,64.2734375,0.08379954767289609,0.24470896321866445,high_flow,4087170.csv
4087170,2023-12-07,daytime,6,-0.7954997215578749,0.05845440779505735,-0.31892508556210747,44.17578125,0.16450422568741815,0.2304249494107844,high_flow,4087170.csv
4087170,2023-12-07,nighttime,6,-0.9454092597164662,0.00438887911907897,-0.41975000000007223,44.17578125,0.16450422568741815,0.2304249494107844,high_flow,4087170.csv
4087170,2023-12-08,daytime,6,-0.576533764370184,0.23101672298968695,-0.09496890898817796,32.30078125,0.26478990596357577,0.21827956989247313,high_flow,4087170.csv
4087170,2023-12-08,nighttime,6,-0.9910237976946106,1.204966955220924e-4,-0.8313464822690362,32.30078125,0.26478990596357577,0.21827956989247313,high_flow,4087170.csv
4087170,2023-12-09,daytime,6,-0.13691291880666648,0.7959138482076277,-0.12400635930060493,25.1015625,0.3596000476133794,0.2083283736063167,high_flow,4087170.csv
4087170,2023-12-09,nighttime,6,-0.30684524094672316,0.5541774922781864,-0.19331619537309505,25.1015625,0.3596000476133794,0.2083283736063167,high_flow,4087170.csv
4087170,2023-12-10,daytime,6,-0.9896366236459776,1.605428431034001e-4,-0.8006382111980879,57.9609375,0.10284489941673612,0.21605364440741184,high_flow,4087170.csv
4087170,2023-12-10,nighttime,6,-0.9327567005834384,0.00663046626175768,-0.5553935860059097,57.9609375,0.10284489941673612,0.21605364440741184,high_flow,4087170.csv
4087170,2023-12-11,daytime,6,-0.7702544898192416,0.07311117060377471,-1.1701235051951115,77.9375,0.05475538626354005,0.22399714319723843,high_flow,4087170.csv
4087170,2023-12-11,nighttime,6,0.2067643085495008,0.6942732772031766,0.08047337278111964,77.9375,0.05475538626354005,0.22399714319723843,high_flow,4087170.csv
4087170,2023-12-12,daytime,6,-0.746714343151516,0.08810583955513786,-0.16294642857138206,53.328125,0.11855731460540413,0.24695075983017897,high_flow,4087170.csv
4087170,2023-12-12,nighttime,6,-0.9289289648472712,0.0073971448866358,-0.5449573943384829,53.328125,0.11855731460540413,0.24695075983017897,high_flow,4087170.csv
4087170,2023-12-13,daytime,6,-0.8267253876335754,0.04243493054607395,-0.8710330857528792,37.9453125,0.2100345197000357,0.27672499305638215,normal_flow,4087170.csv
4087170,2023-12-13,nighttime,6,-0.9971146894083822,1.2475515684986588e-5,-0.4687047465808346,37.9453125,0.2100345197000357,0.27672499305638215,normal_flow,4087170.csv
4087170,2023-12-14,daytime,6,-0.7220006802367256,0.10518303554019456,-0.271974773354301,28.6796875,0.3057374122128318,0.308133952307265,normal_flow,4087170.csv
4087170,2023-12-14,nighttime,6,-0.9582485711565778,0.00257838255004057,-0.9692392199945368,28.6796875,0.3057374122128318,0.308133952307265,normal_flow,4087170.csv
4087170,2023-12-16,daytime,6,-0.40003894565477766,0.431950929385068,-1.6226415094346525,18.6796875,0.4810141649803595,0.35517993889616317,normal_flow,4087170.csv
4087170,2023-12-16,nighttime,6,-0.8436958338753584,0.03473715557860981,-0.40476190476191104,18.6796875,0.4810141649803595,0.35517993889616317,normal_flow,4087170.csv
4087170,2023-12-17,daytime,6,-0.31832961988823655,0.5386343367336207,-0.3991935483870326,22.5078125,0.4029282228306154,0.36096893226996785,normal_flow,4087170.csv
4087170,2023-12-17,nighttime,6,-0.7012585613190021,0.12053886476315256,-0.4575113808801008,22.5078125,0.4029282228306154,0.36096893226996785,normal_flow,4087170.csv
4087170,2023-12-18,daytime,6,-0.9985207562250268,3.2806248060785928e-6,-0.8595346197502904,26.2421875,0.34055469586953935,0.3872792921477602,normal_flow,4087170.csv
4087170,2023-12-18,nighttime,6,-0.9187337849887516,0.00963794747815757,-0.27945619335344196,26.2421875,0.34055469586953935,0.3872792921477602,normal_flow,4087170.csv
4087170,2023-12-19,daytime,6,-0.9462833561109312,0.00425071765351667,-0.24748678619560355,23.4140625,0.3865611236757529,0.4214815696544062,normal_flow,4087170.csv
4087170,2023-12-19,nighttime,6,-0.8574929257124263,0.02901536353143058,-0.1260504201680434,23.4140625,0.3865611236757529,0.4214815696544062,normal_flow,4087170.csv
4087170,2023-12-20,daytime,6,-0.09939102494014782,0.8514043834785546,-0.05309734513277597,18.890625,0.4760147601476014,0.4270801095107725,normal_flow,4087170.csv
4087170,2023-12-20,nighttime,6,-0.7226761046664191,0.10469852603056956,-0.3501366535073583,18.890625,0.4760147601476014,0.4270801095107725,normal_flow,4087170.csv
4087170,2023-12-21,daytime,6,-0.6127368346775467,0.1959196761003675,-0.2071428571427206,15.78125,0.5549339364361385,0.42088243463079794,normal_flow,4087170.csv
4087170,2023-12-21,nighttime,6,-0.8278234400079678,0.04191508464433122,-0.7518248175188257,15.78125,0.5549339364361385,0.42088243463079794,normal_flow,4087170.csv
4087170,2023-12-22,daytime,6,-0.08347838711275829,0.8750732847911844,-0.09756097560958636,13.875,0.6114748244256636,0.4018807284847042,normal_flow,4087170.csv
4087170,2023-12-22,nighttime,6,0.4647580015450236,0.35305686184935603,0.2880000000001965,13.875,0.6114748244256636,0.4018807284847042,normal_flow,4087170.csv
4087170,2023-12-23,daytime,6,-0.9854106324625388,3.1772179686308976e-4,-0.903924221921554,16.9296875,0.5235091060588025,0.3764988295044241,normal_flow,4087170.csv
4087170,2023-12-23,nighttime,6,-0.6038576879957496,0.20431004180967252,-0.1166861143524923,16.9296875,0.5235091060588025,0.3764988295044241,normal_flow,4087170.csv
4087170,2023-12-24,daytime,6,0.348375315289999,0.49857737489549336,0.42477876106214263,20.21875,0.44643494822044993,0.34838709677419355,normal_flow,4087170.csv
4087170,2023-12-24,nighttime,6,-0.5777008658450865,0.22984915089670868,-0.9901639344263268,20.21875,0.44643494822044993,0.34838709677419355,normal_flow,4087170.csv
4087170,2023-12-25,daytime,6,-0.912371844013878,0.011181605696692321,-0.5159249103562239,17.984375,0.497500297583621,0.3300440423759076,normal_flow,4087170.csv
4087170,2023-12-25,nighttime,6,-0.9796392465146504,6.176200438784534e-4,-0.7043618739902866,17.984375,0.497500297583621,0.3300440423759076,normal_flow,4087170.csv
4087170,2023-12-26,daytime,6,-0.4406195873516157,0.38184280062481263,-0.40502793296065864,15.2890625,0.5677895488632305,0.32203309129865493,normal_flow,4087170.csv
4087170,2023-12-26,nighttime,6,-0.943138637481624,0.00475789932892827,-0.2965034965036121,15.2890625,0.5677895488632305,0.32203309129865493,normal_flow,4087170.csv
4087170,2023-12-27,daytime,6,-0.8790896597852642,0.021045152660943,-0.2982731554160478,38.8984375,0.2025354124508987,0.3173352378685077,normal_flow,4087170.csv
4087170,2023-12-27,nighttime,6,-0.5937545378830685,0.2140306270449887,-0.7142857142856779,38.8984375,0.2025354124508987,0.3173352378685077,normal_flow,4087170.csv
4087170,2023-12-28,daytime,6,-0.9914615385320072,1.09046736709676e-4,-0.6207153502236767,53.671875,0.11706939650041662,0.3127683212315994,normal_flow,4087170.csv
4087170,2023-12-28,nighttime,6,-0.9989882433683308,1.5349593795023605e-6,-0.9975728155338074,53.671875,0.11706939650041662,0.3127683212315994,normal_flow,4087170.csv
4087170,2023-12-29,daytime,6,-0.9811262383874144,5.309667210260012e-4,-0.9000000000001597,114.75,0.02071182002142602,0.3079712732611197,normal_flow,4087170.csv
4087170,2023-12-29,nighttime,6,-0.8540775036770927,0.0303864711869739,-0.48265895953735055,114.75,0.02071182002142602,0.3079712732611197,normal_flow,4087170.csv
4087170,2023-12-30,daytime,6,-0.838567055477985,0.03698737402557182,-0.6092265943013573,121.8046875,0.01845018450184502,0.3038130381303813,normal_flow,4087170.csv
4087170,2023-12-30,nighttime,6,0.45911631724604207,0.35971358169749357,0.07026259758702295,121.8046875,0.01845018450184502,0.3038130381303813,normal_flow,4087170.csv
4087170,2023-12-31,daytime,6,-0.5330017908890357,0.2762077953268236,-0.07575757575772671,75.453125,0.05933817402690156,0.3092528667222156,normal_flow,4087170.csv
4087170,2023-12-31,nighttime,6,-0.9926631291273924,8.054704061761425e-5,-0.9197313367099652,75.453125,0.05933817402690156,0.3092528667222156,normal_flow,4087170.csv
4087170,2024-01-01,daytime,6,-0.40742764635826745,0.42267447243820366,-0.0861504907304837,51.09375,0.12778240685632664,0.323052811173273,normal_flow,4087170.csv
4087170,2024-01-01,nighttime,6,-0.9711581046197532,0.00123578625726897,-0.5757007822685528,51.09375,0.12778240685632664,0.323052811173273,normal_flow,4087170.csv
4087170,2024-01-02,daytime,6,-0.9226270442434674,0.00874826195020689,-0.3291898470097289,36.8671875,0.2203904297107487,0.3358925524739118,normal_flow,4087170.csv
4087170,2024-01-02,nighttime,6,-0.9426888577710374,0.00483272939145785,-0.5561347233359863,36.8671875,0.2203904297107487,0.3358925524739118,normal_flow,4087170.csv
4087170,2024-01-03,daytime,6,-0.17864740025189785,0.7348796560091284,-0.06382978723368345,27.9296875,0.3160933222235448,0.3070269412371543,normal_flow,4087170.csv
4087170,2024-01-03,nighttime,6,-0.807645408035885,0.05194184582316889,-1.5714285714292346,27.9296875,0.3160933222235448,0.3070269412371543,normal_flow,4087170.csv
4087170,2024-01-04,daytime,6,0.8690811299647718,0.02458766741082962,0.4613466334167698,22.25,0.407511010593977,0.2998055787009483,normal_flow,4087170.csv
4087170,2024-01-04,nighttime,6,0.9263067332357016,0.00794594342735285,2.000000000000026,22.25,0.407511010593977,0.2998055787009483,normal_flow,4087170.csv
4087170,2024-01-05,daytime,6,-0.17084843923427634,0.7462208048562948,-0.09729729729666135,18.609375,0.482978216878943,0.3033805499345316,normal_flow,4087170.csv
4087170,2024-01-05,nighttime,6,-0.9005078435646195,0.01435561282143741,-1.3657505285413978,18.609375,0.482978216878943,0.3033805499345316,normal_flow,4087170.csv
4087170,2024-01-06,daytime,6,-0.9465086200150712,0.00421546341453265,-0.7089337175790865,15.9921875,0.5491012974645876,0.3221322858389874,normal_flow,4087170.csv
4087170,2024-01-06,nighttime,6,-0.9094135797337162,0.0119371777729443,-0.7196261682247455,15.9921875,0.5491012974645876,0.3221322858389874,normal_flow,4087170.csv
4087170,2024-01-07,daytime,6,-0.9728108694009168,0.00109882346770774,-1.0823170731705951,14.0546875,0.605106534936317,0.34587152323136133,normal_flow,4087170.csv
4087170,2024-01-07,nighttime,6,-0.8801134821087971,0.02069761465432326,-0.6106382978724352,14.0546875,0.605106534936317,0.34587152323136133,normal_flow,4087170.csv
4087170,2024-01-08,daytime,6,-0.04545454545441411,0.9318651389934348,-0.02272727272721617,12.671875,0.6534341149863111,0.3731143117882792,normal_flow,4087170.csv
4087170,2024-01-08,nighttime,6,-0.884123496625092,0.01936308805466873,-1.8780487804886048,12.671875,0.6534341149863111,0.3731143117882792,normal_flow,4087170.csv
4087170,2024-01-09,daytime,6,0.6232890249580098,0.18613699259080416,0.06474820143885077,11.6953125,0.6900964170932032,0.402658413680911,normal_flow,4087170.csv
4087170,2024-01-09,nighttime,6,0.11234482285944249,0.8321917378939309,0.0315533980582635,11.6953125,0.6900964170932032,0.402658413680911,normal_flow,4087170.csv
4087170,2024-01-10,daytime,6,-0.9231479769828604,0.0086323971685325,-0.46733668341714646,49.71875,0.13480538031186765,0.4308137920088878,normal_flow,4087170.csv
4087170,2024-01-10,nighttime,6,0.3669450981763365,0.4742866938871441,0.6686131386861475,49.71875,0.13480538031186765,0.4308137920088878,normal_flow,4087170.csv
4087170,2024-01-11,daytime,6,-0.07378784519161324,0.8895191065642821,-0.10526315789488064,60.640625,0.0942149744078086,0.45614014204658176,normal_flow,4087170.csv
4087170,2024-01-11,nighttime,6,-0.3172105557243832,0.5401434318000542,-0.13968775677906692,60.640625,0.0942149744078086,0.45614014204658176,normal_flow,4087170.csv
4087170,2024-01-12,daytime,6,-0.8911717087231609,0.01712093626228063,-1.0094339622643542,43.25,0.17069396500416617,0.47789945641391895,normal_flow,4087170.csv
4087170,2024-01-12,nighttime,6,0.9369638243539458,0.00583510016471783,0.4528122020972085,43.25,0.17069396500416617,0.47789945641391895,normal_flow,4087170.csv
4087170,2024-01-13,daytime,6,0.01119597852966463,0.9832067339130948,0.00325909831615799,29.015625,0.3019878585882633,0.4966115145022418,normal_flow,4087170.csv
4087170,2024-01-13,nighttime,6,-0.4916202422528936,0.3219795985057013,-0.15762421473447596,29.015625,0.3019878585882633,0.4966115145022418,normal_flow,4087170.csv
4087170,2024-01-14,daytime,6,0.19439362630637852,0.7120825194384528,0.0274828232353815,24.140625,0.37453874538745385,0.512327897472523,normal_flow,4087170.csv
4087170,2024-01-14,nighttime,6,0.7686773417725247,0.0740762006752909,0.24627992236349935,24.140625,0.37453874538745385,0.512327897472523,normal_flow,4087170.csv
4087170,2024-01-15,daytime,6,-0.9342466243849548,0.00634311703685626,-0.5318927362664811,19.21875,0.46798000238066895,0.5255207713367456,normal_flow,4087170.csv
4087170,2024-01-15,nighttime,6,-0.9875898318234524,2.3006275214343549e-4,-0.49625468164797504,19.21875,0.46798000238066895,0.5255207713367456,normal_flow,4087170.csv
4087170,2024-01-16,daytime,6,-0.7896517546999575,0.06171600180193721,-2.3536585365856806,15.203125,0.5709439352458041,0.5365551720033329,normal_flow,4087170.csv
4087170,2024-01-16,nighttime,6,-0.8909090909091013,0.01720210368143929,-2.799999999999739,15.203125,0.5709439352458041,0.5365551720033329,normal_flow,4087170.csv
4087170,2024-01-17,daytime,6,-0.6146863480735435,0.19409680962770276,-0.7932203389828619,12.96875,0.6427211046304011,0.5463040114272111,normal_flow,4087170.csv
4087170,2024-01-17,nighttime,6,-0.9639404242167954,0.00192699550140794,-1.4584615384617516,12.96875,0.6427211046304011,0.5463040114272111,normal_flow,4087170.csv
4087170,2024-01-18,daytime,6,0.6846621080979531,0.1334786966528129,0.4974619289340228,11.515625,0.6959885727889537,0.5934293536483752,normal_flow,4087170.csv
4087170,2024-01-18,nighttime,6,-0.8955334711887011,0.01579984849535405,-0.6000000000001336,11.515625,0.6959885727889537,0.5934293536483752,normal_flow,4087170.csv
4087170,2024-01-19,daytime,6,-0.31430927854685625,0.5440614396885826,-0.05645161290331201,10.421875,0.7339007261040352,0.6433321429988493,normal_flow,4087170.csv
4087170,2024-01-19,nighttime,6,-0.533075158750748,0.27612901255184813,-0.4513274336282124,10.421875,0.7339007261040352,0.6433321429988493,normal_flow,4087170.csv
4087170,2024-01-20,daytime,6,-0.5908101249755137,0.21689790038622853,-1.396226415094548,9.609375,0.7636590882037853,0.6450144824028885,normal_flow,4087170.csv
4087170,2024-01-20,nighttime,6,NA,NA,NA,9.609375,0.7636590882037853,0.6450144824028885,normal_flow,4087170.csv
4087170,2024-01-21,daytime,6,-0.9412979462025246,0.005067755063067,-0.9695431472079162,9.015625,0.7848470420188073,0.6292623893980875,normal_flow,4087170.csv
4087170,2024-01-21,nighttime,6,NA,NA,NA,9.015625,0.7848470420188073,0.6292623893980875,normal_flow,4087170.csv
4087170,2024-01-22,daytime,6,-0.2236067977502044,0.6701799733184598,-0.6000000000007074,8.53125,0.8029996428996548,0.6097369360790382,normal_flow,4087170.csv
4087170,2024-01-22,nighttime,6,0.26832815729975157,0.6071675777131477,1.7999999999977288,8.53125,0.8029996428996548,0.6097369360790382,normal_flow,4087170.csv
4087170,2024-01-23,daytime,6,NA,NA,NA,8.09375,0.8189501249851208,0.5874737134468119,normal_flow,4087170.csv
4087170,2024-01-23,nighttime,6,-0.44721359549969103,0.3739009663003791,-0.6666666666661785,8.09375,0.8189501249851208,0.5874737134468119,normal_flow,4087170.csv
4087170,2024-01-24,daytime,6,-0.8857106343668967,0.0188466614212071,-1.6769230769227312,7.65625,0.8363290084513748,0.5641312542157679,normal_flow,4087170.csv
4087170,2024-01-24,nighttime,6,-0.937845351508243,0.00567474256444552,-1.3531598513012175,7.65625,0.8363290084513748,0.5641312542157679,normal_flow,4087170.csv
4087170,2024-01-25,daytime,6,-0.5602087054151825,0.24759315349775143,-1.7857142857140174,7.484375,0.8416855136293299,0.5379399277863747,normal_flow,4087170.csv
4087170,2024-01-25,nighttime,6,-0.8575210730990014,0.0290041883822986,-0.7215909090907514,7.484375,0.8416855136293299,0.5379399277863747,normal_flow,4087170.csv
4087170,2024-01-26,daytime,6,0.26159253990627374,0.6165616648180798,0.21897810219008604,7.453125,0.8427568146649208,0.5057810578105781,normal_flow,4087170.csv
4087170,2024-01-26,nighttime,6,-0.4857520521617024,0.32867974813595996,-0.4719101123588175,7.453125,0.8427568146649208,0.5057810578105781,normal_flow,4087170.csv
4087170,2024-01-27,daytime,6,0.8491348791084424,0.03242356050091801,1.4420600858369137,39.796875,0.1959290560647542,0.4648176804348689,normal_flow,4087170.csv
4087170,2024-01-27,nighttime,6,0.49140052167099263,0.32222955842065215,1.8421052631578396,39.796875,0.1959290560647542,0.4648176804348689,normal_flow,4087170.csv
4087170,2024-01-28,daytime,6,0.9669875568304318,0.00161674327245329,1.285714285714421,72.046875,0.06570646351624806,0.4220489624251081,normal_flow,4087170.csv
4087170,2024-01-28,nighttime,6,-0.08155908717305214,0.8779326300624984,-0.03658536585324207,72.046875,0.06570646351624806,0.4220489624251081,normal_flow,4087170.csv
4087170,2024-01-29,daytime,6,0.05714285714301088,0.914379008746126,0.11428571428598527,64.96875,0.08165694560171408,0.3836170297186843,normal_flow,4087170.csv
4087170,2024-01-29,nighttime,6,0.9768248710354656,7.994063781449013e-4,1.5104542177361968,64.96875,0.08165694560171408,0.3836170297186843,normal_flow,4087170.csv
4087170,2024-01-30,daytime,6,0.8704216551631344,0.02409797550221167,0.25359864521587994,49.90625,0.13403166289727414,0.35025195413244453,normal_flow,4087170.csv
4087170,2024-01-30,nighttime,6,-0.9579707431840936,0.00261256617527315,-1.4464285714287806,49.90625,0.13403166289727414,0.35025195413244453,normal_flow,4087170.csv
4087170,2024-01-31,daytime,6,0.7981697869697802,0.05699233158668814,1.745205479451707,36.78125,0.22080704678014523,0.3218902511605761,normal_flow,4087170.csv
4087170,2024-01-31,nighttime,6,0.22757371193568235,0.6645324299683981,0.07692307692316193,36.78125,0.22080704678014523,0.3218902511605761,normal_flow,4087170.csv
4087170,2024-02-01,daytime,6,-0.14407205404524848,0.7853871532227634,-0.04324324324331365,33.578125,0.24985120818950124,0.2974923620203944,normal_flow,4087170.csv
4087170,2024-02-01,nighttime,6,0.7870834789913534,0.063174047688954,0.911764705882514,33.578125,0.24985120818950124,0.2974923620203944,normal_flow,4087170.csv
4087170,2024-02-02,daytime,6,0.5621688306071994,0.2455789283217386,0.2610244988865149,37.5,0.2136055231520057,0.2651430385271595,normal_flow,4087170.csv
4087170,2024-02-02,nighttime,6,0.9414688716913944,0.00503857878079413,0.4999999999997186,37.5,0.2136055231520057,0.2651430385271595,normal_flow,4087170.csv
4087170,2024-02-03,daytime,6,0.5294863352015111,0.27999277422908697,0.40101522842603354,53.203125,0.11945006546839662,0.21123278974725232,high_flow,4087170.csv
4087170,2024-02-03,nighttime,6,0.5946508434942418,0.2131608658443397,0.7187499999997025,53.203125,0.11945006546839662,0.21123278974725232,high_flow,4087170.csv
4087170,2024-02-04,daytime,6,-0.9124336112632716,0.01116608470531335,-0.8208092485550882,52.59375,0.12212831805737412,0.198531920803079,high_flow,4087170.csv
4087170,2024-02-04,nighttime,6,-0.4397966037060384,0.3828380554572033,-0.2763157894736509,52.59375,0.12212831805737412,0.198531920803079,high_flow,4087170.csv
4087170,2024-02-05,daytime,6,0.1593132469696004,0.7630518712584194,1.000000000001792,38.171875,0.2083680514224497,0.1947783993968972,high_flow,4087170.csv
4087170,2024-02-05,nighttime,6,0.5533985905294189,0.25464127338067405,0.9333333333329764,38.171875,0.2083680514224497,0.1947783993968972,high_flow,4087170.csv
4087170,2024-02-06,daytime,6,-0.8166138852283944,0.04736202028764806,-0.8740740740740179,28.953125,0.3025235091060588,0.19148910843947148,high_flow,4087170.csv
4087170,2024-02-06,nighttime,6,0.8109630458781378,0.05022484009105113,0.7468354430382073,28.953125,0.3025235091060588,0.19148910843947148,high_flow,4087170.csv
4087170,2024-02-07,daytime,6,-0.6443702660335285,0.1672200693912502,-0.8461538461537332,22.984375,0.3935245804070944,0.18852120779272308,high_flow,4087170.csv
4087170,2024-02-07,nighttime,6,0.7554668530919912,0.08238358164395657,0.5413223140497009,22.984375,0.3935245804070944,0.18852120779272308,high_flow,4087170.csv
4087170,2024-02-08,daytime,6,-0.9631282019610852,0.0020142300875307,-0.45402298850583594,19.125,0.47036067134864895,0.18502559219140577,high_flow,4087170.csv
4087170,2024-02-08,nighttime,6,-0.2872529994867286,0.5809717388058504,-0.30399999999963534,19.125,0.47036067134864895,0.18502559219140577,high_flow,4087170.csv
4087170,2024-02-09,daytime,6,-0.16574838603300346,0.7536541844949057,-0.5000000000001698,25.265625,0.35644566123080584,0.18536285362853627,high_flow,4087170.csv
4087170,2024-02-09,nighttime,6,0.7221853807286326,0.105050444140247,0.91666666666700225,25.265625,0.35644566123080584,0.18536285362853627,high_flow,4087170.csv
4087170,2024-02-10,daytime,6,0.9675436436702018,0.00156302759193425,1.2768850432631589,94.515625,0.03410308296631353,0.1914494306233385,high_flow,4087170.csv
4087170,2024-02-10,nighttime,6,0.9940714952415682,5.2616567927767517e-05,0.4500000000000174,94.515625,0.03410308296631353,0.1914494306233385,high_flow,4087170.csv
4087170,2024-02-11,daytime,6,-0.9638802903175672,0.0019333886509924,-0.5040390590323915,204.484375,0.0054160219021545,0.2081974368130778,high_flow,4087170.csv
4087170,2024-02-11,nighttime,6,-0.9555714289076588,0.00291699816172019,-0.40788971830214343,204.484375,0.0054160219021545,0.2081974368130778,high_flow,4087170.csv
4087170,2024-02-12,daytime,6,-0.31526675453638175,0.5427675424053737,-0.06680299931826618,164.765625,0.00940364242352101,0.23038527159465144,high_flow,4087170.csv
4087170,2024-02-12,nighttime,6,-0.8430989001824912,0.03499564056881334,-0.2544554455445627,164.765625,0.00940364242352101,0.23038527159465144,high_flow,4087170.csv
4087170,2024-02-13,daytime,6,-0.9593677109355084,0.0024429327644169,-0.9190116678108252,96.3125,0.03231758124032853,0.2522755227552275,normal_flow,4087170.csv
4087170,2024-02-13,nighttime,6,-0.8928510178609061,0.01660627295134038,-0.45825049701789383,96.3125,0.03231758124032853,0.2522755227552275,normal_flow,4087170.csv
4087170,2024-02-14,daytime,6,-0.0195927833476809,0.970614585589486,-0.00383877159311556,62.234375,0.08951315319604809,0.27150339245327937,normal_flow,4087170.csv
4087170,2024-02-14,nighttime,6,-0.9367659069226066,0.00587140343287104,-0.3269230769228645,62.234375,0.08951315319604809,0.27150339245327937,normal_flow,4087170.csv
4087170,2024-02-15,daytime,6,0.32459903127057466,0.5302020654570982,0.8252714708786097,43.609375,0.16837281276038568,0.27968495813990396,normal_flow,4087170.csv
4087170,2024-02-15,nighttime,6,-0.8639658861166941,0.02649924551701961,-0.6161335187762071,43.609375,0.16837281276038568,0.27968495813990396,normal_flow,4087170.csv
4087170,2024-02-16,daytime,6,-0.34384095303675977,0.5045641440233889,-0.03940886699518859,33.09375,0.25491012974645877,0.25128357735190254,normal_flow,4087170.csv
4087170,2024-02-16,nighttime,6,-0.2747740351925024,0.5982117728849159,-0.3990755007701814,33.09375,0.25491012974645877,0.25128357735190254,normal_flow,4087170.csv
4087170,2024-02-17,daytime,6,-0.6655324656588562,0.14909460133705812,-0.713615023474159,28.765625,0.3049041780740388,0.22794508590247192,high_flow,4087170.csv
4087170,2024-02-17,nighttime,6,-0.901941284016296,0.01395182530120432,-0.24707964601771615,28.765625,0.3049041780740388,0.22794508590247192,high_flow,4087170.csv
4087170,2024-02-18,daytime,6,-0.2617701311049562,0.6163135194218512,-0.10286103542237218,24.359375,0.3706701583144863,0.22629448875133912,high_flow,4087170.csv
4087170,2024-02-18,nighttime,6,0.8788501706077269,0.02112684668831948,0.36153846153828795,24.359375,0.3706701583144863,0.22629448875133912,high_flow,4087170.csv
4087170,2024-02-19,daytime,6,-0.44589632137026514,0.37548285812783033,-1.5294117647057164,19.828125,0.45494583978097847,0.22784589136213945,high_flow,4087170.csv
4087170,2024-02-19,nighttime,6,-0.27317516143592885,0.6004300608228674,-0.6046511627911465,19.828125,0.45494583978097847,0.22784589136213945,high_flow,4087170.csv
4087170,2024-02-20,daytime,6,-0.5269163691064203,0.2827722032822696,-0.22996515679439652,16.46875,0.5367218188310915,0.23166686505574732,high_flow,4087170.csv
4087170,2024-02-20,nighttime,6,-0.8534996109408113,0.03062142365407886,-0.8027279253412787,16.46875,0.5367218188310915,0.23166686505574732,high_flow,4087170.csv
4087170,2024-02-21,daytime,6,-0.578492407336972,0.22905863339052737,-0.06435643564369858,14.515625,0.5909415545768361,0.23393643613855497,high_flow,4087170.csv
4087170,2024-02-21,nighttime,6,NA,NA,NA,14.515625,0.5909415545768361,0.23393643613855497,high_flow,4087170.csv
4087170,2024-02-22,daytime,6,0.7384535284530256,0.09366408838993873,0.4967213114752761,17.203125,0.5162480657064635,0.23037336824981153,high_flow,4087170.csv
4087170,2024-02-22,nighttime,6,0.503115294937459,0.3090025871093352,1.4999999999999964,17.203125,0.5162480657064635,0.23037336824981153,high_flow,4087170.csv
4087170,2024-02-23,daytime,6,-0.06312200650575146,0.9054427415147008,-0.325581395348685,85.734375,0.04433995952862754,0.22229496488513273,high_flow,4087170.csv
4087170,2024-02-23,nighttime,6,-0.074492858493557,0.8884673996221445,-0.04489795918376127,85.734375,0.04433995952862754,0.22229496488513273,high_flow,4087170.csv
4087170,2024-02-24,daytime,6,-0.8886766850160353,0.01789951242107955,-0.9789915966386716,193.875,0.0063682894893465,0.2128000634845058,high_flow,4087170.csv
4087170,2024-02-24,nighttime,6,-0.08251147237266565,0.8765136663955444,-0.0152182021633533,193.875,0.0063682894893465,0.2128000634845058,high_flow,4087170.csv
4087170,2024-02-25,daytime,6,-0.4235484688194342,0.4026681766884823,-0.43749999999985334,164.828125,0.0093441256993215,0.2065666785700115,high_flow,4087170.csv
4087170,2024-02-25,nighttime,6,-0.12178281459337212,0.8182288618554499,-0.1069260700388377,164.828125,0.0093441256993215,0.2065666785700115,high_flow,4087170.csv
4087170,2024-02-26,daytime,6,0.9434122891772664,0.00471265181709007,0.4609250398724801,100.234375,0.02868706106415903,0.2026663492441376,high_flow,4087170.csv
4087170,2024-02-26,nighttime,6,-0.3552016670839692,0.4896050811761017,-0.16822429906549852,100.234375,0.02868706106415903,0.2026663492441376,high_flow,4087170.csv
4087170,2024-02-27,daytime,6,-0.2071446264317883,0.6937272339954615,-0.14922048997754178,71.65625,0.06671824782763956,0.1935920326945205,high_flow,4087170.csv
4087170,2024-02-27,nighttime,6,0.31057477829560387,0.5491163405649417,0.4375000000000875,71.65625,0.06671824782763956,0.1935920326945205,high_flow,4087170.csv
4087170,2024-02-28,daytime,6,0.3354125101703714,0.515748448718077,0.360352014821604,71.75,0.06636114748244257,0.15978256556759116,high_flow,4087170.csv
4087170,2024-02-28,nighttime,6,-0.9888990640704078,1.841621792809518e-4,-1.067607993299061,71.75,0.06636114748244257,0.15978256556759116,high_flow,4087170.csv
4087170,2024-02-29,daytime,6,-0.11128297681376947,0.8337645934592928,-0.02786377708952193,92.625,0.03606713486489704,0.12255683847161052,high_flow,4087170.csv
4087170,2024-02-29,nighttime,6,-0.964687736712807,0.00184841748949276,-0.17899968277466705,92.625,0.03606713486489704,0.12255683847161052,high_flow,4087170.csv
4087170,2024-03-01,daytime,6,-0.35570469798671533,0.4889458694796688,-0.35570469798651094,83.546875,0.04719676229020354,0.0944689124310598,high_flow,4087170.csv
4087170,2024-03-01,nighttime,6,0.05583195306018555,0.916339090286685,0.01870324189519218,83.546875,0.04719676229020354,0.0944689124310598,high_flow,4087170.csv
4087170,2024-03-02,daytime,6,-0.3098015570956789,0.5501645771194239,-0.10548823948680626,54.8125,0.11248660873705511,0.09444510574138,high_flow,4087170.csv
4087170,2024-03-02,nighttime,6,-0.5469141104852729,0.2614239534508911,-2.6000000000006067,54.8125,0.11248660873705511,0.09444510574138,high_flow,4087170.csv
4087170,2024-03-03,daytime,6,0.7699910905932615,0.07327194062090546,0.093324692158193,37.765625,0.21140340435662425,0.09548863230567788,high_flow,4087170.csv
4087170,2024-03-03,nighttime,6,-0.7694705810871062,0.07359011331342973,-0.6414253897549187,37.765625,0.21140340435662425,0.09548863230567788,high_flow,4087170.csv
4087170,2024-03-04,daytime,6,-0.5222947226640956,0.2877967688447761,-0.5420560747663741,28.21875,0.3121652184263778,0.097738364480419,high_flow,4087170.csv
4087170,2024-03-04,nighttime,6,0.5763717965400406,0.23117894240196324,0.3075459733672536,28.21875,0.3121652184263778,0.097738364480419,high_flow,4087170.csv
4087170,2024-03-05,daytime,6,-0.7274723028109653,0.10128651919257056,-0.09339815762535328,27.703125,0.31883109153672184,0.1031067730032139,high_flow,4087170.csv
4087170,2024-03-05,nighttime,6,-0.9921796062459028,9.149869569935476e-5,-0.4196832579185612,27.703125,0.31883109153672184,0.1031067730032139,high_flow,4087170.csv
4087170,2024-03-07,daytime,6,-0.507583890276049,0.30401147807844425,-0.15309938156191363,96.09375,0.03255564813712653,0.12832202515573543,high_flow,4087170.csv
4087170,2024-03-07,nighttime,6,-0.6770047558465406,0.13964050236674136,-0.1670247046186727,96.09375,0.03255564813712653,0.12832202515573543,high_flow,4087170.csv
4087170,2024-03-08,daytime,6,-0.9922315075829644,9.0289799433057e-5,-0.7581961543781989,60.390625,0.0949291750982026,0.12669523469428243,high_flow,4087170.csv
4087170,2024-03-08,nighttime,6,-0.9645948793190858,0.00185809329670398,-1.8137755102040056,60.390625,0.0949291750982026,0.12669523469428243,high_flow,4087170.csv
4087170,2024-03-09,daytime,6,0.6374131983358017,0.17336928678010258,0.0806142034548238,86.015625,0.04398285918343054,0.12442566361147482,high_flow,4087170.csv
4087170,2024-03-09,nighttime,6,0.7187500000000295,0.10752868652341604,1.4375000000002038,86.015625,0.04398285918343054,0.12442566361147482,high_flow,4087170.csv
4087170,2024-03-11,daytime,6,-0.9264847274018094,0.0079080864849712,-1.878846153846252,86.453125,0.04309010832043804,0.11385549339364362,high_flow,4087170.csv
4087170,2024-03-11,nighttime,6,0.896499657026742,0.01551411704483188,1.2489878542510318,86.453125,0.04309010832043804,0.11385549339364362,high_flow,4087170.csv
4087170,2024-03-12,daytime,6,-0.5534706617143232,0.2545662786158107,-5.090909090909467,55.9375,0.1092131889060826,0.10716978137523311,high_flow,4087170.csv
4087170,2024-03-12,nighttime,6,0.31318273784319883,0.5455849113819629,0.32694475760988106,55.9375,0.1092131889060826,0.10716978137523311,high_flow,4087170.csv
4087170,2024-03-13,daytime,6,-0.6365491380832292,0.17413949487633718,-1.0129870129867056,39.03125,0.2014641114153077,0.10655080744355833,high_flow,4087170.csv
4087170,2024-03-13,nighttime,6,-0.03739558126458511,0.943932775645092,-0.03168316831676416,39.03125,0.2014641114153077,0.10655080744355833,high_flow,4087170.csv
4087170,2024-03-14,daytime,6,-0.5087061414736463,0.30276276846593186,-0.5347590912873367,28.40625,0.3098440661825973,0.13192477086061183,high_flow,4087170.csv
4087170,2024-03-14,nighttime,6,-0.8797134121573496,0.02083308972920466,-1.1231343283583235,28.40625,0.3098440661825973,0.13192477086061183,high_flow,4087170.csv
4087170,2024-03-15,daytime,6,0.29469178464514806,0.5707583188917962,0.35714285714254956,151.734375,0.01166527794310201,0.16296869420307106,high_flow,4087170.csv
4087170,2024-03-15,nighttime,6,-0.49593084136927673,0.31709018830986513,-0.08532868959515337,151.734375,0.01166527794310201,0.16296869420307106,high_flow,4087170.csv
4087170,2024-03-16,daytime,6,0.22283440581191025,0.671280831702265,0.15999999999960263,143.8125,0.01315319604808951,0.1933301591080427,high_flow,4087170.csv
4087170,2024-03-16,nighttime,6,-0.3555257752198645,0.48918031318007815,-0.3454894433781102,143.8125,0.01315319604808951,0.1933301591080427,high_flow,4087170.csv
4087170,2024-03-17,daytime,6,0.21088952921173135,0.6883552981392832,0.03571428571433519,83.125,0.04773241280799904,0.2308971154227671,high_flow,4087170.csv
4087170,2024-03-17,nighttime,6,0.7849234991824912,0.064412358042807,0.8066528066517188,83.125,0.04773241280799904,0.2308971154227671,high_flow,4087170.csv
4087170,2024-03-18,daytime,6,-0.938301788732786,0.00559257156782797,-0.38436195914792487,53.546875,0.11760504701821212,0.2732690552711979,normal_flow,4087170.csv
4087170,2024-03-18,nighttime,6,-0.8963500789785461,0.01555818777580494,-1.932515337423098,53.546875,0.11760504701821212,0.2732690552711979,normal_flow,4087170.csv
4087170,2024-03-19,daytime,6,-0.9220914177263608,0.00886817808859289,-3.207500000000196,37.6875,0.2118795381502202,0.3164980359481014,normal_flow,4087170.csv
4087170,2024-03-19,nighttime,6,0.20038545185778192,0.7034449939253684,0.2101123595506098,37.6875,0.2118795381502202,0.3164980359481014,normal_flow,4087170.csv
4087170,2024-03-20,daytime,6,-0.6668146500407734,0.14802485057042503,-4.484374999999859,28.421875,0.30954648256159983,0.309363964607388,normal_flow,4087170.csv
4087170,2024-03-20,nighttime,6,-0.9409410855052304,0.00512893564263784,-0.8744769874477135,28.421875,0.30954648256159983,0.309363964607388,normal_flow,4087170.csv
4087170,2024-03-21,daytime,6,0.5764287198882398,0.231121925465342,0.35885167464099893,22.078125,0.4101892631829544,0.29605205729476647,normal_flow,4087170.csv
4087170,2024-03-21,nighttime,6,-0.9962300730965712,2.129173352763668e-5,-0.8835732430143541,22.078125,0.4101892631829544,0.29605205729476647,normal_flow,4087170.csv
4087170,2024-03-22,daytime,6,-0.8745532087330234,0.02261827451464923,-0.5080346106302936,17.9375,0.498214498274015,0.2762766337340793,normal_flow,4087170.csv
4087170,2024-03-22,nighttime,6,0.00870278403058326,0.9869461535218113,0.0029411764705287,17.9375,0.498214498274015,0.2762766337340793,normal_flow,4087170.csv
4087170,2024-03-23,daytime,6,-0.19198782222357627,0.7155565373250194,-0.18571428571413545,15.921875,0.550351148672777,0.2785898504146332,normal_flow,4087170.csv
4087170,2024-03-23,nighttime,6,0.02392052452279362,0.9641260567761348,0.00801068090807661,15.921875,0.550351148672777,0.2785898504146332,normal_flow,4087170.csv
4087170,2024-03-24,daytime,6,0.6947656262094294,0.12553299284477737,2.0277777777774135,14,0.6074872039042971,0.2798119271515296,normal_flow,4087170.csv
4087170,2024-03-24,nighttime,6,-0.5410462286690819,0.26762116461031793,-1.0911505364919107,14,0.6074872039042971,0.2798119271515296,normal_flow,4087170.csv
4087170,2024-03-25,daytime,6,0.8144313776264357,0.04845847644693962,2.6730769230771863,12.546875,0.6576002856802762,0.27945879458794587,normal_flow,4087170.csv
4087170,2024-03-25,nighttime,6,0.09894548898381517,0.8520661150717523,0.4666666666678043,12.546875,0.6576002856802762,0.27945879458794587,normal_flow,4087170.csv
4087170,2024-03-26,daytime,6,0.04948956787028628,0.9258262535481618,0.07073170731700704,11.640625,0.6915248184739912,0.2755544974804587,normal_flow,4087170.csv
4087170,2024-03-26,nighttime,6,0.4695511557302111,0.3474361838408075,0.5743243243244429,11.640625,0.6915248184739912,0.2755544974804587,normal_flow,4087170.csv
4087170,2024-03-27,daytime,6,0.5062796079023437,0.30546514002980063,0.7551020408158939,250.15625,0.0022021187953815,0.2615204539142166,normal_flow,4087170.csv
4087170,2024-03-27,nighttime,6,0.924999999999985,0.00822656250000327,0.9250000000002024,250.15625,0.0022021187953815,0.2615204539142166,normal_flow,4087170.csv
4087170,2024-03-28,daytime,6,0.7011307802219005,0.12063629645029576,0.7810218978103575,260.671875,0.001785501725985,0.24092369955957624,high_flow,4087170.csv
4087170,2024-03-28,nighttime,6,0.9654897304293728,0.00176588790576307,0.649232736572795,260.671875,0.001785501725985,0.24092369955957624,high_flow,4087170.csv
4087170,2024-03-29,daytime,6,0.6664613919292272,0.1483192525627406,0.7065789473682926,143.40625,0.01321271277228901,0.213728524382018,high_flow,4087170.csv
4087170,2024-03-29,nighttime,6,0.9627603157785262,0.00205436923454588,1.1678082191782193,143.40625,0.01321271277228901,0.213728524382018,high_flow,4087170.csv
4087170,2024-03-30,daytime,6,-0.7613362500075549,0.07864338873124747,-1.7203389830506928,84.125,0.04636352815141054,0.18147442764750227,high_flow,4087170.csv
4087170,2024-03-30,nighttime,6,-0.4206799190708819,0.4062043193796565,-0.16555407209603498,84.125,0.04636352815141054,0.18147442764750227,high_flow,4087170.csv
4087170,2024-03-31,daytime,6,-0.41228918515855995,0.41660716912472257,-0.430622009569661,97.359375,0.03148434710153553,0.14788318850930446,high_flow,4087170.csv
4087170,2024-03-31,nighttime,6,NA,NA,NA,97.359375,0.03148434710153553,0.14788318850930446,high_flow,4087170.csv
4087170,2024-04-01,daytime,6,-0.9837193460673416,3.954318661501429e-4,-0.7344680851064024,87.109375,0.04243542435424354,0.1119192159663532,high_flow,4087170.csv
4087170,2024-04-01,nighttime,6,0.8982230093172721,0.01501070242842616,0.5969162995596671,87.109375,0.04243542435424354,0.1119192159663532,high_flow,4087170.csv
4087170,2024-04-02,daytime,6,-0.42014091503626666,0.406869926075535,-0.5806142034548261,75.5625,0.05904059040590406,0.07474110224973217,high_flow,4087170.csv
4087170,2024-04-02,nighttime,6,-0.6643638388299039,0.1500724682555297,-1.6000000000000056,75.5625,0.05904059040590406,0.07474110224973217,high_flow,4087170.csv
4087170,2024-04-04,daytime,6,-0.3772070177246878,0.4610249489859517,-0.14392059553356848,380.890625,5.951672419950006e-4,0.05896520255525136,high_flow,4087170.csv
4087170,2024-04-04,nighttime,6,-0.9623570990124078,0.00209881222274879,-1.065654091131763,380.890625,5.951672419950006e-4,0.05896520255525136,high_flow,4087170.csv
4087170,2024-04-05,daytime,6,0.1937468991777474,0.7130160733129203,0.05873493975904018,248,0.002261635519581,0.08256953537277308,high_flow,4087170.csv
4087170,2024-04-05,nighttime,6,-0.6362110457422986,0.17444125262056853,-2.1034482758632573,248,0.002261635519581,0.08256953537277308,high_flow,4087170.csv
4087170,2024-04-06,daytime,6,0.40166119115156934,0.4299085571747231,0.0416080123693124,137.515625,0.01440304725627901,0.1050470182121176,high_flow,4087170.csv
4087170,2024-04-06,nighttime,6,-0.19495321684066583,0.7112749444846838,-0.07601351351322841,137.515625,0.01440304725627901,0.1050470182121176,high_flow,4087170.csv
4087170,2024-04-07,daytime,6,-0.6067228989053757,0.20158684661223544,-0.7919999999993307,84.09375,0.04648256159980955,0.12303297226520651,high_flow,4087170.csv
4087170,2024-04-07,nighttime,6,0.7884355822603014,0.06240449520054297,0.4563600782778779,84.09375,0.04648256159980955,0.12303297226520651,high_flow,4087170.csv
4087170,2024-04-08,daytime,6,-0.5039108491324947,0.30811179568935854,-0.2365728900256741,70.828125,0.06802761576002857,0.14692695314049914,high_flow,4087170.csv
4087170,2024-04-08,nighttime,6,0.8717974336314157,0.02360028488164493,0.8850574712640925,70.828125,0.06802761576002857,0.14692695314049914,high_flow,4087170.csv
4087170,2024-04-09,daytime,6,-0.8089355417550139,0.05127097686431917,-0.44600938967130255,58.84375,0.0999285799309606,0.17674483196444868,high_flow,4087170.csv
4087170,2024-04-09,nighttime,6,0.7690430324479797,0.07385192953131646,1.5006675567421948,58.84375,0.0999285799309606,0.17674483196444868,high_flow,4087170.csv
4087170,2024-04-10,daytime,6,0.8827974611650146,0.01979968012936952,0.7565714285715532,41.78125,0.18158552553267468,0.2100503908264889,high_flow,4087170.csv
4087170,2024-04-10,nighttime,6,0.6711071577228636,0.14446750067418512,1.603198781416656,41.78125,0.18158552553267468,0.2100503908264889,high_flow,4087170.csv
4087170,2024-04-11,daytime,6,-0.1000324231694149,0.8504518517511253,-0.07171314741029493,31.3125,0.27550291631948576,0.2111256596436932,high_flow,4087170.csv
4087170,2024-04-11,nighttime,6,-0.91591296313208,0.01030867050079817,-1.7113173290293533,31.3125,0.27550291631948576,0.2111256596436932,high_flow,4087170.csv
4087170,2024-04-12,daytime,6,0.18038281779166287,0.7323604178535861,0.06507592190893266,25.296875,0.35585049398881086,0.2115422767130897,high_flow,4087170.csv
4087170,2024-04-12,nighttime,6,0.145271800786987,0.7836251993148365,0.11607142857141534,25.296875,0.35585049398881086,0.2115422767130897,high_flow,4087170.csv
4087170,2024-04-13,daytime,6,0.9085172940522528,0.0121708149379297,1.477815699658752,25.5625,0.35037495536245683,0.212617545530294,high_flow,4087170.csv
4087170,2024-04-13,nighttime,6,0.19169409239231405,0.7159809168810267,0.186544342507879,25.5625,0.35037495536245683,0.212617545530294,high_flow,4087170.csv
4087170,2024-04-14,daytime,6,-0.422740047584275,0.4036636854526159,-0.28955406230921815,27.921875,0.3161528389477443,0.21570447962544145,high_flow,4087170.csv
4087170,2024-04-14,nighttime,6,0.8675051186744018,0.02516937359561036,0.7358299595141853,27.921875,0.3161528389477443,0.21570447962544145,high_flow,4087170.csv
4087170,2024-04-15,daytime,6,0.6542467104363376,0.15865140906406908,0.5859374999999843,23.203125,0.3898940602309249,0.2217513788041106,high_flow,4087170.csv
4087170,2024-04-15,nighttime,6,0.7638396621493877,0.07707202539240832,0.461150432096384,23.203125,0.3898940602309249,0.2217513788041106,high_flow,4087170.csv
4087170,2024-04-16,daytime,6,0.996368605379259,1.975659668806136e-5,0.8695840554592849,18.34375,0.4897036067134865,0.23277387612585804,high_flow,4087170.csv
4087170,2024-04-16,nighttime,6,0.6092792338284851,0.19916982877746545,0.6992984349703892,18.34375,0.4897036067134865,0.23277387612585804,high_flow,4087170.csv
4087170,2024-04-17,daytime,6,0.82263516177844,0.04439763186690474,0.2231261900640465,15.625,0.5586239733365076,0.2480577709002897,high_flow,4087170.csv
4087170,2024-04-17,nighttime,6,0.9910612127288632,1.1949576369471724e-4,1.4818181818182434,15.625,0.5586239733365076,0.2480577709002897,high_flow,4087170.csv
4087170,2024-04-18,daytime,6,0.3503101223441237,0.4960293519717911,0.08212041018855407,124.703125,0.01749791691465302,0.26535729873427766,normal_flow,4087170.csv
4087170,2024-04-18,nighttime,6,0.2792294072554912,0.5920415165827495,0.3472222222222234,124.703125,0.01749791691465302,0.26535729873427766,normal_flow,4087170.csv
4087170,2024-04-19,daytime,6,0.7009531189804468,0.12077181827046228,1.81592920354054,185.171875,0.0068444232829425,0.2820695948894973,normal_flow,4087170.csv
4087170,2024-04-19,nighttime,6,0.20854983653495315,0.6917104777963631,0.19753086419762644,185.171875,0.0068444232829425,0.2820695948894973,normal_flow,4087170.csv
4087170,2024-04-20,daytime,6,0.8419898214659366,0.035478287610609,1.899785254116034,122.15625,0.01839066777764551,0.2803277387612586,normal_flow,4087170.csv
4087170,2024-04-20,nighttime,6,-0.9320539304678818,0.0067681603124323,-1.374753451676458,122.15625,0.01839066777764551,0.2803277387612586,normal_flow,4087170.csv
4087170,2024-04-21,daytime,6,-0.3497451559796916,0.4967729725298296,-1.4732394366203474,74.609375,0.06070705868349006,0.2656191723207555,normal_flow,4087170.csv
4087170,2024-04-21,nighttime,6,0.9418113037081232,0.00498037530162693,1.5518292682929122,74.609375,0.06070705868349006,0.2656191723207555,normal_flow,4087170.csv
4087170,2024-04-22,daytime,6,2.339110037701017e-13,0.9999999999996492,1.633354228898887e-13,49.1875,0.13718604927984765,0.24462563980478516,high_flow,4087170.csv
4087170,2024-04-22,nighttime,6,0.2581732924382297,0.6213441315237591,0.3944954128438175,49.1875,0.13718604927984765,0.24462563980478516,high_flow,4087170.csv
4087170,2024-04-23,daytime,6,-0.7713909535744509,0.072419350183719,-0.9035144743980218,35.3125,0.23336507558623973,0.21871999365154943,high_flow,4087170.csv
4087170,2024-04-23,nighttime,6,-0.93234363391501,0.00671123122826736,-2.630200308166369,35.3125,0.23336507558623973,0.21871999365154943,high_flow,4087170.csv
4087170,2024-04-24,daytime,6,-0.56553074523073,0.24213932418077613,-1.87511312217142,27,0.32918700154743485,0.186707931595445,high_flow,4087170.csv
4087170,2024-04-24,nighttime,6,-0.996045034239045,2.343169995439696e-5,-2.1880048959609515,27,0.32918700154743485,0.186707931595445,high_flow,4087170.csv
4087170,2024-04-26,daytime,6,0.860494809737103,0.02783504321657329,1.937085278938083,16.84375,0.52618735864778,0.15558465262071974,high_flow,4087170.csv
4087170,2024-04-26,nighttime,6,0.9778290013348284,7.318806602476636e-4,3.926719278466433,16.84375,0.52618735864778,0.15558465262071974,high_flow,4087170.csv
4087170,2024-04-27,daytime,6,-0.12857483077674364,0.8082005204136655,-0.672727272726376,26.96875,0.3297226520652303,0.15981034003888425,high_flow,4087170.csv
4087170,2024-04-27,nighttime,6,0.5240129017358414,0.28592487328760297,1.4201680672267345,26.96875,0.3297226520652303,0.15981034003888425,high_flow,4087170.csv
4087170,2024-04-28,daytime,6,-0.6217176851535434,0.18758063597450989,-0.920711083143267,50.671875,0.12974645875491014,0.16202832996071898,high_flow,4087170.csv
4087170,2024-04-28,nighttime,6,0.5435925058999616,0.2649250803532177,0.9768953068592732,50.671875,0.12974645875491014,0.16202832996071898,high_flow,4087170.csv
4087170,2024-04-29,daytime,6,-0.5407025800423225,0.2679858384515911,-1.4125874125876725,301.296875,0.0012498512081895,0.16350831250247985,high_flow,4087170.csv
4087170,2024-04-29,nighttime,6,0.6248924175910132,0.18466866039569305,0.3313253012047651,301.296875,0.0012498512081895,0.16350831250247985,high_flow,4087170.csv
4087170,2024-04-30,daytime,6,0.6065129933274922,0.20178584171708208,1.5084972312391711,299.421875,0.001309367932389,0.16511129627425306,high_flow,4087170.csv
4087170,2024-04-30,nighttime,6,-0.7360664425526404,0.0952984565424112,-0.7923076923076225,299.421875,0.001309367932389,0.16511129627425306,high_flow,4087170.csv
4087170,2024-05-02,daytime,6,0.914246447124055,0.01071520600318177,0.5925457102672357,94.5625,0.03398404951791453,0.13205173987223742,high_flow,4087170.csv
4087170,2024-05-02,nighttime,6,-0.6392518945878639,0.17173505921888402,-0.6258049678012527,94.5625,0.03398404951791453,0.13205173987223742,high_flow,4087170.csv
4087170,2024-05-03,daytime,6,0.5273753932471922,0.2822749994397174,0.4058752683667215,67.796875,0.07528865611236757,0.1078720787207872,high_flow,4087170.csv
4087170,2024-05-03,nighttime,6,0.12693952882316234,0.8106134359523425,0.06694045621910664,67.796875,0.07528865611236757,0.1078720787207872,high_flow,4087170.csv
4087170,2024-05-04,daytime,6,0.9756958448184616,8.788598041133544e-4,0.8947126738388764,69.78125,0.07022973455541007,0.08315676705154149,high_flow,4087170.csv
4087170,2024-05-04,nighttime,6,0.4844192766583255,0.33020849178433087,0.03809711804184905,69.78125,0.07022973455541007,0.08315676705154149,high_flow,4087170.csv
4087170,2024-05-05,daytime,6,0.1848847824503048,0.7258327275266563,0.49670329670358127,80.28125,0.05166051660516605,0.07777248740229338,high_flow,4087170.csv
4087170,2024-05-05,nighttime,6,-0.08854248958229508,0.8675333421123043,-0.10094842146286928,80.28125,0.05166051660516605,0.07777248740229338,high_flow,4087170.csv
4087170,2024-05-06,daytime,6,0.8536976117866004,0.03054082659579586,1.0994642676640145,64.546875,0.08290679680990358,0.09274292742927429,high_flow,4087170.csv
4087170,2024-05-06,nighttime,6,0.8188742623710021,0.04623874551838169,1.515510948905017,64.546875,0.08290679680990358,0.09274292742927429,high_flow,4087170.csv
4087170,2024-05-07,daytime,6,-0.24521554724442116,0.6395491660476709,-0.2927995219599827,44.765625,0.16123080585644567,0.1087489584573265,high_flow,4087170.csv
4087170,2024-05-07,nighttime,6,0.7163454483787034,0.10927844789394713,1.0239869585468135,44.765625,0.16123080585644567,0.1087489584573265,high_flow,4087170.csv
4087170,2024-05-08,daytime,6,0.7895605039031485,0.06176753872259457,1.1350931677019342,91.859375,0.03684085227949053,0.1175614014204658,high_flow,4087170.csv
4087170,2024-05-08,nighttime,6,-0.3186620036307545,0.5381863364263452,-0.2487864077670295,91.859375,0.03684085227949053,0.1175614014204658,high_flow,4087170.csv
4087170,2024-05-09,daytime,6,0.3763698228622719,0.4621024569850347,1.3551020408162904,98.734375,0.02981787882394953,0.13110344006665872,high_flow,4087170.csv
4087170,2024-05-09,nighttime,6,0.6806408604716463,0.13669962916345277,1.0345514950165238,98.734375,0.02981787882394953,0.13110344006665872,high_flow,4087170.csv
4087170,2024-05-10,daytime,6,-0.9099916543172468,0.01178765202937044,-1.5642892768079633,66.640625,0.07838352577074158,0.14190770939967465,high_flow,4087170.csv
4087170,2024-05-10,nighttime,6,0.2158366855728438,0.6812723988832854,0.39886039886030833,66.640625,0.07838352577074158,0.14190770939967465,high_flow,4087170.csv
4087170,2024-05-11,daytime,6,0.9296132469668626,0.00725708413442298,1.1567307692308668,45.765625,0.15545768360909415,0.14663333730111494,high_flow,4087170.csv
4087170,2024-05-11,nighttime,6,0.19948662258983596,0.7047393424698938,0.06985320190057133,45.765625,0.15545768360909415,0.14663333730111494,high_flow,4087170.csv
4087170,2024-05-12,daytime,6,-0.2688405009695859,0.6064545010445987,-0.27454909819644197,33.65625,0.24895845732650876,0.15742173550767766,high_flow,4087170.csv
4087170,2024-05-12,nighttime,6,0.9046088659181726,0.01321519838408756,1.0000000000000024,33.65625,0.24895845732650876,0.15742173550767766,high_flow,4087170.csv
4087170,2024-05-13,daytime,6,0.5286280161394991,0.2809198855599317,0.1310810810810796,25.390625,0.35430305915962385,0.17728048248224418,high_flow,4087170.csv
4087170,2024-05-13,nighttime,6,0.8352750201005289,0.038466628428154,0.8685370741482723,25.390625,0.35430305915962385,0.17728048248224418,high_flow,4087170.csv
4087170,2024-05-14,daytime,6,0.3004547820473239,0.5628793156244531,0.18957345971565936,34.421875,0.2413403166289727,0.17478871562909176,high_flow,4087170.csv
4087170,2024-05-14,nighttime,6,0.0615308805835229,0.9078201585973316,0.07803468208090904,34.421875,0.2413403166289727,0.17478871562909176,high_flow,4087170.csv
4087170,2024-05-15,daytime,6,0.5669202443828991,0.24072330950501333,0.19617834394908928,50.015625,0.13349601237947864,0.16630163075824306,high_flow,4087170.csv
4087170,2024-05-15,nighttime,6,-0.7962397871894706,0.05804745537494123,-0.3642533936650877,50.015625,0.13349601237947864,0.16630163075824306,high_flow,4087170.csv
4087170,2024-05-16,daytime,6,0.7373168632191202,0.09444075809876833,0.33000856164382475,37.625,0.2126532555648137,0.16935285481887077,high_flow,4087170.csv
4087170,2024-05-16,nighttime,6,0.9327286841118442,0.00663592909842979,1.06249999999995,37.625,0.2126532555648137,0.16935285481887077,high_flow,4087170.csv
4087170,2024-05-17,daytime,6,-0.8852409618088877,0.01899878784090565,-0.2429393604451654,39.78125,0.1960480895131532,0.17630837598698568,high_flow,4087170.csv
4087170,2024-05-17,nighttime,6,-0.4033446894556352,0.4277924221628651,-0.1485959438377767,39.78125,0.1960480895131532,0.17630837598698568,high_flow,4087170.csv
4087170,2024-05-18,daytime,6,0.9372829448623624,0.00577679696580861,0.2630756999261657,47.484375,0.14617307463397214,0.18608498988215688,high_flow,4087170.csv
4087170,2024-05-18,nighttime,6,0.1853586894760548,0.7251462282326029,0.16513394642150142,47.484375,0.14617307463397214,0.18608498988215688,high_flow,4087170.csv
4087170,2024-05-19,daytime,6,0.11647558522369689,0.8260767087859411,0.10504083356798302,35.453125,0.23205570765385072,0.1971233583303575,high_flow,4087170.csv
4087170,2024-05-19,nighttime,6,-0.5396195753265483,0.26913635645605644,-0.1216180604356968,35.453125,0.23205570765385072,0.1971233583303575,high_flow,4087170.csv
4087170,2024-05-21,daytime,6,-0.7024434632247372,0.11963702696559704,-0.4019069633054316,84.9375,0.04553029401261754,0.15854858548585485,high_flow,4087170.csv
4087170,2024-05-21,nighttime,6,-0.08627426159273192,0.8709096879826321,-0.015026935072286191,84.9375,0.04553029401261754,0.15854858548585485,high_flow,4087170.csv
4087170,2024-05-22,daytime,6,-0.8436394825916914,0.03476151834175374,-0.2642991407089208,94.59375,0.03392453279371503,0.14279649248105383,high_flow,4087170.csv
4087170,2024-05-22,nighttime,6,-0.9748542904108324,9.405101656543332e-4,-0.8042750450682148,94.59375,0.03392453279371503,0.14279649248105383,high_flow,4087170.csv
4087170,2024-05-23,daytime,6,-0.16694124843949198,0.7519144019219165,-0.08081421844143237,64.640625,0.08260921318890609,0.13436892433440464,high_flow,4087170.csv
4087170,2024-05-23,nighttime,6,-0.7370565175289254,0.09461905159242792,-0.4804560260586255,64.640625,0.08260921318890609,0.13436892433440464,high_flow,4087170.csv
4087170,2024-05-24,daytime,6,-0.8165576569034907,0.04739012216518615,-0.32180087626529646,49.875,0.13415069634567314,0.12166805539023132,high_flow,4087170.csv
4087170,2024-05-24,nighttime,6,-0.9182531788713952,0.00975067583291586,-0.5123994087698756,49.875,0.13415069634567314,0.12166805539023132,high_flow,4087170.csv
4087170,2024-05-25,daytime,6,0.2809338275778111,0.5896854434178556,0.10979865771812208,36.28125,0.22503273419830971,0.11338332738166092,high_flow,4087170.csv
4087170,2024-05-25,nighttime,6,-0.9764634054123318,8.244376284047894e-4,-0.4324460794921629,36.28125,0.22503273419830971,0.11338332738166092,high_flow,4087170.csv
4087170,2024-05-26,daytime,6,-0.2412168158748267,0.645192443010893,-0.05345501955668604,27.5625,0.3210332103321033,0.1059596079831766,high_flow,4087170.csv
4087170,2024-05-26,nighttime,6,0.43413965225256024,0.3897032428283376,0.13342435149557183,27.5625,0.3210332103321033,0.1059596079831766,high_flow,4087170.csv
4087170,2024-05-27,daytime,6,-0.3401388049542775,0.5094678711750683,-0.26813880126168255,134.90625,0.01499821449827401,0.093572193786454,high_flow,4087170.csv
4087170,2024-05-27,nighttime,6,-0.7526926121861836,0.08417863944418545,-0.46711153479504586,134.90625,0.01499821449827401,0.093572193786454,high_flow,4087170.csv
4087170,2024-05-28,daytime,6,-0.39014032259705894,0.44448104222521434,-0.5697211155381193,163.046875,0.00964170932031901,0.07737570924096338,high_flow,4087170.csv
4087170,2024-05-28,nighttime,6,0.8934435559214993,0.01642647803616505,0.8392857142857442,163.046875,0.00964170932031901,0.07737570924096338,high_flow,4087170.csv
4087170,2024-05-29,daytime,6,0.06556551144916346,0.901792660526302,0.03036053130931736,208.78125,0.0050589215569575,0.08267666547633218,high_flow,4087170.csv
4087170,2024-05-29,nighttime,6,-0.7305643983770266,0.09911340317438276,-0.5000000000000588,208.78125,0.0050589215569575,0.08267666547633218,high_flow,4087170.csv
4087170,2024-05-30,daytime,6,0.768484116328866,0.07419482670041745,0.60110294117645,183.03125,0.0070824901797405,0.08190294806173869,high_flow,4087170.csv
4087170,2024-05-30,nighttime,6,0.4880767245722705,0.32601946069566345,0.08273470398811393,183.03125,0.0070824901797405,0.08190294806173869,high_flow,4087170.csv
4087170,2024-05-31,daytime,6,0.7916464844794587,0.06059434438769591,0.3617941097001213,110.96875,0.02214022140221402,0.07816133000039678,high_flow,4087170.csv
4087170,2024-05-31,nighttime,6,0.8382076515186684,0.0371475459768635,0.4854966305303743,110.96875,0.02214022140221402,0.07816133000039678,high_flow,4087170.csv
4087170,2024-06-01,daytime,6,-0.14774873830141297,0.7799895471009823,-0.03631284916201347,69.203125,0.07177716938459708,0.07488394238781097,high_flow,4087170.csv
4087170,2024-06-01,nighttime,6,0.8270942112418357,0.04225998634866865,1.2805049088358087,69.203125,0.07177716938459708,0.07488394238781097,high_flow,4087170.csv
4087170,2024-06-02,daytime,6,0.90356504451445,0.01350114285065042,0.20013739409205933,93.65625,0.03481728365670753,0.06843232948458516,high_flow,4087170.csv
4087170,2024-06-02,nighttime,6,0.13887301496570031,0.7930296101957581,0.17999999999973115,93.65625,0.03481728365670753,0.06843232948458516,high_flow,4087170.csv
4087170,2024-06-03,daytime,6,0.18675031408949672,0.7231310509452917,0.09376754632228888,84.203125,0.04624449470301155,0.05876681347458636,high_flow,4087170.csv
4087170,2024-06-03,nighttime,6,0.7361028662125856,0.09527342368743424,0.454332552693107,84.203125,0.04624449470301155,0.05876681347458636,high_flow,4087170.csv
4087170,2024-06-04,daytime,6,0.3072996536825088,0.5535601454289419,0.09334763948496778,56.703125,0.1065944530413046,0.07665357298734278,high_flow,4087170.csv
4087170,2024-06-04,nighttime,6,0.796273457510998,0.05802897161129854,1.133928571428206,56.703125,0.1065944530413046,0.07665357298734278,high_flow,4087170.csv
4087170,2024-06-05,daytime,6,0.1776339843299759,0.7363515399891001,0.0137190575603886,51.890625,0.12504463754314962,0.1015752093004801,high_flow,4087170.csv
4087170,2024-06-05,nighttime,6,-0.122843760437588,0.8166612517229942,-0.07201458523251918,51.890625,0.12504463754314962,0.1015752093004801,high_flow,4087170.csv
4087170,2024-06-06,daytime,6,0.6379617511775312,0.17288105720320016,0.44134078212271494,110.796875,0.02231877157481252,0.13265484267745903,high_flow,4087170.csv
4087170,2024-06-06,nighttime,6,-0.7660054458666844,0.07572417232647825,-0.3730385164051091,110.796875,0.02231877157481252,0.13265484267745903,high_flow,4087170.csv
4087170,2024-06-07,daytime,6,-0.8449204897542477,0.03420967742652404,-0.1472937000887294,103.859375,0.02648494226877752,0.16957505058921557,high_flow,4087170.csv
4087170,2024-06-07,nighttime,6,0.3416289592759808,0.507492378074957,0.21023320570829693,103.859375,0.02648494226877752,0.16957505058921557,high_flow,4087170.csv
4087170,2024-06-08,daytime,6,-0.8786926427688782,0.02118066469122259,-0.5937499999999427,63.796875,0.08498988215688609,0.2108042693330159,high_flow,4087170.csv
4087170,2024-06-08,nighttime,6,0.17167297910322027,0.7450202710395759,0.03672787979969423,63.796875,0.08498988215688609,0.2108042693330159,high_flow,4087170.csv
4087170,2024-06-09,daytime,6,-0.9355687967870574,0.00609333071869655,-1.5178841309826914,50.953125,0.12825854064992262,0.25147799865095427,normal_flow,4087170.csv
4087170,2024-06-09,nighttime,6,0.6852793073038455,0.13298726866751245,0.203305785124016,50.953125,0.12825854064992262,0.25147799865095427,normal_flow,4087170.csv
4087170,2024-06-10,daytime,6,0.4165653163589659,0.41129462005314305,0.2513703993734413,42.515625,0.17605047018212117,0.2973693607903821,normal_flow,4087170.csv
4087170,2024-06-10,nighttime,6,0.7428973241636719,0.09065520586422104,0.3025210084033921,42.515625,0.17605047018212117,0.2973693607903821,normal_flow,4087170.csv
4087170,2024-06-12,daytime,6,8.679255210622811e-15,0.9999999999999868,-2.453990910457314e-15,23.59375,0.3834662540173789,0.3921914057850256,normal_flow,4087170.csv
4087170,2024-06-12,nighttime,6,0.6716587298925362,0.14401307835801774,0.27088607594931546,23.59375,0.3834662540173789,0.3921914057850256,normal_flow,4087170.csv
4087170,2024-06-13,daytime,6,0.8476344438591256,0.03305429084119931,0.10839591973993971,19.078125,0.47125342221164146,0.4378327976828155,normal_flow,4087170.csv
4087170,2024-06-13,nighttime,6,-0.23327088029943116,0.6564404324366149,-0.02433764633394133,19.078125,0.47125342221164146,0.4378327976828155,normal_flow,4087170.csv
4087170,2024-06-14,daytime,6,0.308257644339102,0.5522592819266148,0.18280871670703103,15.53125,0.5608856088560885,0.4581002261635519,normal_flow,4087170.csv
4087170,2024-06-14,nighttime,6,-0.751638788763515,0.08486506840672016,-0.31028938906752174,15.53125,0.5608856088560885,0.4581002261635519,normal_flow,4087170.csv
4087170,2024-06-15,daytime,6,-0.8303164381104193,0.04074595883729753,-0.15817009368536547,13.03125,0.6405785025592191,0.45994921239534975,normal_flow,4087170.csv
4087170,2024-06-15,nighttime,6,-0.8262477014896591,0.04266201296556699,-0.4813121806936999,13.03125,0.6405785025592191,0.45994921239534975,normal_flow,4087170.csv
4087170,2024-06-16,daytime,6,-0.2860109441009442,0.5826817546754886,-0.2105454545454862,11.90625,0.6818831091536722,0.45481093520612625,normal_flow,4087170.csv
4087170,2024-06-16,nighttime,6,-0.9175961123538512,0.00990582334065407,-0.7082670906200269,11.90625,0.6818831091536722,0.45481093520612625,normal_flow,4087170.csv
4087170,2024-06-17,daytime,6,-0.20711416828618703,0.6937709611139862,-0.07680156461560232,10.71875,0.7231877157481252,0.4467523707495139,normal_flow,4087170.csv
4087170,2024-06-17,nighttime,6,-0.8006769175066443,0.0556350145622727,-0.4335478985232904,10.71875,0.7231877157481252,0.4467523707495139,normal_flow,4087170.csv
4087170,2024-06-18,daytime,6,-0.8628580296250282,0.02692220245113873,-0.3626699629171797,9.28125,0.7754433995952863,0.436305201761695,normal_flow,4087170.csv
4087170,2024-06-18,nighttime,6,-0.3763784054673268,0.46209140676267846,-0.13179200400634572,9.28125,0.7754433995952863,0.436305201761695,normal_flow,4087170.csv
4087170,2024-06-19,daytime,6,-0.771639607183574,0.0722683810772706,-0.23831559463213145,8.625,0.7997262230686824,0.4201642661587906,normal_flow,4087170.csv
4087170,2024-06-19,nighttime,6,-0.7821624678947124,0.06601124264763786,-0.28907539252204256,8.625,0.7997262230686824,0.4201642661587906,normal_flow,4087170.csv
4087170,2024-06-20,daytime,6,-0.5463631063804361,0.2620034881679212,-0.14512595837898276,8.34375,0.8096655160099988,0.4005316827361822,normal_flow,4087170.csv
4087170,2024-06-20,nighttime,6,-0.8609524279911701,0.02765715224224285,-0.20178504220656737,8.34375,0.8096655160099988,0.4005316827361822,normal_flow,4087170.csv
4087170,2024-06-21,daytime,6,0.3612962446079718,0.4816365314638849,0.15960240060014363,27.21875,0.32633019878585884,0.3810498750148792,normal_flow,4087170.csv
4087170,2024-06-21,nighttime,6,-0.9503221041966547,0.00364054012328531,-0.28019052956010654,27.21875,0.32633019878585884,0.3810498750148792,normal_flow,4087170.csv
4087170,2024-06-22,daytime,6,-0.03524581929424769,0.9471531634314329,-0.02139461172743774,78.328125,0.05421973574574455,0.3536840852279491,normal_flow,4087170.csv
4087170,2024-06-22,nighttime,6,-0.80757855285677,0.05197672044848593,-0.18132780082988853,78.328125,0.05421973574574455,0.3536840852279491,normal_flow,4087170.csv
4087170,2024-06-23,daytime,6,-0.6387953627574277,0.17214021897281742,-0.3461704889658649,178.40625,0.0079157243185335,0.3199658770781256,normal_flow,4087170.csv
4087170,2024-06-23,nighttime,6,-0.9000069010196845,0.01449803327368257,-0.5539647577092983,178.40625,0.0079157243185335,0.3199658770781256,normal_flow,4087170.csv
4087170,2024-06-24,daytime,6,0.6300301815560027,0.17999619711620116,0.32825112107625914,182.453125,0.007380073800738,0.2894893465063683,normal_flow,4087170.csv
4087170,2024-06-24,nighttime,6,-0.3868763230409605,0.4486380413552181,-0.4600484261502026,182.453125,0.007380073800738,0.2894893465063683,normal_flow,4087170.csv
4087170,2024-06-26,daytime,6,0.18506965227346572,0.7255649112098338,0.07780814037104151,88.15625,0.04118557314605404,0.21572828631512125,high_flow,4087170.csv
4087170,2024-06-26,nighttime,6,-0.9480679610418444,0.00397537629541091,-0.19909360292835135,88.15625,0.04118557314605404,0.21572828631512125,high_flow,4087170.csv
4087170,2024-06-27,daytime,6,-0.958472616054926,0.00255097794879296,-0.410319410319391,62.390625,0.08897750267825259,0.16379796056025075,high_flow,4087170.csv
4087170,2024-06-27,nighttime,6,0.29408584883738415,0.5715884526395824,0.11999999999996776,62.390625,0.08897750267825259,0.16379796056025075,high_flow,4087170.csv
4087170,2024-06-28,daytime,6,0.6089990340026196,0.19943417609181124,0.4345549738220315,42.046875,0.1790263063920962,0.11333571400230132,high_flow,4087170.csv
4087170,2024-06-28,nighttime,6,0.14743404257003817,0.780451308065318,0.04411764705882354,42.046875,0.1790263063920962,0.11333571400230132,high_flow,4087170.csv
4087170,2024-06-29,daytime,6,0.5705462233714145,0.23704362208219795,0.17127071823204906,46.625,0.15039876205213665,0.09181446653176208,high_flow,4087170.csv
4087170,2024-06-29,nighttime,6,-0.33009537572878694,0.5228410205353328,-0.7600743955359375,46.625,0.15039876205213665,0.09181446653176208,high_flow,4087170.csv
4087170,2024-06-30,daytime,6,0.4400504618308087,0.3825309630501397,0.32552693208430983,49.71875,0.13480538031186765,0.08853311113756299,high_flow,4087170.csv
4087170,2024-06-30,nighttime,6,-0.44534152907827296,0.3761497937047056,-0.1036269430051462,49.71875,0.13480538031186765,0.08853311113756299,high_flow,4087170.csv
4087170,2024-07-01,daytime,6,0.9073999301412826,0.01246514712022572,0.2723842195540244,36.3125,0.22473515057731225,0.08868785462048169,high_flow,4087170.csv
4087170,2024-07-01,nighttime,6,0.8253211348922521,0.04310409645266793,0.25637393767706695,36.3125,0.22473515057731225,0.08868785462048169,high_flow,4087170.csv
4087170,2024-07-02,daytime,6,0.7718997315909978,0.07211060070404006,2.2641509433971674,26.375,0.33847161052255686,0.0887553069079078,high_flow,4087170.csv
4087170,2024-07-02,nighttime,6,0.94492632284642,0.00446614261470413,1.175646551724196,26.375,0.33847161052255686,0.0887553069079078,high_flow,4087170.csv
4087170,2024-07-03,daytime,6,0.13587173235838185,0.797446574160251,0.03029518384257266,78.671875,0.05374360195214855,0.088731500218228,high_flow,4087170.csv
4087170,2024-07-03,nighttime,6,0.7437836369740781,0.09006034169120566,0.965217391304268,78.671875,0.05374360195214855,0.088731500218228,high_flow,4087170.csv
4087170,2024-07-04,daytime,6,0.39608977174375654,0.4369360316404064,0.1243475591034384,114.40625,0.02077133674562552,0.08944570090862199,high_flow,4087170.csv
4087170,2024-07-04,nighttime,6,0.8289253570270795,0.04139641932039506,0.5830085736554459,114.40625,0.02077133674562552,0.08944570090862199,high_flow,4087170.csv
4087170,2024-07-05,daytime,6,0.7540699154808486,0.08328528641168848,0.5721357850071201,79.4375,0.05273181764075705,0.09113200809427448,high_flow,4087170.csv
4087170,2024-07-05,nighttime,6,0.6714361587507061,0.1441963737145218,0.5660377358488666,79.4375,0.05273181764075705,0.09113200809427448,high_flow,4087170.csv
4087170,2024-07-06,daytime,6,-0.5903884228326765,0.217309814284351,-0.1904319554110575,229.484375,0.0035114867277705,0.0933420624528826,high_flow,4087170.csv
4087170,2024-07-06,nighttime,6,0.09045230698835498,0.8646915627121605,0.05281690140845847,229.484375,0.0035114867277705,0.0933420624528826,high_flow,4087170.csv
4087170,2024-07-07,daytime,6,0.9206069564832076,0.00920466572478724,0.5102577590741468,211.046875,0.004999404832758,0.10421775185493792,high_flow,4087170.csv
4087170,2024-07-07,nighttime,6,0.898298140938511,0.01498893740571449,1.4352941176470797,211.046875,0.004999404832758,0.10421775185493792,high_flow,4087170.csv
4087170,2024-07-08,daytime,6,0.7826697015717116,0.0657161657592512,0.3751064192065482,157.5,0.01023687656231401,0.12240606277030512,high_flow,4087170.csv
4087170,2024-07-08,nighttime,6,-0.8236702229765416,0.04389704590940205,-0.2845546292233581,157.5,0.01023687656231401,0.12240606277030512,high_flow,4087170.csv
4087170,2024-07-09,daytime,6,-0.03656799846616498,0.9451724520029972,-0.01300748916044097,173.140625,0.0083918581121295,0.13638852517557434,high_flow,4087170.csv
4087170,2024-07-09,nighttime,6,0.36183446096810307,0.4809347480801555,0.1110648918469372,173.140625,0.0083918581121295,0.13638852517557434,high_flow,4087170.csv
4087170,2024-07-10,daytime,6,-0.957488517213117,0.00267242532102699,-0.25915285943346317,119.890625,0.01898583501964051,0.13158354164186803,high_flow,4087170.csv
4087170,2024-07-10,nighttime,6,-0.285987887996433,0.5827135099981184,-0.10265363128490328,119.890625,0.01898583501964051,0.13158354164186803,high_flow,4087170.csv
4087170,2024-07-11,daytime,6,0.05605444470989068,0.916006397292155,0.00543955079838317,80.15625,0.05189858350196405,0.14562552077133675,high_flow,4087170.csv
4087170,2024-07-11,nighttime,6,0.4509519920558964,0.3694242916795142,0.1119005328596758,80.15625,0.05189858350196405,0.14562552077133675,high_flow,4087170.csv
4087170,2024-07-12,daytime,6,0.5376822501679099,0.27119918603721443,0.11594202898550111,54.328125,0.11427211046304012,0.16886084989882158,high_flow,4087170.csv
4087170,2024-07-12,nighttime,6,-0.49560769116435177,0.3174557743537464,-0.1304893350062911,54.328125,0.11427211046304012,0.16886084989882158,high_flow,4087170.csv
4087170,2024-07-14,daytime,6,0.57091818634389,0.23666741980747388,0.9636822194197908,28.125,0.3135341030829663,0.23401182398920764,high_flow,4087170.csv
4087170,2024-07-14,nighttime,6,-0.36178412290167294,0.4810003708501369,-0.1296978629329595,28.125,0.3135341030829663,0.23401182398920764,high_flow,4087170.csv
4087170,2024-07-15,daytime,6,0.32698497892326944,0.5270030139426966,0.08627555083621782,22.234375,0.4076300440423759,0.2754553029401262,normal_flow,4087170.csv
4087170,2024-07-15,nighttime,6,-0.9754348987213988,8.977544672872346e-4,-0.40250016938815736,22.234375,0.4076300440423759,0.2754553029401262,normal_flow,4087170.csv
4087170,2024-07-16,daytime,6,0.043649737174675,0.934566977150404,0.0234986945168931,20.890625,0.43447208665635045,0.32057691544657385,normal_flow,4087170.csv
4087170,2024-07-16,nighttime,6,-0.5349617979494925,0.2741060901740394,-0.19144460028052496,20.890625,0.43447208665635045,0.32057691544657385,normal_flow,4087170.csv
4087170,2024-07-17,daytime,6,-0.880893937780314,0.02043454665700234,-0.26273338312172895,32.140625,0.2663968575169623,0.34033646788080785,normal_flow,4087170.csv
4087170,2024-07-17,nighttime,6,0.22554347826089485,0.6674214652562669,0.08457880434783879,32.140625,0.2663968575169623,0.34033646788080785,normal_flow,4087170.csv
4087170,2024-07-18,daytime,6,-0.7782001145685927,0.06833704010441782,-0.2644405048553905,32.328125,0.26437328889417927,0.35340634051501807,normal_flow,4087170.csv
4087170,2024-07-18,nighttime,6,-0.8582631181518836,0.02871031504853275,-0.6326829268293166,32.328125,0.26437328889417927,0.35340634051501807,normal_flow,4087170.csv
4087170,2024-07-19,daytime,6,-0.9844380132954256,3.613787798776002e-4,-0.2524214851775853,24.453125,0.3693012736578979,0.37061460937190016,normal_flow,4087170.csv
4087170,2024-07-19,nighttime,6,-0.9370411939000024,0.00582093848586365,-0.6264019399818292,24.453125,0.3693012736578979,0.37061460937190016,normal_flow,4087170.csv
4087170,2024-07-20,daytime,6,-0.89795639588385745,0.01508806093473826,-0.49680428398690446,18.90625,0.4756576598024045,0.3914811728762449,normal_flow,4087170.csv
4087170,2024-07-20,nighttime,6,-0.34377428127407056,0.5046523303960717,-0.33371040723986783,18.90625,0.4756576598024045,0.3914811728762449,normal_flow,4087170.csv
4087170,2024-07-21,daytime,6,-0.7940676426303642,0.05924560002803363,-5.501706484641273,15.65625,0.5578502559219141,0.4126651589096536,normal_flow,4087170.csv
4087170,2024-07-21,nighttime,6,-0.7504167898480009,0.08566417712645001,-0.254604550379174,15.65625,0.5578502559219141,0.4126651589096536,normal_flow,4087170.csv
4087170,2024-07-22,daytime,6,0.5489287600048686,0.2593092309632324,0.15863758310976436,13.40625,0.6266515890965362,0.42529064000317424,normal_flow,4087170.csv
4087170,2024-07-22,nighttime,6,0.8367989363328934,0.037778484293888,0.16947115384614606,13.40625,0.6266515890965362,0.42529064000317424,normal_flow,4087170.csv
4087170,2024-07-23,daytime,6,-0.15428912935890124,0.7704027427721734,-0.1796453353893782,11.78125,0.6870610641590287,0.3996548029996429,normal_flow,4087170.csv
4087170,2024-07-23,nighttime,6,-0.8826920080911606,0.01983460013430114,-0.43065479103456666,11.78125,0.6870610641590287,0.3996548029996429,normal_flow,4087170.csv
4087170,2024-07-24,daytime,6,-0.4902157572672233,0.3235786032991081,-0.19842233009706017,28.78125,0.3047851446256398,0.3718327183271833,normal_flow,4087170.csv
4087170,2024-07-24,nighttime,6,-0.8771067537161665,0.02172611198670687,-1.727739098570922,28.78125,0.3047851446256398,0.3718327183271833,normal_flow,4087170.csv
4087170,2024-07-25,daytime,6,0.9783757376669348,6.963572353429051e-4,1.7209746774966377,37.359375,0.2150339245327937,0.3580922906003254,normal_flow,4087170.csv
4087170,2024-07-25,nighttime,6,-0.8840755265511884,0.01937880075215971,-0.7872062663186092,37.359375,0.2150339245327937,0.3580922906003254,normal_flow,4087170.csv
4087170,2024-07-26,daytime,6,-0.11696660894763726,0.8253502076390277,-0.09736632083003724,28.390625,0.3100226163551958,0.34354243542435425,normal_flow,4087170.csv
4087170,2024-07-26,nighttime,6,-0.6151022081061035,0.19370887146966828,-0.23756906077346365,28.390625,0.3100226163551958,0.34354243542435425,normal_flow,4087170.csv
4087170,2024-07-27,daytime,6,0.794685400640981,0.05890370255814643,3.1332373064460524,21.21875,0.4272705630282109,0.31986271475617983,normal_flow,4087170.csv
4087170,2024-07-27,nighttime,6,0.22493332291992096,0.6682902663296705,0.31034482758636284,21.21875,0.4272705630282109,0.31986271475617983,normal_flow,4087170.csv
4087170,2024-07-28,daytime,6,-0.9344479469038564,0.00630476656270452,-9.13888888888588,16.71875,0.5299369122723485,0.2896877355870333,normal_flow,4087170.csv
4087170,2024-07-28,nighttime,6,0.32952395264468437,0.5236049208209782,0.49026827985266913,16.71875,0.5299369122723485,0.2896877355870333,normal_flow,4087170.csv
4087170,2024-07-29,daytime,6,0.961445176799604,0.00220105620933269,1.118881118881275,17.765625,0.5029163194857755,0.25750505892155695,normal_flow,4087170.csv
4087170,2024-07-29,nighttime,6,0.3158825896457253,0.5419357838722787,0.3033367037414099,17.765625,0.5029163194857755,0.25750505892155695,normal_flow,4087170.csv
4087170,2024-07-30,daytime,6,0.8512845174092446,0.03152992441896182,0.3442214317243397,109.265625,0.02309248898940602,0.22578661270483671,high_flow,4087170.csv
4087170,2024-07-30,nighttime,6,-0.15065606724651026,0.7757256383864501,-0.01657664369529281,109.265625,0.02309248898940602,0.22578661270483671,high_flow,4087170.csv
4087170,2024-07-31,daytime,6,0.6618775313654426,0.15216197512806956,0.43091976516633246,126.921875,0.01714081656945601,0.18032773876125857,high_flow,4087170.csv
4087170,2024-07-31,nighttime,6,0.7850299294799514,0.06435108427553447,0.20501232539031528,126.921875,0.01714081656945601,0.18032773876125857,high_flow,4087170.csv
4087170,2024-08-01,daytime,6,-0.5686763697333141,0.2389383709875668,-0.15399657785383547,74.7734375,0.06029044161409356,0.16036582946474626,high_flow,4087170.csv
4087170,2024-08-01,nighttime,6,-0.7551790052226336,0.08256902213551504,-0.4296663660954911,74.7734375,0.06029044161409356,0.16036582946474626,high_flow,4087170.csv
4087170,2024-08-02,daytime,6,0.6761228913691739,0.14035780387036714,0.5261353898886137,84.28125,0.04612546125461254,0.1474665714399079,high_flow,4087170.csv
4087170,2024-08-02,nighttime,6,-0.9781694530274264,7.096572494405469e-4,-0.531306364339118,84.28125,0.04612546125461254,0.1474665714399079,high_flow,4087170.csv
4087170,2024-08-03,daytime,6,0.8897129312366409,0.01757413239733909,0.5742984204876587,139.0859375,0.01410546363528151,0.13129389358409713,high_flow,4087170.csv
4087170,2024-08-03,nighttime,6,0.7521277706856042,0.08454624863831711,0.21119324181628563,139.0859375,0.01410546363528151,0.13129389358409713,high_flow,4087170.csv
4087170,2024-08-04,daytime,6,0.9428824447522542,0.00480045208836208,0.6584507042254096,109.3125,0.02303297226520652,0.11232392969090982,high_flow,4087170.csv
4087170,2024-08-04,nighttime,6,-0.09603481173841633,0.8563906318043759,-0.03863557257222613,109.3125,0.02303297226520652,0.11232392969090982,high_flow,4087170.csv
4087170,2024-08-05,daytime,6,-0.5890542927482213,0.2186150509238015,-0.5290178571429135,67.8515625,0.07511010593976908,0.0931595444986708,high_flow,4087170.csv
4087170,2024-08-05,nighttime,6,-0.44324045579621624,0.3786792920476733,-0.20445765230313728,67.8515625,0.07511010593976908,0.0931595444986708,high_flow,4087170.csv
4087170,2024-08-06,daytime,6,-0.27707272020730567,0.5950262580096722,-0.02558976409436,46.5234375,0.15087489584573266,0.08243066301630758,high_flow,4087170.csv
4087170,2024-08-06,nighttime,6,-0.8830331214817276,0.01972174941289644,-0.9804287045665468,46.5234375,0.15087489584573266,0.08243066301630758,high_flow,4087170.csv
4087170,2024-08-07,daytime,6,0.8186678777587817,0.04634078638346477,1.0095541401273362,207.109375,0.0051779550053565,0.10937586795222792,high_flow,4087170.csv
4087170,2024-08-07,nighttime,6,0.7519489018459145,0.08466280986050168,0.6117336849044479,207.109375,0.0051779550053565,0.10937586795222792,high_flow,4087170.csv
4087170,2024-08-08,daytime,6,0.7236765172568339,0.10398270690247,1.3029891304345138,204.546875,0.005356505177955,0.14184025711224854,high_flow,4087170.csv
4087170,2024-08-08,nighttime,6,0.8713239261499106,0.02377101886819882,0.6631205673758103,204.546875,0.005356505177955,0.14184025711224854,high_flow,4087170.csv
4087170,2024-08-09,daytime,6,-0.01559577133113329,0.9766082396680852,-0.01601830663621087,112.6484375,0.02154505416021902,0.14338769194143555,high_flow,4087170.csv
4087170,2024-08-09,nighttime,6,0.995472529095076,3.0700587159407535e-5,2.2499999999998663,112.6484375,0.02154505416021902,0.14338769194143555,high_flow,4087170.csv
4087170,2024-08-10,daytime,6,0.9160307549240856,0.0102802245688805,0.8009708737864704,71.1796875,0.06743244851803357,0.14281236360750704,high_flow,4087170.csv
4087170,2024-08-10,nighttime,6,0.7709043249722161,0.07271521888871835,1.2656249999997806,71.1796875,0.06743244851803357,0.14281236360750704,high_flow,4087170.csv
4087170,2024-08-11,daytime,6,0.3399976621222517,0.5096551014314088,0.14826752618849823,48.0859375,0.14272110463040114,0.14593500773717413,high_flow,4087170.csv
4087170,2024-08-11,nighttime,6,0.5641210211965179,0.24357929713452653,1.249357326477739,48.0859375,0.14272110463040114,0.14593500773717413,high_flow,4087170.csv
4087170,2024-08-12,daytime,6,0.8560529323740239,0.02958979122061515,2.853448275862269,34.3046875,0.24247113438876325,0.15137880411062174,high_flow,4087170.csv
4087170,2024-08-12,nighttime,6,0.6994657712729655,0.12190898457029624,1.0863060989643862,34.3046875,0.24247113438876325,0.15137880411062174,high_flow,4087170.csv
4087170,2024-08-13,daytime,6,0.8998812119802692,0.0145338736340866,5.909206618582808,26.1640625,0.34198309725032733,0.15844939094552235,high_flow,4087170.csv
4087170,2024-08-13,nighttime,6,0.9077588451094454,0.01237023224832817,1.7336814621411014,26.1640625,0.34198309725032733,0.15844939094552235,high_flow,4087170.csv
4087170,2024-08-14,daytime,6,0.8993595753097894,0.01468307459948509,1.3887096774193692,21.21875,0.4272705630282109,0.16748402967900647,high_flow,4087170.csv
4087170,2024-08-14,nighttime,6,-0.15597785950422283,0.7679306106417096,-1.8280542986408,21.21875,0.4272705630282109,0.16748402967900647,high_flow,4087170.csv
4087170,2024-08-15,daytime,6,-0.8317809187508235,0.04006638582031122,-1.932103939647685,17.7109375,0.5041066539697655,0.1932190612228703,high_flow,4087170.csv
4087170,2024-08-15,nighttime,6,0.33439148311659544,0.517108212573713,3.255319148934908,17.7109375,0.5041066539697655,0.1932190612228703,high_flow,4087170.csv
4087170,2024-08-16,daytime,6,0.6926181971141965,0.12720409365121507,0.9709302325580104,64.3671875,0.08350196405189858,0.22489782962345753,high_flow,4087170.csv
4087170,2024-08-16,nighttime,6,0.8994615631299541,0.0146538458141679,0.8418195916257368,64.3671875,0.08350196405189858,0.22489782962345753,high_flow,4087170.csv
4087170,2024-08-17,daytime,6,0.915311784912993,0.01045444475183,1.0520833333333353,91.2890625,0.03749553624568504,0.26038566837281274,normal_flow,4087170.csv
4087170,2024-08-17,nighttime,6,0.7213023297481628,0.10568502984213846,1.2334293948127075,91.2890625,0.03749553624568504,0.26038566837281274,normal_flow,4087170.csv
4087170,2024-08-18,daytime,6,0.01638683813366043,0.9754219429657464,0.01785714285721227,74.453125,0.06094512558028806,0.2973257151926358,normal_flow,4087170.csv
4087170,2024-08-18,nighttime,6,0.5363619619507584,0.27260847576571057,0.4382165605095248,74.453125,0.06094512558028806,0.2973257151926358,normal_flow,4087170.csv
4087170,2024-08-19,daytime,6,0.905295105835693,0.01302882056614736,0.7954545454545657,57.34375,0.1046899178669206,0.33300400745942943,normal_flow,4087170.csv
4087170,2024-08-19,nighttime,6,-0.549253787334722,0.2589686841807958,-1.2162162162162922,57.34375,0.1046899178669206,0.33300400745942943,normal_flow,4087170.csv
4087170,2024-08-20,daytime,6,0.6999402743114282,0.12154569389716662,1.2915129151292892,41.796875,0.18116890846327816,0.36470261476808313,normal_flow,4087170.csv
4087170,2024-08-20,nighttime,6,0.31370439671259676,0.5448793001221965,0.22689075630258515,41.796875,0.18116890846327816,0.36470261476808313,normal_flow,4087170.csv
4087170,2024-08-21,daytime,6,0.178471353996171,0.7351353059487424,4.757142857136692,30.3203125,0.2863944768479943,0.3922588580724517,normal_flow,4087170.csv
4087170,2024-08-21,nighttime,6,0.688525262693827,0.1304156716782661,1.6477794793260516,30.3203125,0.2863944768479943,0.3922588580724517,normal_flow,4087170.csv
4087170,2024-08-22,daytime,6,0.9903260828430328,1.3992434455213743e-4,2.3589277601088043,23.109375,0.3912034281633139,0.4141292703249614,normal_flow,4087170.csv
4087170,2024-08-22,nighttime,6,0.6436963082448093,0.1678116908560172,9.549999999993464,23.109375,0.3912034281633139,0.4141292703249614,normal_flow,4087170.csv
4087170,2024-08-23,daytime,6,0.962982803573862,0.002030047417601,1.2132867132865688,18.703125,0.4805380311867634,0.43150021822798873,normal_flow,4087170.csv
4087170,2024-08-23,nighttime,6,0.939102697045457,0.00544980399978534,1.7454545454546142,18.703125,0.4805380311867634,0.43150021822798873,normal_flow,4087170.csv
4087170,2024-08-24,daytime,6,0.7123668669928255,0.11220087881027167,2.898272552783126,15.8203125,0.5538626354005476,0.46899575447367375,normal_flow,4087170.csv
4087170,2024-08-24,nighttime,6,0.9046442928190191,0.01320554539932872,1.587443946188125,15.8203125,0.5538626354005476,0.46899575447367375,normal_flow,4087170.csv
4087170,2024-08-25,daytime,6,-0.636685980411254,0.1740174209661102,-0.5513862332695757,13.5703125,0.6215331508153791,0.5087330873308733,normal_flow,4087170.csv
4087170,2024-08-25,nighttime,6,-0.9072115096114046,0.01251511520685027,-1.4563106796113443,13.5703125,0.6215331508153791,0.5087330873308733,normal_flow,4087170.csv
4087170,2024-08-26,daytime,6,0.8933917124620813,0.01644217143476701,0.5780590717299864,12.0234375,0.6778954886323056,0.5521485537436019,normal_flow,4087170.csv
4087170,2024-08-26,nighttime,6,-0.8789622285122494,0.02108860291258286,-5.349722735674167,12.0234375,0.6778954886323056,0.5521485537436019,normal_flow,4087170.csv
4087170,2024-08-27,daytime,6,-0.916899802879981,0.01007153400472322,-1.3981492755388127,10.859375,0.7179502440185692,0.5955481490298774,normal_flow,4087170.csv
4087170,2024-08-27,nighttime,6,0.6239533610997184,0.1855280322836925,0.29627329192543983,10.859375,0.7179502440185692,0.5955481490298774,normal_flow,4087170.csv
4087170,2024-08-28,daytime,6,0.7040333027826237,0.11843163708513572,0.22560819462226384,9.8359375,0.7553267468158552,0.6353569019561164,normal_flow,4087170.csv
4087170,2024-08-28,nighttime,6,0.6011148600107803,0.206930853704047,0.5013172751222421,9.8359375,0.7553267468158552,0.6353569019561164,normal_flow,4087170.csv
4087170,2024-08-29,daytime,6,-0.25801836307028575,0.6215610450041875,-0.06405334410993774,9.8359375,0.7553267468158552,0.669686148474388,normal_flow,4087170.csv
4087170,2024-08-29,nighttime,6,-0.8700075479309987,0.024248747721309052,-0.4378407851690879,9.8359375,0.7553267468158552,0.669686148474388,normal_flow,4087170.csv
4087170,2024-08-30,daytime,6,-0.5182409003512091,0.2922315695905582,-0.21102213848325924,9.578125,0.7646708725151767,0.6940641987065032,normal_flow,4087170.csv
4087170,2024-08-30,nighttime,6,-0.9430305792065076,0.0047758248061462,-0.15615801704105042,9.578125,0.7646708725151767,0.6940641987065032,normal_flow,4087170.csv
4087170,2024-08-31,daytime,6,0.6689864943123695,0.14622034628589411,0.28181114006057545,12.8828125,0.6459350077371742,0.709772646113558,normal_flow,4087170.csv
4087170,2024-08-31,nighttime,6,0.1089498116447214,0.8372219030129164,0.04850746268657974,12.8828125,0.6459350077371742,0.709772646113558,normal_flow,4087170.csv
4087170,2024-09-01,daytime,6,-0.8041417129400302,0.05378409507870567,-0.5170481831278947,13.234375,0.6335555291036782,0.7219735745744554,normal_flow,4087170.csv
4087170,2024-09-01,nighttime,6,-0.7933309466264666,0.05965451204186792,-0.11909850398290422,13.234375,0.6335555291036782,0.7219735745744554,normal_flow,4087170.csv
4087170,2024-09-02,daytime,6,0.34495647260157325,0.5030893333051756,1.2075983717781336,11.0546875,0.7121771217712177,0.7317303495615601,normal_flow,4087170.csv
4087170,2024-09-02,nighttime,6,0.6941172200740521,0.1260365623050145,1.6666666666665355,11.0546875,0.7121771217712177,0.7317303495615601,normal_flow,4087170.csv
4087170,2024-09-03,daytime,6,-0.272898558079966,0.6008140350461864,-0.3628318584069613,9.828125,0.7556838471610523,0.7393643613855493,normal_flow,4087170.csv
4087170,2024-09-03,nighttime,6,0.8440118781152187,0.03460066681941587,0.25708569523172997,9.828125,0.7556838471610523,0.7393643613855493,normal_flow,4087170.csv
4087170,2024-09-04,daytime,6,0.574999999999922,0.2325546875000781,0.61607142857138,9.1953125,0.7783002023568623,0.7455660040471372,normal_flow,4087170.csv
4087170,2024-09-04,nighttime,6,0.861512036737551,0.0274403494478369,0.7353539923095201,9.1953125,0.7783002023568623,0.7455660040471372,normal_flow,4087170.csv
4087170,2024-09-05,daytime,6,0.6316260053823376,0.1785550348597214,0.6802459646426027,8.578125,0.8013331746220688,0.7499781772011268,normal_flow,4087170.csv
4087170,2024-09-05,nighttime,6,-0.0629940788347086,0.9056338699995926,-0.12499999999948844,8.578125,0.8013331746220688,0.7499781772011268,normal_flow,4087170.csv
4087170,2024-09-06,daytime,6,-0.1868109588157064,0.72304325742541,-0.3112244897956471,9.8046875,0.7568741816450423,0.7553545212871483,low_flow,4087170.csv
4087170,2024-09-06,nighttime,6,0.7323642176456047,0.09785813804399192,0.15293135823074425,9.8046875,0.7568741816450423,0.7553545212871483,low_flow,4087170.csv
4087170,2024-09-07,daytime,6,0.8677472026044434,0.02507959985412565,0.5241935483870768,10.9140625,0.7161647422925842,0.7601079236598818,low_flow,4087170.csv
4087170,2024-09-07,nighttime,6,0.6556641964186845,0.1574372617579069,0.342931937172747,10.9140625,0.7161647422925842,0.7601079236598818,low_flow,4087170.csv
4087170,2024-09-08,daytime,6,-0.4380147900661536,0.384995907122664,-0.3375451263538463,10.3359375,0.7368765623140102,0.7730666984089196,low_flow,4087170.csv
4087170,2024-09-08,nighttime,6,0.9788395564789486,6.669091086802664e-4,0.7778745644599031,10.3359375,0.7368765623140102,0.7730666984089196,low_flow,4087170.csv
4087170,2024-09-09,daytime,6,0.8811894516737754,0.02033535792478492,0.8360323886639859,9.5,0.7678847756219498,0.7871404197912947,low_flow,4087170.csv
4087170,2024-09-09,nighttime,6,-0.6312127636209237,0.17892776418403725,-0.4572142410992299,9.5,0.7678847756219498,0.7871404197912947,low_flow,4087170.csv
4087170,2024-09-10,daytime,6,0.851745550172987,0.03133980225518536,2.8659041129231677,8.828125,0.7924056659921438,0.7961314129270325,low_flow,4087170.csv
4087170,2024-09-10,nighttime,6,0.05021902336995704,0.924734789885798,0.04851752021558235,8.828125,0.7924056659921438,0.7961314129270325,low_flow,4087170.csv
4087170,2024-09-11,daytime,6,0.03391231227194897,0.9491510319333648,0.04571428571428786,8.3125,0.8109748839423878,0.8023251200253938,low_flow,4087170.csv
4087170,2024-09-11,nighttime,6,-0.6074542024226327,0.20089418139153148,-1.135265700483353,8.3125,0.8109748839423878,0.8023251200253938,low_flow,4087170.csv
4087170,2024-09-12,daytime,6,-0.44656644581191746,0.3746778267315979,-4.6996587030702965,8.03125,0.8215093441256993,0.8069912312026346,low_flow,4087170.csv
4087170,2024-09-12,nighttime,6,0.8941464081594799,0.01621443051477766,1.6444080294961685,8.03125,0.8215093441256993,0.8069912312026346,low_flow,4087170.csv
4087170,2024-09-13,daytime,6,0.913666886077827,0.0108583719404436,2.970684039087973,7.6640625,0.8359719081061778,0.810157520930048,low_flow,4087170.csv
4087170,2024-09-13,nighttime,6,-0.8724701285363061,0.02335873766818038,-0.9920595533499758,7.6640625,0.8359719081061778,0.810157520930048,low_flow,4087170.csv
4087170,2024-09-14,daytime,6,0.8594549359042327,0.02824128520721918,0.3586224107811048,7.6640625,0.8359719081061778,0.8165694560171408,low_flow,4087170.csv
4087170,2024-09-14,nighttime,6,0.9109822787747612,0.01153353694153644,0.162162162162167,7.6640625,0.8359719081061778,0.8165694560171408,low_flow,4087170.csv
4087170,2024-09-15,daytime,6,-0.07636802606475818,0.8856706529461342,-0.06280991735545514,7.53125,0.8403166289727413,0.8253184144744673,low_flow,4087170.csv
4087170,2024-09-15,nighttime,6,0.7009559068044681,0.12076969117702524,0.2088567170534577,7.53125,0.8403166289727413,0.8253184144744673,low_flow,4087170.csv
4087170,2024-09-16,daytime,6,0.48764612055567613,0.32651163541358774,0.5361466620546498,7.390625,0.8446613498393049,0.8052533428560092,low_flow,4087170.csv
4087170,2024-09-16,nighttime,6,-0.7673710389325936,0.07487984869978276,-0.34897603085682555,7.390625,0.8446613498393049,0.8052533428560092,low_flow,4087170.csv
4087170,2024-09-17,daytime,6,0.9228533233621324,0.00869784111927372,1.3396597502212706,7.3203125,0.8470420188072848,0.7728484704201881,low_flow,4087170.csv
4087170,2024-09-17,nighttime,6,0.24166946876809856,0.6445530446412742,0.08804204993431253,7.3203125,0.8470420188072848,0.7728484704201881,low_flow,4087170.csv
4087170,2024-09-18,daytime,6,-0.5045824519919286,0.30736053877192243,-1.1931371219312743,7.28125,0.8485894536364719,0.7227591953338888,normal_flow,4087170.csv
4087170,2024-09-18,nighttime,6,0.8008432706400188,0.05554548748066374,1.5819585819584263,7.28125,0.8485894536364719,0.7227591953338888,normal_flow,4087170.csv
4087170,2024-09-20,daytime,6,0.7407243968770466,0.09212100694272744,0.5764401772525802,7.2734375,0.8488275205332698,0.623925723128199,normal_flow,4087170.csv
4087170,2024-09-20,nighttime,6,-0.6591983042219876,0.15442735167699306,-1.3204592901878027,7.2734375,0.8488275205332698,0.623925723128199,normal_flow,4087170.csv
4087170,2024-09-21,daytime,6,-0.9046335230128968,0.01320847955405772,-3.904639175257723,7.1484375,0.8530532079514344,0.5819346903146451,normal_flow,4087170.csv
4087170,2024-09-21,nighttime,6,-0.3662672089844275,0.4751668651019271,-0.10546697038726784,7.1484375,0.8530532079514344,0.5819346903146451,normal_flow,4087170.csv
4087170,2024-09-22,daytime,6,-0.7822701921400503,0.06594852490061388,-0.3090362688194275,7.3125,0.8473991191524819,0.5470777288418045,normal_flow,4087170.csv
4087170,2024-09-22,nighttime,6,-0.63360723686883,0.17677253312472774,-1.5017421602785226,7.3125,0.8473991191524819,0.5470777288418045,normal_flow,4087170.csv
4087170,2024-09-23,daytime,6,-0.9173591602821636,0.00996206442982908,-10.101167315172502,20.8125,0.4359004880371384,0.5190136094909337,normal_flow,4087170.csv
4087170,2024-09-23,nighttime,6,0.9701772468935728,0.00132083277662017,0.4485688729874659,20.8125,0.4359004880371384,0.5190136094909337,normal_flow,4087170.csv
4087170,2024-09-24,daytime,6,0.7218266092671589,0.10530806393417463,0.7083333333333406,30.7578125,0.2818116890846328,0.4960877673292862,normal_flow,4087170.csv
4087170,2024-09-24,nighttime,6,0.5462324557413036,0.2621409768132015,3.566371681419145,30.7578125,0.2818116890846328,0.4960877673292862,normal_flow,4087170.csv
4087170,2024-09-25,daytime,6,0.5322005405041246,0.27706874200406695,0.2911051212937806,88.2578125,0.04106653969765504,0.4769392532635004,normal_flow,4087170.csv
4087170,2024-09-25,nighttime,6,0.3914974574023616,0.44275627227326286,0.49090909090891555,88.2578125,0.04106653969765504,0.4769392532635004,normal_flow,4087170.csv
4087170,2024-09-26,daytime,6,0.65078343200596,0.16163445068682422,3.00813008130094,89.3984375,0.03957862159266754,0.462544141570448,normal_flow,4087170.csv
4087170,2024-09-26,nighttime,6,0.8590131460653434,0.02841472097242584,1.3893129770989,89.3984375,0.03957862159266754,0.462544141570448,normal_flow,4087170.csv
4087170,2024-09-27,daytime,6,0.6417182037419238,0.16955319543754815,14.440000000006606,55.625,0.11040352339007262,0.45248978296234577,normal_flow,4087170.csv
4087170,2024-09-27,nighttime,6,0.9569360711591848,0.00274182188043473,1.0314232902033205,55.625,0.11040352339007262,0.45248978296234577,normal_flow,4087170.csv
4087170,2024-09-28,daytime,6,-0.8755807797345638,0.02225719993546123,-0.8224852071006182,38.40625,0.2061064159028687,0.44487561004642306,normal_flow,4087170.csv
4087170,2024-09-28,nighttime,6,-0.7976205330061444,0.05729169967638357,-5.340909090908665,38.40625,0.2061064159028687,0.44487561004642306,normal_flow,4087170.csv
4087170,2024-09-29,daytime,6,-0.8869019748763953,0.01846341727690059,-2.2896551724138376,28.140625,0.3131174860135698,0.4387215807641947,normal_flow,4087170.csv
4087170,2024-09-29,nighttime,6,0.10348363794349404,0.84532863915216,0.0498194945849428,28.140625,0.3131174860135698,0.4387215807641947,normal_flow,4087170.csv
4087170,2024-09-30,daytime,6,0.11448375874675176,0.8290246043473386,0.02378592666007181,21.640625,0.41935483870967744,0.4346744435186287,normal_flow,4087170.csv
4087170,2024-09-30,nighttime,6,0.9477071655711584,0.00403031236124821,0.568463219228006,21.640625,0.41935483870967744,0.4346744435186287,normal_flow,4087170.csv
4087170,2024-10-01,daytime,6,0.24052345827928753,0.6461721380912004,0.03822937625753121,17.8515625,0.5007737174145935,0.45958020870531285,normal_flow,4087170.csv
4087170,2024-10-01,nighttime,6,0.9851450864308192,3.2936368029256387e-4,0.3923640702232984,17.8515625,0.5007737174145935,0.45958020870531285,normal_flow,4087170.csv
4087170,2024-10-02,daytime,6,-0.5172658654970231,0.29330205746391314,-0.6607142857141376,15.5859375,0.5598143078204976,0.4955997301908503,normal_flow,4087170.csv
4087170,2024-10-02,nighttime,6,0.8847479104073984,0.01915911693565775,1.4285714285703726,15.5859375,0.5598143078204976,0.4955997301908503,normal_flow,4087170.csv
4087170,2024-10-03,daytime,6,0.640855462732716,0.1703151050607551,0.38683788121982865,13.2578125,0.6326627782406856,0.5481212554061025,normal_flow,4087170.csv
4087170,2024-10-03,nighttime,6,-0.6899319353129002,0.12930799342914928,-0.3652373660030044,13.2578125,0.6326627782406856,0.5481212554061025,normal_flow,4087170.csv
4087170,2024-10-04,daytime,6,0.6120325120305681,0.19657996270348607,0.5660377358490654,11.4765625,0.6974764908939411,0.6008491052652462,normal_flow,4087170.csv
4087170,2024-10-04,nighttime,6,-0.28348196403405435,0.5861676461380017,-0.3118811881191036,11.4765625,0.6974764908939411,0.6008491052652462,normal_flow,4087170.csv
4087170,2024-10-05,daytime,6,0.806068354975712,0.05276738996502899,0.9746192893400316,10.40625,0.7346149267944292,0.649081458556521,normal_flow,4087170.csv
4087170,2024-10-05,nighttime,6,-0.10301575072724398,0.8460229880966632,-0.1999999999993706,10.40625,0.7346149267944292,0.649081458556521,normal_flow,4087170.csv
4087170,2024-10-06,daytime,6,0.7066767460067547,0.11643924601005388,0.8638132295727204,9.6796875,0.7607427687180097,0.6889060826092132,normal_flow,4087170.csv
4087170,2024-10-06,nighttime,6,-0.9443423876345716,0.00456044748557183,-1.5488436313427452,9.6796875,0.7607427687180097,0.6889060826092132,normal_flow,4087170.csv
4087170,2024-10-07,daytime,6,0.452903909476879,0.3670944025980869,0.5799999999998673,8.9765625,0.7866920604689918,0.7177677260643575,normal_flow,4087170.csv
4087170,2024-10-07,nighttime,6,-0.8466308266098074,0.03347937224626912,-0.46300437530384614,8.9765625,0.7866920604689918,0.7177677260643575,normal_flow,4087170.csv
