station_id,date,period,n,r,p,slope,discharge,flow_exceed_prob,flow_exceed_prob_smooth,flow_season,source_file
6893620,2001-12-20,daytime,144,-0.12303559469422616,0.1417928359401539,-0.1080369999282422,0.428320050239563,0.8291274848232353,0.7693211125659644,low_flow,6893620.csv
6893620,2001-12-20,nighttime,120,-0.24979717333171675,0.00593210171273135,-0.1778106234952673,0.428320050239563,0.8291274848232353,0.7693211125659644,low_flow,6893620.csv
6893620,2001-12-21,nighttime,24,0.7081630835345888,1.080170631995241e-4,0.8699881241870715,0.438828587532043,0.8271039162004523,0.7796095702892513,low_flow,6893620.csv
6893620,2002-12-20,daytime,144,-0.2214026190427543,0.00765642252349469,-0.14462827943792936,0.0678245425224304,0.966075467206285,0.9603737650279728,low_flow,6893620.csv
6893620,2002-12-20,nighttime,120,0.6133937293692577,9.485866935202001e-14,1.046483833135346,0.0678245425224304,0.966075467206285,0.9603737650279728,low_flow,6893620.csv
6893620,2002-12-21,nighttime,24,0.7096980688645177,1.0275008296119814e-4,1.754027469859784,0.0789105594158173,0.9608975122009284,0.9608618021664088,low_flow,6893620.csv
6893620,2003-12-20,daytime,144,0.03964801782553621,0.6370586896921724,0.02811777554465668,1.72620022296906,0.523092488989406,0.569793278577947,normal_flow,6893620.csv
6893620,2003-12-20,nighttime,120,0.23259548043169817,0.01057463908894948,0.272891343342062,1.72620022296906,0.523092488989406,0.569793278577947,normal_flow,6893620.csv
6893620,2003-12-21,nighttime,24,0.4615878014921046,0.02317501023727843,0.38254592582205055,1.31829142570496,0.5850493988810855,0.5554814902987739,normal_flow,6893620.csv
6893620,2004-12-20,daytime,144,-0.11865044140329364,0.15665703435909092,-0.05812182495509478,5.84955596923828,0.27103916200452327,0.282660794349879,normal_flow,6893620.csv
6893620,2004-12-20,nighttime,120,0.05711600157959802,0.5355002960333202,0.03223122804530636,5.84955596923828,0.27103916200452327,0.282660794349879,normal_flow,6893620.csv
6893620,2004-12-21,nighttime,24,0.704635215524826,1.2102659861097568e-4,0.49948291990429294,5.31132316589355,0.2859183430543983,0.2951910486846804,normal_flow,6893620.csv
6893620,2005-12-20,daytime,144,0.7304502838393049,2.7765193276380784e-25,0.4045998698184485,1.02779734134674,0.6584335198190692,0.6019561163353568,normal_flow,6893620.csv
6893620,2005-12-20,nighttime,120,-0.6211925311570408,3.7428623792592855e-14,-0.28955301153501317,1.02779734134674,0.6584335198190692,0.6019561163353568,normal_flow,6893620.csv
6893620,2005-12-21,nighttime,24,0.857680585135393,8.526316320821398e-8,0.7215674704247604,1.03169083595276,0.6573622187834781,0.5989882156886085,normal_flow,6893620.csv
6893620,2006-12-20,daytime,96,0.8539159279430885,2.078297468312836e-28,0.7369377064020778,1.38133001327515,0.5752291393881681,0.6275721144308217,normal_flow,6893620.csv
6893620,2006-12-20,nighttime,120,0.6657131486053898,1.0834449191609367e-16,0.28953676269419326,1.38133001327515,0.5752291393881681,0.6275721144308217,normal_flow,6893620.csv
6893620,2006-12-21,nighttime,24,0.8631469090530601,5.6914862502177584e-8,0.43401744031313205,4.96776294708252,0.2965123199619093,0.6142364004285205,normal_flow,6893620.csv
6893620,2007-12-20,daytime,144,0.6885154677451952,1.4814302792656422e-21,0.6720515004839485,0.795576632022858,0.7256874181645042,0.7154465738205769,normal_flow,6893620.csv
6893620,2007-12-20,nighttime,120,0.8237583787424799,7.3291245906530634e-31,1.388617010976528,0.795576632022858,0.7256874181645042,0.7154465738205769,normal_flow,6893620.csv
6893620,2007-12-21,nighttime,24,0.765532248130605,1.3072536322653876e-5,0.9226198124140752,0.8862384557724,0.6995595762409237,0.7117803436098877,normal_flow,6893620.csv
6893620,2008-12-20,daytime,144,0.5627863199985061,2.111217406378785e-13,0.78244443031672,2.77968072891235,0.4154267349125104,0.46156409951196287,normal_flow,6893620.csv
6893620,2008-12-20,nighttime,120,0.6843554289167401,6.8876629636281616e-18,0.7673922858964441,2.77968072891235,0.4154267349125104,0.46156409951196287,normal_flow,6893620.csv
6893620,2008-12-21,nighttime,24,0.7489813639181228,2.5438548292566452e-5,3.5348217989085495,2.48077034950256,0.4407213426972979,0.44590723326588105,normal_flow,6893620.csv
6893620,2009-12-20,daytime,144,-0.01013847415619191,0.9040043420679794,-0.00598525701672516,1.58789908885956,0.5424949410784431,0.4960917351108995,normal_flow,6893620.csv
6893620,2009-12-20,nighttime,120,-0.6017819092143998,3.6159119088144907e-13,-0.40606240297586016,1.58789908885956,0.5424949410784431,0.4960917351108995,normal_flow,6893620.csv
6893620,2009-12-21,nighttime,24,0.6673191908371638,3.678240694026442e-4,0.6412525619629961,1.4865974187851,0.5581478395429116,0.489366345276356,normal_flow,6893620.csv
6893620,2010-12-20,daytime,144,-0.4429298268041812,2.7109289367367415e-8,-0.399852543147494,0.274071484804153,0.8714438757290799,0.8775582271951752,low_flow,6893620.csv
6893620,2010-12-20,nighttime,120,0.3692324769983154,3.324333702441075e-5,0.35371041645986956,0.274071484804153,0.8714438757290799,0.8775582271951752,low_flow,6893620.csv
6893620,2010-12-21,nighttime,24,0.7251771733165222,6.095350573654824e-5,0.8454405326928821,0.27559906244278,0.8709082252112844,0.8794548268063326,low_flow,6893620.csv
6893620,2011-12-20,daytime,144,0.2992911634170779,2.683423177357261e-4,0.16374520005307844,3.21555948257446,0.3837043209141769,0.6428361702971869,normal_flow,6893620.csv
6893620,2011-12-20,nighttime,96,0.6594338719579885,2.76019091966361e-13,0.9477876153183192,3.21555948257446,0.3837043209141769,0.6428361702971869,normal_flow,6893620.csv
6893620,2011-12-21,nighttime,24,0.7201213171283594,7.255826732989975e-5,2.500982281538762,4.98816537857056,0.2955600523747173,0.6270761417291593,normal_flow,6893620.csv
6893620,2011-12-25,daytime,6,0.7551345210583585,0.08259769695673941,0.33516483516483186,1.00949621200562,0.6639090584454231,0.6032456453596794,normal_flow,6893620.csv
6893620,2011-12-25,nighttime,6,0.9471712067484572,0.00411260264648098,0.6327433628318636,1.00949621200562,0.6639090584454231,0.6032456453596794,normal_flow,6893620.csv
6893620,2011-12-26,daytime,6,0.1951012254252672,0.7110613760049381,0.09417833456152966,1.03334748744965,0.6566480180930842,0.5864420902273539,normal_flow,6893620.csv
6893620,2011-12-26,nighttime,6,0.9692600348237048,0.00140289439330756,0.6310424202565044,1.03334748744965,0.6566480180930842,0.5864420902273539,normal_flow,6893620.csv
6893620,2011-12-27,daytime,6,0.9122436565673612,0.01121385020427512,0.8170832188959113,1.08467614650726,0.6399833353172242,0.570400349164782,normal_flow,6893620.csv
6893620,2011-12-27,nighttime,6,0.9406063627695914,0.00518664759479156,2.455752212389396,1.08467614650726,0.6399833353172242,0.570400349164782,normal_flow,6893620.csv
6893620,2011-12-28,daytime,6,0.8574119884254597,0.02904750882106224,0.6562124649673018,1.1101336479187,0.6330793953100822,0.5848033964210609,normal_flow,6893620.csv
6893620,2011-12-28,nighttime,6,0.9559254229274078,0.00287104357709078,0.8628318584070888,1.1101336479187,0.6330793953100822,0.5848033964210609,normal_flow,6893620.csv
6893620,2011-12-29,daytime,6,0.4068249661363813,0.423428649719834,0.32220708446866186,1.15413510799408,0.6209379835733841,0.6052176328214895,normal_flow,6893620.csv
6893620,2011-12-29,nighttime,6,0.8848386584233313,0.01912955928461462,2.1642228739003193,1.15413510799408,0.6209379835733841,0.6052176328214895,normal_flow,6893620.csv
6893620,2011-12-30,daytime,6,0.8610337275971666,0.02762560503750488,1.2299084435401817,1.19265449047089,0.6101059397690751,0.6165416815458478,normal_flow,6893620.csv
6893620,2011-12-30,nighttime,6,-0.6055067189874033,0.20274092482344488,-1.892857142857166,1.19265449047089,0.6101059397690751,0.6165416815458478,normal_flow,6893620.csv
6893620,2011-12-31,daytime,6,0.5522881823591894,0.2557978147141757,0.5545801085826476,1.2207282781601,0.6037971670039282,0.6178510494782368,normal_flow,6893620.csv
6893620,2011-12-31,nighttime,6,0.7632427519475253,0.07744539701735023,0.36023968981318194,1.2207282781601,0.6037971670039282,0.6178510494782368,normal_flow,6893620.csv
6893620,2012-01-25,daytime,6,0.7974261332555738,0.05739782926434846,0.8924999999999971,1.00320720672607,0.6656945601714082,0.6457207475300559,normal_flow,6893620.csv
6893620,2012-01-25,nighttime,6,-0.3927922024247787,0.4411128091213136,-0.5999999999998317,1.00320720672607,0.6656945601714082,0.6457207475300559,normal_flow,6893620.csv
6893620,2012-01-26,daytime,6,0.6110261711648719,0.19752496474860093,0.9460201280878294,1.03322994709015,0.6567075348172836,0.6465579494504622,normal_flow,6893620.csv
6893620,2012-01-26,nighttime,6,-0.8151115136354126,0.04811553746644047,-7.0000000000003935,1.03322994709015,0.6567075348172836,0.6465579494504622,normal_flow,6893620.csv
6893620,2012-01-27,daytime,6,-0.09704668947704716,0.854886961553591,-0.19018404907976288,1.04236936569214,0.6539102487799071,0.6384636749593302,normal_flow,6893620.csv
6893620,2012-01-27,nighttime,6,0.9791167212656696,6.496132788045357e-4,0.5395059708817275,1.04236936569214,0.6539102487799071,0.6384636749593302,normal_flow,6893620.csv
6893620,2012-01-28,daytime,6,0.833065883617477,0.0394745223737422,0.907812499999995,1.05235624313354,0.6512319961909296,0.617815339443717,normal_flow,6893620.csv
6893620,2012-01-28,nighttime,6,0.8850972482316951,0.01904545357677894,0.15232722143864746,1.05235624313354,0.6512319961909296,0.617815339443717,normal_flow,6893620.csv
6893620,2012-01-29,daytime,6,0.6214972387725992,0.1877835361988459,0.669936131386854,1.06425952911377,0.6469467920485656,0.5983176605959608,normal_flow,6893620.csv
6893620,2012-01-29,nighttime,6,0.594930679355621,0.2128896108934886,0.5099277978339424,1.06425952911377,0.6469467920485656,0.5983176605959608,normal_flow,6893620.csv
6893620,2012-01-30,daytime,6,0.02912019022852564,0.9563320614064406,0.03631010794896608,1.05859935283661,0.6492679442923461,0.5865809625838194,normal_flow,6893620.csv
6893620,2012-01-30,nighttime,6,0.9694156250655286,0.00138880161202377,2.0400000000000005,1.05859935283661,0.6492679442923461,0.5865809625838194,normal_flow,6893620.csv
6893620,2012-01-31,daytime,6,0.7890320887331386,0.06206636648430624,1.2257027279327797,1.05572652816772,0.6500416617069397,0.5833630916954331,normal_flow,6893620.csv
6893620,2012-01-31,nighttime,6,-0.9224969268493008,0.00877731964593894,-2.7500000000000124,1.05572652816772,0.6500416617069397,0.5833630916954331,normal_flow,6893620.csv
6893620,2012-02-25,daytime,6,0.7310571461663438,0.09876903485529091,0.7765482163722558,2.40016484260559,0.4476847994286394,0.4310915367218188,normal_flow,6893620.csv
6893620,2012-02-25,nighttime,6,-0.8996966845893488,0.01458656907840479,-0.19140328697850387,2.40016484260559,0.4476847994286394,0.4310915367218188,normal_flow,6893620.csv
6893620,2012-02-26,daytime,6,0.27543252042217137,0.5972987981105797,0.25177612198925536,2.43106055259705,0.445125580288061,0.427853826925366,normal_flow,6893620.csv
6893620,2012-02-26,nighttime,6,0.8626191279745493,0.02701382677896684,0.2693474962063893,2.43106055259705,0.445125580288061,0.427853826925366,normal_flow,6893620.csv
6893620,2012-02-27,daytime,6,0.8953836254337122,0.01584438729589497,0.7438023116779551,2.45041418075562,0.44345911201047494,0.4243780502321152,normal_flow,6893620.csv
6893620,2012-02-27,nighttime,6,0.8809808785678409,0.02040534116655504,0.1313354786806154,2.45041418075562,0.44345911201047494,0.4243780502321152,normal_flow,6893620.csv
6893620,2012-02-28,daytime,6,-0.9413616651094594,0.00505686886017887,-6.793503480278375,2.46520614624023,0.4420902273538864,0.4212355671943816,normal_flow,6893620.csv
6893620,2012-02-28,nighttime,6,0.4542353450630154,0.3655081147052576,0.16788321167883768,2.46520614624023,0.4420902273538864,0.4212355671943816,normal_flow,6893620.csv
6893620,2012-02-29,daytime,6,0.971562794203964,0.00120151378617318,0.7414721723518848,3.40940809249878,0.3714438757290799,0.42292980994326074,normal_flow,6893620.csv
6893620,2012-02-29,nighttime,6,0.38715828845395334,0.4482784434208068,0.6864459712679762,3.40940809249878,0.3714438757290799,0.42292980994326074,normal_flow,6893620.csv
6893620,2012-03-25,daytime,6,0.9079560360834265,0.01231823450755598,0.6875961922134189,33.8539886474609,0.14272110463040114,0.1835257707415784,high_flow,6893620.csv
6893620,2012-03-25,nighttime,6,0.1106872820573898,0.8346471291844214,0.01511789181692442,33.8539886474609,0.14272110463040114,0.1835257707415784,high_flow,6893620.csv
6893620,2012-03-26,daytime,6,0.9663136536519028,0.00168304176897745,1.0782041223878471,36.5752182006836,0.13998333531722415,0.17207872078720787,high_flow,6893620.csv
6893620,2012-03-26,nighttime,6,0.7915534220989124,0.06064646437128295,0.3797520661157028,36.5752182006836,0.13998333531722415,0.17207872078720787,high_flow,6893620.csv
6893620,2012-03-27,daytime,6,0.9988307184927876,2.050029532575049e-6,2.1095725614397116,35.5471687316895,0.14111415307701464,0.16269491727175336,high_flow,6893620.csv
6893620,2012-03-27,nighttime,6,0.9468739614786856,0.00415859312622776,1.143679031037086,35.5471687316895,0.14111415307701464,0.16269491727175336,high_flow,6893620.csv
6893620,2012-03-28,daytime,6,0.9531420127576272,0.00324206409149655,0.9822800865477892,31.8481464385986,0.14468515652898464,0.16383367059477047,high_flow,6893620.csv
6893620,2012-03-28,nighttime,6,0.9582990415210736,0.00257219655050012,1.0921320831634762,31.8481464385986,0.14468515652898464,0.16383367059477047,high_flow,6893620.csv
6893620,2012-03-29,daytime,6,0.988495550399166,1.9776722039605149e-4,1.0278172769285432,27.7007846832275,0.14950601118914414,0.16862278300202355,high_flow,6893620.csv
6893620,2012-03-29,nighttime,6,0.7437670897798334,0.09007143157632971,0.4706437606192184,27.7007846832275,0.14950601118914414,0.16862278300202355,high_flow,6893620.csv
6893620,2012-03-30,daytime,6,0.997222203696056,1.1563511509629272e-5,1.0747254561968471,23.1108932495117,0.15593381740269016,0.17480855453715827,high_flow,6893620.csv
6893620,2012-03-30,nighttime,6,0.9504796982211382,0.0036176720976466,1.1964514749893125,23.1108932495117,0.15593381740269016,0.17480855453715827,high_flow,6893620.csv
6893620,2012-03-31,daytime,6,0.9552531953076022,0.00295861705685132,0.8097032501177569,18.8003005981445,0.16498035948101417,0.18353767408641827,high_flow,6893620.csv
6893620,2012-03-31,nighttime,6,0.9673077085689074,0.00158570834815228,0.7850088630032949,18.8003005981445,0.16498035948101417,0.18353767408641827,high_flow,6893620.csv
6893620,2012-04-25,daytime,6,0.7752677340355975,0.07008188141865546,0.4215386929382575,0.977736353874207,0.6725985001785502,0.5993492838154189,normal_flow,6893620.csv
6893620,2012-04-25,nighttime,6,0.5923205025889255,0.21542516827911612,1.1163204747774682,0.977736353874207,0.6725985001785502,0.5993492838154189,normal_flow,6893620.csv
6893620,2012-04-26,daytime,6,0.951750739435054,0.00343582479192052,1.3353863381859008,0.942183971405029,0.6842637781216522,0.5971511328016506,normal_flow,6893620.csv
6893620,2012-04-26,nighttime,6,0.8789048996794561,0.02110816429484533,0.4013909984810944,0.942183971405029,0.6842637781216522,0.5971511328016506,normal_flow,6893620.csv
6893620,2012-04-27,daytime,6,0.6347348406100829,0.17576136520285565,1.3450704225352292,0.891641795635223,0.6983692417569337,0.6019640518985835,normal_flow,6893620.csv
6893620,2012-04-27,nighttime,6,0.790953541005435,0.06098292378751658,0.29154254630229326,0.891641795635223,0.6983692417569337,0.6019640518985835,normal_flow,6893620.csv
6893620,2012-04-28,daytime,6,0.2089315953916817,0.6911627909066997,0.1944088526499685,0.919348299503326,0.6900369003690037,0.6089394119747649,normal_flow,6893620.csv
6893620,2012-04-28,nighttime,6,0.02239055377599755,0.9664197819413952,0.01136363636364163,0.919348299503326,0.6900369003690037,0.6089394119747649,normal_flow,6893620.csv
6893620,2012-04-29,daytime,6,0.6991268435409643,0.12216876488062606,8.124999999999359,1.6402862071991,0.5346982502083085,0.6131889060826092,normal_flow,6893620.csv
6893620,2012-04-29,nighttime,6,0.08343911409328535,0.8751317839941279,0.03816254416961102,1.6402862071991,0.5346982502083085,0.6131889060826092,normal_flow,6893620.csv
6893620,2012-04-30,daytime,6,0.28594927362732203,0.58276669484127,0.1173724301744575,2.82743358612061,0.41203428163313893,0.5897075744950998,normal_flow,6893620.csv
6893620,2012-04-30,nighttime,6,0.9715282816538248,0.00120441797935352,2.9607843137254832,2.82743358612061,0.41203428163313893,0.5897075744950998,normal_flow,6893620.csv
6893620,2012-05-25,daytime,6,-0.5033576202659914,0.30873115133740464,-0.17335766423358073,1.32990229129791,0.5823711462921081,0.6579494504622465,normal_flow,6893620.csv
6893620,2012-05-25,nighttime,6,0.996494079340266,1.8415673032263637e-5,2.4449877750611164,1.32990229129791,0.5823711462921081,0.6579494504622465,normal_flow,6893620.csv
6893620,2012-05-26,daytime,6,-0.1246427997142583,0.8140040149476357,-0.03551046290425117,3.60381841659546,0.3596000476133794,0.6644605800896719,normal_flow,6893620.csv
6893620,2012-05-26,nighttime,6,0.7790167117831583,0.06785471424441318,1.3448275862068868,3.60381841659546,0.3596000476133794,0.6644605800896719,normal_flow,6893620.csv
6893620,2012-05-27,daytime,6,0.7067125582617133,0.1164123555188235,0.1414164051994611,3.03341484069824,0.3967384835138674,0.6734317343173432,normal_flow,6893620.csv
6893620,2012-05-27,nighttime,6,-0.1552371940895129,0.7690147073350948,-0.05697445972494738,3.03341484069824,0.3967384835138674,0.6734317343173432,normal_flow,6893620.csv
6893620,2012-05-28,daytime,6,0.7587444528484911,0.08028531078003523,0.23839847170261924,1.28183054924011,0.5919533388882275,0.6832004126492878,normal_flow,6893620.csv
6893620,2012-05-28,nighttime,6,0.9144448711029748,0.01066640203449013,0.49027021016346345,1.28183054924011,0.5919533388882275,0.6832004126492878,normal_flow,6893620.csv
6893620,2012-05-29,daytime,6,0.882934307287526,0.01975440845654781,0.37040349831047487,0.670479416847229,0.7628258540649923,0.6932666746022299,normal_flow,6893620.csv
6893620,2012-05-29,nighttime,6,0.229262956090844,0.6621307686449838,0.02984879515447337,0.670479416847229,0.7628258540649923,0.6932666746022299,normal_flow,6893620.csv
6893620,2012-05-30,daytime,6,-0.6604572654895724,0.15336108608514382,-0.21981026974106416,0.829524397850037,0.7146173074633972,0.7034241955322779,normal_flow,6893620.csv
6893620,2012-05-30,nighttime,6,-0.04135558826030162,0.938001982524072,-0.02799349828426926,0.829524397850037,0.7146173074633972,0.7034241955322779,normal_flow,6893620.csv
6893620,2012-05-31,daytime,6,0.292961497764451,0.57312967443719,0.6363636363636092,0.925604641437531,0.6880728484704202,0.7135420386461929,normal_flow,6893620.csv
6893620,2012-05-31,nighttime,6,0.763228231376139,0.0774544899062615,0.09558333949841102,0.925604641437531,0.6880728484704202,0.7135420386461929,normal_flow,6893620.csv
6893620,2012-06-25,daytime,6,0.9502900609214718,0.00364519849529381,0.5026906418165127,0.168908074498177,0.9173312700868944,0.8631988255366425,low_flow,6893620.csv
6893620,2012-06-25,nighttime,6,0.9691031270162608,0.00141717780386635,0.43132220795892046,0.168908074498177,0.9173312700868944,0.8631988255366425,low_flow,6893620.csv
6893620,2012-06-26,daytime,6,0.6564729161339746,0.15674632317934187,0.44571292257360934,0.108582377433777,0.942387810974884,0.866829345712812,low_flow,6893620.csv
6893620,2012-06-26,nighttime,6,0.9944741283177764,4.571851981427672e-5,0.3224376731301937,0.108582377433777,0.942387810974884,0.866829345712812,low_flow,6893620.csv
6893620,2012-06-27,daytime,6,0.7764082058342,0.06940089087698444,0.7804213010620413,0.0912863984704018,0.952267587192001,0.8698567630837599,low_flow,6893620.csv
6893620,2012-06-27,nighttime,6,0.9978837274253446,6.713175436012455e-6,0.41738082485270367,0.0912863984704018,0.952267587192001,0.8698567630837599,low_flow,6893620.csv
6893620,2012-06-28,daytime,6,0.8882571417528852,0.01803206283309981,0.964488577896688,0.0837636515498161,0.9568503749553624,0.8726659524659762,low_flow,6893620.csv
6893620,2012-06-28,nighttime,6,0.97603713258086,8.544485553585497e-4,0.31827842720510113,0.0837636515498161,0.9568503749553624,0.8726659524659762,low_flow,6893620.csv
6893620,2012-06-29,daytime,6,0.6464510139311759,0.16539906725140663,0.8538148457649224,0.0802345722913742,0.960361861683133,0.889870253541245,low_flow,6893620.csv
6893620,2012-06-29,nighttime,6,0.9934614928932856,6.398834540312227e-5,0.4429898648648634,0.0802345722913742,0.960361861683133,0.889870253541245,low_flow,6893620.csv
6893620,2012-06-30,daytime,6,0.8505783559208308,0.03182218592653618,1.4435517445385049,0.0796066448092461,0.9606594453041304,0.9220410268618816,low_flow,6893620.csv
6893620,2012-06-30,nighttime,6,0.9852031666681186,3.267995591950928e-4,0.6131712106336347,0.0796066448092461,0.9606594453041304,0.9220410268618816,low_flow,6893620.csv
6893620,2012-07-25,daytime,6,0.83420410046998,0.03895369837193654,0.9777072230411612,0.0177188161760569,0.9837519342935364,0.9106257191604172,low_flow,6893620.csv
6893620,2012-07-25,nighttime,6,-0.29381781869303253,0.571955758059057,-0.0265303481299334,0.0177188161760569,0.9837519342935364,0.9106257191604172,low_flow,6893620.csv
6893620,2012-07-26,daytime,6,0.32891481890581803,0.5244195895914875,0.0729149991996161,0.517223298549652,0.8053803118676348,0.9018846962663176,low_flow,6893620.csv
6893620,2012-07-26,nighttime,6,-0.8308716089842786,0.04048770982783377,-0.383977138846414,0.517223298549652,0.8053803118676348,0.9018846962663176,low_flow,6893620.csv
6893620,2012-07-27,daytime,6,0.9892311044061044,1.7332923883703558e-4,0.6115560201054476,0.732537031173706,0.7461016545649327,0.8898385112883387,low_flow,6893620.csv
6893620,2012-07-27,nighttime,6,0.8340122682554821,0.03904124969313102,0.1164401128494493,0.732537031173706,0.7461016545649327,0.8898385112883387,low_flow,6893620.csv
6893620,2012-07-28,daytime,6,0.9014630220219204,0.01408592987464272,0.5951152769477577,0.38923716545105,0.8386501606951553,0.8914137205888187,low_flow,6893620.csv
6893620,2012-07-28,nighttime,6,0.9385171438378492,0.00555400545159387,0.3105175292153576,0.38923716545105,0.8386501606951553,0.8914137205888187,low_flow,6893620.csv
6893620,2012-07-29,daytime,6,0.979282063473196,6.394029309671947e-4,0.9324015391579912,0.103850036859512,0.9443518628734674,0.891985081141134,low_flow,6893620.csv
6893620,2012-07-29,nighttime,6,0.8811040449681191,0.02036400082384209,0.286352698521825,0.103850036859512,0.9443518628734674,0.891985081141134,low_flow,6893620.csv
6893620,2012-07-30,daytime,6,-0.03998363994257669,0.940056500838054,-0.05305927342257554,0.0396396368741989,0.9760742768718008,0.8887076935285482,low_flow,6893620.csv
6893620,2012-07-30,nighttime,6,0.4565586050526577,0.362745945093601,0.08144192256341774,0.0396396368741989,0.9760742768718008,0.8887076935285482,low_flow,6893620.csv
6893620,2012-07-31,daytime,6,0.8593829330309203,0.02826951743606291,0.8223332954674551,0.0973571240901947,0.9481609332222356,0.8878109748839423,low_flow,6893620.csv
6893620,2012-07-31,nighttime,6,0.743780882780664,0.09006218750184934,0.2147862648913791,0.0973571240901947,0.9481609332222356,0.8878109748839423,low_flow,6893620.csv
6893620,2012-08-25,daytime,6,0.8823550360299568,0.01994638331521395,1.59411743424623,0.101296246051788,0.9458992977026544,0.8722969487759393,low_flow,6893620.csv
6893620,2012-08-25,nighttime,6,0.8102685682324668,0.05058204672357576,0.2810775005519998,0.101296246051788,0.9458992977026544,0.8722969487759393,low_flow,6893620.csv
6893620,2012-08-26,daytime,6,0.8914022758603954,0.01704982676571844,1.121389363808153,0.597669780254364,0.7834186406380192,0.8190136094909336,low_flow,6893620.csv
6893620,2012-08-26,nighttime,6,-0.9020460864140052,0.01392252138892614,-0.6269531249999907,0.597669780254364,0.7834186406380192,0.8190136094909336,low_flow,6893620.csv
6893620,2012-08-27,daytime,6,0.8594766573361717,0.02823277088775427,0.6537839078238608,0.750553011894226,0.7409236995595763,0.7758877911359758,low_flow,6893620.csv
6893620,2012-08-27,nighttime,6,0.9738260282312255,0.00101864960684175,0.3504025339844246,0.750553011894226,0.7409236995595763,0.7758877911359758,low_flow,6893620.csv
6893620,2012-08-28,daytime,6,0.901150008933385,0.01417403361717875,0.8155705590425918,0.33959698677063,0.8534103082966313,0.7436376621830735,normal_flow,6893620.csv
6893620,2012-08-28,nighttime,6,0.9595999994660666,0.00241527043140553,0.23140259591743276,0.33959698677063,0.8534103082966313,0.7436376621830735,normal_flow,6893620.csv
6893620,2012-08-30,daytime,6,0.9528846451304916,0.00327749032946636,0.9663686107033228,0.0173290073871613,0.9841090346387334,0.7068999722255287,normal_flow,6893620.csv
6893620,2012-08-30,nighttime,6,-0.3650005988718464,0.4768127838694791,-0.04870129870129797,0.0173290073871613,0.9841090346387334,0.7068999722255287,normal_flow,6893620.csv
6893620,2012-08-31,daytime,6,0.4378951062498048,0.3851409989985702,0.7962790697674247,0.112961135804653,0.9404237590763004,0.6970320993532516,normal_flow,6893620.csv
6893620,2012-08-31,nighttime,6,-0.837136340440332,0.03762691300781614,-0.09689479696749248,0.112961135804653,0.9404237590763004,0.6970320993532516,normal_flow,6893620.csv
6893620,2012-09-25,daytime,6,0.48936192572099374,0.32455210808404034,0.4953641231010307,0.223735079169273,0.8928698964408999,0.8544578026425426,low_flow,6893620.csv
6893620,2012-09-25,nighttime,6,0.7752559922377987,0.07008890833941152,3.892857142857213,0.223735079169273,0.8928698964408999,0.8544578026425426,low_flow,6893620.csv
6893620,2012-09-26,daytime,6,-0.3558069920906981,0.48881184817736434,-0.6626240352811422,0.609846532344818,0.7798476371860493,0.86150061500615,low_flow,6893620.csv
6893620,2012-09-26,nighttime,6,0.4119897093244213,0.4169800799081592,0.22413793103449323,0.609846532344818,0.7798476371860493,0.86150061500615,low_flow,6893620.csv
6893620,2012-09-27,daytime,6,0.5769862551450458,0.23056376985471833,0.783399800598204,1.47067284584045,0.5611236757528866,0.8659246915049795,low_flow,6893620.csv
6893620,2012-09-27,nighttime,6,0.9887669172383878,1.8856451523623189e-4,0.6736111111111045,1.47067284584045,0.5611236757528866,0.8659246915049795,low_flow,6893620.csv
6893620,2012-09-28,daytime,6,0.7911412199643849,0.06087756719009771,1.119228118538932,0.943620264530182,0.6837281276038567,0.8697456651985874,low_flow,6893620.csv
6893620,2012-09-28,nighttime,6,0.9699388904805494,0.00134192279229844,0.5159124087591215,0.943620264530182,0.6837281276038567,0.8697456651985874,low_flow,6893620.csv
6893620,2012-09-29,daytime,6,0.9381146772990802,0.00562618575572391,0.5788225446428562,0.492556661367416,0.81240328532317585,0.8734714121334762,low_flow,6893620.csv
6893620,2012-09-29,nighttime,6,0.9898870892651368,1.5288931673448312e-4,0.25189286925076126,0.492556661367416,0.81240328532317585,0.8734714121334762,low_flow,6893620.csv
6893620,2012-09-30,daytime,6,0.7988330719481438,0.05663177441878092,0.7136363636363626,0.222025215625763,0.8938816807522914,0.8768043486886482,low_flow,6893620.csv
6893620,2012-09-30,nighttime,6,0.9881922004330206,2.083130498263939e-4,0.28185745140388985,0.222025215625763,0.8938816807522914,0.8768043486886482,low_flow,6893620.csv
6893620,2012-10-25,daytime,6,-0.9460182433634652,0.00429239284386549,-0.9858678955453014,0.0832993984222412,0.9575050589215568,0.9322421933896758,low_flow,6893620.csv
6893620,2012-10-25,nighttime,6,-0.39177678192962295,0.4424015495255235,-0.09426229508196347,0.0832993984222412,0.9575050589215568,0.9322421933896758,low_flow,6893620.csv
6893620,2012-10-26,daytime,6,0.9785901870757924,6.826632181926969e-4,0.9883994766681182,0.376441985368729,0.8432329484585168,0.9427012657223346,low_flow,6893620.csv
6893620,2012-10-26,nighttime,6,0.9742139775145934,9.888056258565748e-4,0.3004322766570608,0.376441985368729,0.8432329484585168,0.9427012657223346,low_flow,6893620.csv
6893620,2012-10-27,daytime,6,0.8880938886300598,0.01808376777085663,0.47891762660290926,0.289061576128006,0.8667420545173193,0.9535214061818036,low_flow,6893620.csv
6893620,2012-10-27,nighttime,6,0.1859339360402724,0.7243130968340017,0.03142857142857338,0.289061576128006,0.8667420545173193,0.9535214061818036,low_flow,6893620.csv
6893620,2012-10-28,daytime,6,0.9874470131301084,2.353771850188356e-4,0.645566812097906,0.100333780050278,0.9466134983930484,0.9584533587271356,low_flow,6893620.csv
6893620,2012-10-28,nighttime,6,0.6660051041819531,0.1486998877388926,0.302763819095479,0.100333780050278,0.9466134983930484,0.9584533587271356,low_flow,6893620.csv
6893620,2012-10-29,daytime,6,0.9052240966793472,0.01304804683353893,0.7293572386876441,0.0410550497472286,0.9754195929056064,0.9548029996428996,low_flow,6893620.csv
6893620,2012-10-29,nighttime,6,0.6287729188925985,0.18113500091298715,1.514285714285715,0.0410550497472286,0.9754195929056064,0.9548029996428996,low_flow,6893620.csv
6893620,2012-10-30,daytime,6,0.9215044996128614,0.00900048864826596,0.8433547045572704,0.0274516846984625,0.979288179978574,0.9488116494068166,low_flow,6893620.csv
6893620,2012-10-30,nighttime,6,0.9139470684410655,0.01078904496061525,0.35032894736842113,0.0274516846984625,0.979288179978574,0.9488116494068166,low_flow,6893620.csv
6893620,2012-10-31,daytime,6,0.9754430577074586,8.971606709707374e-4,1.116827586206896,0.0236044358462095,0.981073681704559,0.9477919295321984,low_flow,6893620.csv
6893620,2012-10-31,nighttime,6,0.9221248269423736,0.0088606752167149,0.13983716611912483,0.0236044358462095,0.981073681704559,0.9477919295321984,low_flow,6893620.csv
6893620,2012-11-21,nighttime,24,0.8031141222315036,2.3128534452730876e-6,0.5739383073117744,0.421545028686523,0.8306154029282228,0.879117565369202,low_flow,6893620.csv
6893620,2012-11-25,daytime,6,0.46469365098473286,0.35313254099496516,0.7802491103202855,0.188528537750244,0.9076895607665754,0.9074911716859104,low_flow,6893620.csv
6893620,2012-11-25,nighttime,6,0.5446216627798742,0.26383837190007414,3.724137931034498,0.188528537750244,0.9076895607665754,0.9074911716859104,low_flow,6893620.csv
6893620,2012-11-26,daytime,6,0.9332624892920354,0.00653222205942114,1.4709942722866831,0.321959108114243,0.8568622783002023,0.9045827877633617,low_flow,6893620.csv
6893620,2012-11-26,nighttime,6,0.9778303007670928,7.317951917013908e-4,0.4923327895595497,0.321959108114243,0.8568622783002023,0.9045827877633617,low_flow,6893620.csv
6893620,2012-11-28,daytime,6,0.9172679532118694,0.00998375381379837,1.3809989407642755,0.139600813388824,0.9298297821687894,0.9146847597508232,low_flow,6893620.csv
6893620,2012-11-28,nighttime,6,0.9036699468294892,0.01347227235609009,3.41724941724941,0.139600813388824,0.9298297821687894,0.9146847597508232,low_flow,6893620.csv
6893620,2012-11-29,daytime,6,0.153403588095072,0.7716996151625661,0.2613188976377954,0.102128744125366,0.94524461373646,0.923449589334603,low_flow,6893620.csv
6893620,2012-11-29,nighttime,6,0.899097469428743,0.0147583205031582,1.2692847124824609,0.102128744125366,0.94524461373646,0.923449589334603,low_flow,6893620.csv
6893620,2012-11-30,daytime,6,0.4069593906859704,0.42326039613940697,1.0501556554825322,0.0935127586126328,0.950363052017617,0.923211522437805,low_flow,6893620.csv
6893620,2012-11-30,nighttime,6,0.9842004861166838,3.724649844493079e-4,1.218514531754585,0.0935127586126328,0.950363052017617,0.923211522437805,low_flow,6893620.csv
6893620,2012-12-20,daytime,24,0.8890314007837645,6.4272631765771904e-9,2.334294550626516,0.571322321891785,0.7896678966789668,0.843379756378209,low_flow,6893620.csv
6893620,2012-12-20,nighttime,120,0.2004911831076925,0.02811865681626998,0.3312097359455596,0.571322321891785,0.7896678966789668,0.843379756378209,low_flow,6893620.csv
6893620,2013-01-08,daytime,6,0.8260895904940364,0.04273730036994843,0.7997823721436295,0.553688645362854,0.7934174503035353,0.8436098877117804,low_flow,6893620.csv
6893620,2013-01-08,nighttime,6,0.9337941052575164,0.00642973323049576,1.4360189573459818,0.553688645362854,0.7934174503035353,0.8436098877117804,low_flow,6893620.csv
6893620,2013-01-09,daytime,6,0.8263766723159338,0.04260064706619949,1.3155487804878103,0.314127236604691,0.8590048803713843,0.8506447645121612,low_flow,6893620.csv
6893620,2013-01-09,nighttime,6,0.9837809537136823,3.924529230769523e-4,0.5512344330347428,0.314127236604691,0.8590048803713843,0.8506447645121612,low_flow,6893620.csv
6893620,2013-01-10,daytime,6,0.02303967560365035,0.9654466016314556,0.07999999999994149,0.228469118475914,0.8906082609213188,0.8573344443121851,low_flow,6893620.csv
6893620,2013-01-10,nighttime,6,-0.8815580468894302,0.02021196313704888,-4.275862068965514,0.228469118475914,0.8906082609213188,0.8573344443121851,low_flow,6893620.csv
6893620,2013-01-11,daytime,6,-0.7391443782855409,0.09319343720049174,-0.6825962090752525,0.676459908485413,0.7603856683728127,0.8595127564178867,low_flow,6893620.csv
6893620,2013-01-11,nighttime,6,0.05858901606845437,0.9122170343583502,0.1167108753315686,0.676459908485413,0.7603856683728127,0.8595127564178867,low_flow,6893620.csv
6893620,2013-01-12,daytime,6,0.9770624142663068,7.831651503815291e-4,2.4057971014492896,0.472934424877167,0.8185930246399238,0.8597746300043646,low_flow,6893620.csv
6893620,2013-01-12,nighttime,6,0.9564201126567914,0.00280742626685273,0.4349809885931556,0.472934424877167,0.8185930246399238,0.8597746300043646,low_flow,6893620.csv
6893620,2013-01-13,daytime,6,0.9234139770338242,0.00857352381684508,1.55782686239539,0.224814906716347,0.8920961790263064,0.8661310161488711,low_flow,6893620.csv
6893620,2013-01-13,nighttime,6,-0.981039009358078,5.358703294123495e-4,-0.5607387358700852,0.224814906716347,0.8920961790263064,0.8661310161488711,low_flow,6893620.csv
6893620,2013-01-14,daytime,6,0.6848048716469088,0.13336495549584182,0.8644797387561167,0.153676047921181,0.924175693369837,0.8795103757489188,low_flow,6893620.csv
6893620,2013-01-14,nighttime,6,0.6485424175003228,0.163577200725069,0.22648083623693763,0.153676047921181,0.924175693369837,0.8795103757489188,low_flow,6893620.csv
6893620,2013-01-15,daytime,6,0.9402586757015016,0.00524692957866939,1.4097593582887615,0.140763163566589,0.9289965480299964,0.8914097528072055,low_flow,6893620.csv
6893620,2013-01-15,nighttime,6,0.8166971527077436,0.04732041896865435,1.0704845814978057,0.140763163566589,0.9289965480299964,0.8914097528072055,low_flow,6893620.csv
6893620,2013-01-16,daytime,6,0.7890029332253619,0.06208287366371808,1.6367169980565053,0.13926200568676,0.9299488156171885,0.9003253580922906,low_flow,6893620.csv
6893620,2013-01-16,nighttime,6,0.9781618154731974,7.101520712119101e-4,1.797965116279088,0.13926200568676,0.9299488156171885,0.9003253580922906,low_flow,6893620.csv
6893620,2013-01-17,daytime,6,0.959147326742893,0.00246932101949109,1.5105279698302871,0.139141440391541,0.930008332341388,0.9048803713843592,low_flow,6893620.csv
6893620,2013-01-17,nighttime,6,0.8942460078979543,0.01618448887017379,2.509513742071918,0.139141440391541,0.930008332341388,0.9048803713843592,low_flow,6893620.csv
6893620,2013-01-18,daytime,6,0.9080761860968278,0.01228660380166762,1.2694419030192097,0.138902187347412,0.930246399238186,0.9073245248581518,low_flow,6893620.csv
6893620,2013-01-18,nighttime,6,0.9525119330476496,0.00332912919256954,1.723247232472329,0.138902187347412,0.930246399238186,0.9073245248581518,low_flow,6893620.csv
6893620,2013-01-19,daytime,6,0.9600966678960624,0.002356645312217,1.717197924388437,0.139860928058624,0.9297107487203904,0.9184620878466848,low_flow,6893620.csv
6893620,2013-01-19,nighttime,6,0.9378122356251934,0.00568072712545187,1.93841166936791,0.139860928058624,0.9297107487203904,0.9184620878466848,low_flow,6893620.csv
6893620,2013-01-20,daytime,6,0.8396664251059258,0.03649944685764887,3.852604828462508,0.141581401228905,0.9286394476847994,0.9211284370908226,low_flow,6893620.csv
6893620,2013-01-20,nighttime,6,0.9391620693814968,0.00543929239191069,0.4555895865237373,0.141581401228905,0.9286394476847994,0.9211284370908226,low_flow,6893620.csv
6893620,2013-01-21,daytime,6,0.7583349803655649,0.08054611454345573,14.599999999999987,0.143271580338478,0.928103797167004,0.9143276594056264,low_flow,6893620.csv
6893620,2013-01-21,nighttime,6,0.9161945131490152,0.01024074140308878,2.576086956521749,0.143271580338478,0.928103797167004,0.9143276594056264,low_flow,6893620.csv
6893620,2013-01-22,daytime,6,0.8329115162644952,0.03954540704959187,1.6366577577718344,0.144784569740295,0.9272110463040114,0.9016347260246796,low_flow,6893620.csv
6893620,2013-01-22,nighttime,6,0.982674234606841,4.476727769657996e-4,3.0993630573248643,0.144784569740295,0.9272110463040114,0.9016347260246796,low_flow,6893620.csv
6893620,2013-01-23,daytime,6,0.9896650653715396,1.596643689627932e-4,2.34141064474254,0.145051822066307,0.927151529579812,0.8655279133436495,low_flow,6893620.csv
6893620,2013-01-23,nighttime,6,0.942385374305332,0.00488354334760445,2.2605932203389925,0.145051822066307,0.927151529579812,0.8655279133436495,low_flow,6893620.csv
6893620,2013-01-24,daytime,6,0.8690936100763178,0.02458308682656707,3.471500119246359,0.144712626934052,0.9273300797524104,0.8292187438003412,low_flow,6893620.csv
6893620,2013-01-24,nighttime,6,0.9618504926865572,0.00215531625378689,0.7481744210306736,0.144712626934052,0.9273300797524104,0.8292187438003412,low_flow,6893620.csv
6893620,2013-01-25,daytime,6,0.9824464553159874,4.594860365348447e-4,2.3316172432729307,0.144774630665779,0.927270563028211,0.8072769114787922,low_flow,6893620.csv
6893620,2013-01-25,nighttime,6,0.9244682442229916,0.00834211312061399,7.828947368421087,0.144774630665779,0.927270563028211,0.8072769114787922,low_flow,6893620.csv
6893620,2013-01-26,daytime,6,0.992755362759342,7.853703656797172e-5,2.308588801621484,0.144443988800049,0.9274491132008096,0.8005515216442487,low_flow,6893620.csv
6893620,2013-01-26,nighttime,6,0.9471066622069162,0.00412256779169778,2.2773054283845697,0.144443988800049,0.9274491132008096,0.8005515216442487,low_flow,6893620.csv
6893620,2013-01-27,daytime,6,0.5838495554174846,0.22373707365777812,0.771052631578948,0.315226942300797,0.8585882633019879,0.7918541443478951,low_flow,6893620.csv
6893620,2013-01-27,nighttime,6,0.542527772965918,0.26605117212748547,9.187500000000174,0.315226942300797,0.8585882633019879,0.7918541443478951,low_flow,6893620.csv
6893620,2013-01-28,daytime,6,0.4917193770423596,0.32186684346892613,0.5576014536644436,0.569509148597717,0.7900845137483633,0.7837082886957902,low_flow,6893620.csv
6893620,2013-01-28,nighttime,6,-0.9462496349071684,0.00425600748455677,-5.936416184971093,0.569509148597717,0.7900845137483633,0.7837082886957902,low_flow,6893620.csv
6893620,2013-01-29,daytime,6,-0.8674635376888555,0.02518480872399269,-0.2647274505010973,0.773067951202393,0.7337816926556362,0.7781930722533031,low_flow,6893620.csv
6893620,2013-01-29,nighttime,6,-0.9549391580539268,0.00299997165794205,-2.380208333333331,0.773067951202393,0.7337816926556362,0.7781930722533031,low_flow,6893620.csv
6893620,2013-01-30,daytime,6,-0.9053878112104502,0.01300374049309978,-0.8183486238532033,3.16272115707397,0.3873943578145459,0.7734753799150895,low_flow,6893620.csv
6893620,2013-01-30,nighttime,6,-0.7232986874016449,0.1042527980137786,-0.14217831686882257,3.16272115707397,0.3873943578145459,0.7734753799150895,low_flow,6893620.csv
6893620,2013-01-31,daytime,6,-0.438387761904041,0.3845438766512249,-0.5159574468085111,3.19228672981262,0.38531127246756336,0.7538626354005475,low_flow,6893620.csv
6893620,2013-01-31,nighttime,6,NA,NA,1.1794901300031736e-14,3.19228672981262,0.38531127246756336,0.7538626354005475,low_flow,6893620.csv
6893620,2013-02-01,daytime,6,0.8231659449003785,0.04414059908716277,0.40732265446221927,1.23430490493774,0.6008808475181526,0.7209022735388644,normal_flow,6893620.csv
6893620,2013-02-01,nighttime,6,0.5995047460980261,0.20847566443394244,0.5500000000000107,1.23430490493774,0.6008808475181526,0.7209022735388644,normal_flow,6893620.csv
6893620,2013-02-02,daytime,6,0.7270709273863134,0.10157013667752147,0.26746268656715183,0.426281005144119,0.8293655517200333,0.6937507439590525,normal_flow,6893620.csv
6893620,2013-02-02,nighttime,6,0.8874245216580003,0.01829650955266574,1.8431372549019889,0.426281005144119,0.8293655517200333,0.6937507439590525,normal_flow,6893620.csv
6893620,2013-02-03,daytime,6,0.8989276212405095,0.01480717982471417,0.4214046822742401,0.536876380443573,0.7992500892750863,0.6766773796770226,normal_flow,6893620.csv
6893620,2013-02-03,nighttime,6,0.835799575737032,0.03822910118992558,1.2717391304347827,0.536876380443573,0.7992500892750863,0.6766773796770226,normal_flow,6893620.csv
6893620,2013-02-04,daytime,6,0.8949948893427476,0.01596021287460463,0.6392931392931299,0.514486312866211,0.8064516129032258,0.6658532714359402,normal_flow,6893620.csv
6893620,2013-02-04,nighttime,6,0.8951140421062379,0.01592466766862923,3.4411764705882604,0.514486312866211,0.8064516129032258,0.6658532714359402,normal_flow,6893620.csv
6893620,2013-02-05,daytime,6,0.6987083208170632,0.12248988535427235,0.34935416040853257,0.368792057037354,0.8453755505296988,0.6616156806729357,normal_flow,6893620.csv
6893620,2013-02-05,nighttime,6,0.9640244189139964,0.00191808308989022,0.4317673378076076,0.368792057037354,0.8453755505296988,0.6616156806729357,normal_flow,6893620.csv
6893620,2013-02-06,daytime,6,0.6209090398908438,0.18832536144916537,0.28711170491958954,0.324508786201477,0.8564456612308059,0.6625282704439948,normal_flow,6893620.csv
6893620,2013-02-06,nighttime,6,0.8793517473384609,0.02095592327005415,0.33178384660081467,0.324508786201477,0.8564456612308059,0.6625282704439948,normal_flow,6893620.csv
6893620,2013-02-07,daytime,6,-0.9413722440345766,0.00505506258927102,-0.4354366903468474,1.11047840118408,0.6329603618616831,0.6864341546641273,normal_flow,6893620.csv
6893620,2013-02-07,nighttime,6,-0.03728787698901221,0.9440941067832676,-0.06598984771564653,1.11047840118408,0.6329603618616831,0.6864341546641273,normal_flow,6893620.csv
6893620,2013-02-08,daytime,6,0.9647220240139353,0.0018448510361869,0.8390452876376991,2.56262397766113,0.43292465182716344,0.7100583263897156,normal_flow,6893620.csv
6893620,2013-02-08,nighttime,6,-0.961359843889205,0.00221074642850475,-0.14585232452141841,2.56262397766113,0.43292465182716344,0.7100583263897156,normal_flow,6893620.csv
6893620,2013-02-09,daytime,6,0.8676133748724392,0.025129209308928,0.5753001715265836,1.74994719028473,0.5199976193310321,0.7187953815022021,normal_flow,6893620.csv
6893620,2013-02-09,nighttime,6,0.9995072677700364,3.641177616577341e-7,0.6367346938775578,1.74994719028473,0.5199976193310321,0.7187953815022021,normal_flow,6893620.csv
6893620,2013-02-10,daytime,6,0.983097076762202,4.2614856389877143e-4,0.8413461538461514,0.983275890350342,0.6713486489703606,0.7120461849779788,normal_flow,6893620.csv
6893620,2013-02-10,nighttime,6,-0.9676148734655364,0.00155621192858395,-4.132169576059962,0.983275890350342,0.6713486489703606,0.7120461849779788,normal_flow,6893620.csv
6893620,2013-02-11,daytime,6,0.9805456762940824,5.640246204208603e-4,1.2234552038313296,0.898184895515442,0.6962266396857517,0.7059556402015633,normal_flow,6893620.csv
6893620,2013-02-11,nighttime,6,0.9943978662466624,4.698794547542273e-5,0.7243235162206609,0.898184895515442,0.6962266396857517,0.7059556402015633,normal_flow,6893620.csv
6893620,2013-02-12,daytime,6,0.9104772858574398,0.01166274284546538,1.8339882121807465,0.793085515499115,0.7265206523032972,0.697750267825259,normal_flow,6893620.csv
6893620,2013-02-12,nighttime,6,0.2616827476724266,0.6164356158273059,0.03702391496900344,0.793085515499115,0.7265206523032972,0.697750267825259,normal_flow,6893620.csv
6893620,2013-02-13,daytime,6,0.6154465103696282,0.19338792798711532,0.5475134251692705,0.726474583148956,0.7474705392215213,0.6878506527000754,normal_flow,6893620.csv
6893620,2013-02-13,nighttime,6,0.8530774603120269,0.03079359693958025,0.26238286479250866,0.726474583148956,0.7474705392215213,0.6878506527000754,normal_flow,6893620.csv
6893620,2013-02-14,daytime,6,0.8655288072858517,0.02590796472154049,1.1901301711840082,0.732649922370911,0.7459826211165338,0.6780303932071579,normal_flow,6893620.csv
6893620,2013-02-14,nighttime,6,0.8161871472765956,0.04757548966339343,0.4813103737925268,0.732649922370911,0.7459826211165338,0.6780303932071579,normal_flow,6893620.csv
6893620,2013-02-15,daytime,6,0.838316533544633,0.03709898731589416,1.061728395061721,0.755006432533264,0.7396738483513867,0.6834781573622188,normal_flow,6893620.csv
6893620,2013-02-15,nighttime,6,0.923618897399241,0.0085283027938851,0.33597008485546104,0.755006432533264,0.7396738483513867,0.6834781573622188,normal_flow,6893620.csv
6893620,2013-02-16,daytime,6,0.6640930264213252,0.15029946345329892,1.7657657657657744,0.777355313301086,0.7319366742054517,0.702499702416379,normal_flow,6893620.csv
6893620,2013-02-16,nighttime,6,-0.3042514550598357,0.5577049359571299,-0.03702757916240887,0.777355313301086,0.7319366742054517,0.702499702416379,normal_flow,6893620.csv
6893620,2013-02-17,daytime,6,0.6021117972783598,0.20597669304072305,0.4632899628252767,0.78815108537674,0.7281276038566837,0.7165972304884339,normal_flow,6893620.csv
6893620,2013-02-17,nighttime,6,0.8810155151474888,0.02039371147546498,0.23991275899672895,0.78815108537674,0.7281276038566837,0.7165972304884339,normal_flow,6893620.csv
6893620,2013-02-18,daytime,6,-0.24219926244969717,0.6438048691516715,-0.7758620689655124,0.855115473270416,0.7078919176288537,0.7152402491766853,normal_flow,6893620.csv
6893620,2013-02-18,nighttime,6,0.9458188869256544,0.00432386267244732,1.8907766990291437,0.855115473270416,0.7078919176288537,0.7152402491766853,normal_flow,6893620.csv
6893620,2013-02-19,daytime,6,0.9014883915326032,0.01407880072946027,1.0264826557254727,0.944413244724274,0.6833710272586597,0.7059834146728564,normal_flow,6893620.csv
6893620,2013-02-19,nighttime,6,-0.17480684897546725,0.7404605509511777,-0.02610114192495112,0.944413244724274,0.6833710272586597,0.7059834146728564,normal_flow,6893620.csv
6893620,2013-02-20,daytime,6,0.9603192858104506,0.00233059880350296,4.4196567862714415,0.895977973937988,0.6968813236519462,0.6971352616751975,normal_flow,6893620.csv
6893620,2013-02-20,nighttime,6,0.4619065484574923,0.3564158273588961,0.09015686950525806,0.895977973937988,0.6968813236519462,0.6971352616751975,normal_flow,6893620.csv
6893620,2013-02-22,daytime,6,0.9405025847051908,0.00520460492780206,1.8239130434782616,0.829140424728394,0.7146768241875967,0.6908502955997302,normal_flow,6893620.csv
6893620,2013-02-22,nighttime,6,-0.90529641567361685,0.01302846604622919,-2.5869565217391353,0.829140424728394,0.7146768241875967,0.6908502955997302,normal_flow,6893620.csv
6893620,2013-02-23,daytime,6,0.7853320174766635,0.06417731231006489,1.192232503583987,0.819481015205383,0.7182478276395667,0.6766416696425028,normal_flow,6893620.csv
6893620,2013-02-23,nighttime,6,0.5918156458567413,0.21591699115602825,0.4433962264150928,0.819481015205383,0.7182478276395667,0.6766416696425028,normal_flow,6893620.csv
6893620,2013-02-24,daytime,6,0.8572822384263319,0.02909907586775445,1.1736028537455343,0.778387725353241,0.7314605404118557,0.6558108161726779,normal_flow,6893620.csv
6893620,2013-02-24,nighttime,6,-0.17174215490355135,0.7449195666549979,-0.04604154969118066,0.778387725353241,0.7314605404118557,0.6558108161726779,normal_flow,6893620.csv
6893620,2013-02-27,daytime,6,0.9244804265771908,0.00833945711394759,7.235051546391738,1.27332592010498,0.5937983573384121,0.5959885727889537,normal_flow,6893620.csv
6893620,2013-02-27,nighttime,6,0.9550230183180096,0.00298890070421579,11.500000000000004,1.27332592010498,0.5937983573384121,0.5959885727889537,normal_flow,6893620.csv
6893620,2013-02-28,daytime,6,0.9834686089922916,4.0767142676783995e-4,4.882352941176463,0.891915082931519,0.6982502083085347,0.5810617783597191,normal_flow,6893620.csv
6893620,2013-02-28,nighttime,6,0.8983161426855748,0.01498372470429205,6.093841642228751,0.891915082931519,0.6982502083085347,0.5810617783597191,normal_flow,6893620.csv
6893620,2013-03-01,daytime,6,0.8519797033967496,0.03124344935311741,4.687242798353918,0.881577551364899,0.7009284608975122,0.5637186049279848,normal_flow,6893620.csv
6893620,2013-03-01,nighttime,6,0.8968020433472547,0.01542520764451453,7.333333333333361,0.881577551364899,0.7009284608975122,0.5637186049279848,normal_flow,6893620.csv
6893620,2013-03-02,daytime,6,0.8742834996165346,0.02271350578394548,0.8427419354838607,1.69589293003082,0.526544458992977,0.5442367972066817,normal_flow,6893620.csv
6893620,2013-03-02,nighttime,6,0.9898251395202876,1.547649882843724e-4,3.9032258064516334,1.69589293003082,0.526544458992977,0.5442367972066817,normal_flow,6893620.csv
6893620,2013-03-03,daytime,6,0.915976092986006,0.01029342032098677,1.2309734513274253,2.72913599014282,0.4194738721580764,0.5160853866603182,normal_flow,6893620.csv
6893620,2013-03-03,nighttime,6,0.95034809799471,0.00363676335976841,4.875486381322953,2.72913599014282,0.4194738721580764,0.5160853866603182,normal_flow,6893620.csv
6893620,2013-03-04,daytime,6,0.9830351863687992,4.292660740536699e-4,1.1424159231297155,3.6357102394104,0.35698131174860137,0.48555330714597467,normal_flow,6893620.csv
6893620,2013-03-04,nighttime,6,0.9851247744890912,3.30262763066803e-4,2.5741811175337257,3.6357102394104,0.35698131174860137,0.48555330714597467,normal_flow,6893620.csv
6893620,2013-03-05,daytime,6,0.9955791240524852,2.9273015096592517e-5,2.9801390268123225,3.0893087387085,0.3914414950601119,0.46271475617981983,normal_flow,6893620.csv
6893620,2013-03-05,nighttime,6,0.8590023383026603,0.02841897013671258,0.3552410650036056,3.0893087387085,0.3914414950601119,0.46271475617981983,normal_flow,6893620.csv
6893620,2013-03-06,daytime,6,0.9626345503092412,0.00206818085832747,1.8505032321413917,2.15631723403931,0.47363409117962146,0.4473634091179622,normal_flow,6893620.csv
6893620,2013-03-06,nighttime,6,0.9538231472255316,0.00314922110665414,2.4088200238379067,2.15631723403931,0.47363409117962146,0.4473634091179622,normal_flow,6893620.csv
6893620,2013-03-07,daytime,6,0.9894034230715146,1.6783623264014915e-4,1.4852243706676431,2.1623215675354,0.47297940721342696,0.42935761615680673,normal_flow,6893620.csv
6893620,2013-03-07,nighttime,6,0.9995934930971084,2.478382059493145e-7,1.7488544236869967,2.1623215675354,0.47297940721342696,0.42935761615680673,normal_flow,6893620.csv
6893620,2013-03-08,daytime,6,0.934560014128968,0.00628346779836799,1.6294683088014366,2.39084649085999,0.4489941673610284,0.4039638138316866,normal_flow,6893620.csv
6893620,2013-03-08,nighttime,6,0.9890085819379298,1.805529629296348e-4,1.3184357541899476,2.39084649085999,0.4489941673610284,0.4039638138316866,normal_flow,6893620.csv
6893620,2013-03-12,daytime,6,0.9938897692908644,5.588831649302333e-5,0.6311764046203869,4.64972114562988,0.3084156648018093,0.35285878665238263,normal_flow,6893620.csv
6893620,2013-03-12,nighttime,6,0.05864701970162835,0.9121303278656052,0.01597444089457106,4.64972114562988,0.3084156648018093,0.35285878665238263,normal_flow,6893620.csv
6893620,2013-03-13,daytime,6,0.9873489266658746,2.3906208478735296e-4,1.5794636466972598,4.21998929977417,0.3271039162004523,0.34841487124548665,normal_flow,6893620.csv
6893620,2013-03-13,nighttime,6,0.9192470599304776,0.00951825952646268,0.5301868711068524,4.21998929977417,0.3271039162004523,0.34841487124548665,normal_flow,6893620.csv
6893620,2013-03-14,daytime,6,0.983253725495536,4.1830842123361694e-4,0.5485749520416541,4.29622173309326,0.32371146292108083,0.33905487441971194,normal_flow,6893620.csv
6893620,2013-03-14,nighttime,6,0.9980642630893328,5.616989402975275e-6,1.482526057633355,4.29622173309326,0.32371146292108083,0.33905487441971194,normal_flow,6893620.csv
6893620,2013-03-15,daytime,6,0.9947381203662948,4.1458222096094074e-5,1.0042749956377606,4.43692064285278,0.3173431734317343,0.3305003372614371,normal_flow,6893620.csv
6893620,2013-03-15,nighttime,6,0.9867808890473518,2.609623554940356e-4,0.9319105691056908,4.43692064285278,0.3173431734317343,0.3305003372614371,normal_flow,6893620.csv
6893620,2013-03-16,daytime,6,0.9850871231192118,3.3193257889085556e-4,5.681908548707736,4.5070915222168,0.3140102368765623,0.3241360155537039,normal_flow,6893620.csv
6893620,2013-03-16,nighttime,6,0.9832354343003022,4.192201484959863e-4,1.5144076840981855,4.5070915222168,0.3140102368765623,0.3241360155537039,normal_flow,6893620.csv
6893620,2013-03-17,daytime,6,-0.6739256559910282,0.14215187455255168,-2.444444444444417,4.56138229370117,0.3113915010117843,0.3186366702376701,normal_flow,6893620.csv
6893620,2013-03-17,nighttime,6,0.9983442712421902,4.109887040522971e-6,2.201423909819048,4.56138229370117,0.3113915010117843,0.3186366702376701,normal_flow,6893620.csv
6893620,2013-03-18,daytime,6,0.9972621071474866,1.123382420695249e-5,1.3010983763132744,4.81989765167236,0.3013331746220688,0.32201722017220175,normal_flow,6893620.csv
6893620,2013-03-18,nighttime,6,0.9927102921281248,7.951607432781756e-5,4.210140500916309,4.81989765167236,0.3013331746220688,0.32201722017220175,normal_flow,6893620.csv
6893620,2013-03-19,daytime,6,0.9949239685757784,3.858374777552686e-5,5.363388804841145,4.58190155029297,0.31061778359719083,0.32857993096059995,normal_flow,6893620.csv
6893620,2013-03-19,nighttime,6,0.9888043483328424,1.873122782431854e-4,2.7932662051604833,4.58190155029297,0.31061778359719083,0.32857993096059995,normal_flow,6893620.csv
6893620,2013-03-20,daytime,6,0.9892386274872474,1.7308758565958473e-4,1.6498733464677742,4.26398611068726,0.3247827639566718,0.33213903106773,normal_flow,6893620.csv
6893620,2013-03-20,nighttime,6,0.9983526986904796,4.068167346783344e-6,2.241379310344829,4.26398611068726,0.3247827639566718,0.33213903106773,normal_flow,6893620.csv
6893620,2013-03-21,daytime,6,-0.90000135869084,0.01449961277560277,-4.156928213689447,4.09159421920776,0.33323413879300084,0.33011546244494705,normal_flow,6893620.csv
6893620,2013-03-21,nighttime,6,0.976749980521402,8.045610537761643e-4,1.6566179934055614,4.09159421920776,0.33323413879300084,0.33011546244494705,normal_flow,6893620.csv
6893620,2013-03-22,daytime,6,0.9979516792787614,6.289129680167538e-6,3.7428803905614254,3.86801719665527,0.34466134983930485,0.3280601515692576,normal_flow,6893620.csv
6893620,2013-03-22,nighttime,6,0.8021776528825394,0.05482976321332322,6.200000000000036,3.86801719665527,0.34466134983930485,0.3280601515692576,normal_flow,6893620.csv
6893620,2013-03-23,daytime,6,0.8930997852165492,0.0165306744449222,2.975834292289982,3.68791103363037,0.35352934174503037,0.32809586160377735,normal_flow,6893620.csv
6893620,2013-03-23,nighttime,6,-0.6232787956764775,0.1861463756627007,-9.681818181818151,3.68791103363037,0.35352934174503037,0.32809586160377735,normal_flow,6893620.csv
6893620,2013-03-24,daytime,6,0.9969411437163256,1.402059239621168e-5,3.135420902806011,3.93947529792786,0.33995952862754436,0.32750862992500895,normal_flow,6893620.csv
6893620,2013-03-24,nighttime,6,0.9005686689466994,0.01433836601104077,1.5366056572379367,3.93947529792786,0.33995952862754436,0.32750862992500895,normal_flow,6893620.csv
6893620,2013-03-25,daytime,6,0.9943177435689464,4.834032276616754e-5,1.606907566380516,3.82401609420776,0.3466849184620878,0.3267547514184819,normal_flow,6893620.csv
6893620,2013-03-25,nighttime,6,0.995755125493928,2.699019524739443e-5,2.3975694444444486,3.82401609420776,0.3466849184620878,0.3267547514184819,normal_flow,6893620.csv
6893620,2013-03-26,daytime,6,0.9988415394054638,2.0122690786539645e-6,1.0878042378195476,3.4015326499939,0.3719200095226759,0.32723882077530453,normal_flow,6893620.csv
6893620,2013-03-26,nighttime,6,0.9936317678489304,6.0702441239257855e-5,2.7667083854818566,3.4015326499939,0.3719200095226759,0.32723882077530453,normal_flow,6893620.csv
6893620,2013-03-27,daytime,6,0.9991532527601356,1.0751677815330126e-6,1.7875588697017288,3.56819629669189,0.3618021664087608,0.32748085545371586,normal_flow,6893620.csv
6893620,2013-03-27,nighttime,6,0.9882792676282808,2.0525827986466277e-4,2.4517374517374484,3.56819629669189,0.3618021664087608,0.32748085545371586,normal_flow,6893620.csv
6893620,2013-03-28,daytime,6,0.9962612142129172,2.0941647398155912e-5,1.5553166859599787,4.96218156814575,0.2967503868587073,0.32723088521207794,normal_flow,6893620.csv
6893620,2013-03-28,nighttime,6,-0.02033277129258661,0.9695050460644226,-0.17766497461906003,4.96218156814575,0.2967503868587073,0.32723088521207794,normal_flow,6893620.csv
6893620,2013-03-29,daytime,6,0.999607298971967,2.312908661100061e-7,2.0673662345104247,5.04823160171509,0.2928817997857398,0.32695710828076024,normal_flow,6893620.csv
6893620,2013-03-29,nighttime,6,0.9355294292492752,0.00610069724265717,2.8902134204960506,5.04823160171509,0.2928817997857398,0.32695710828076024,normal_flow,6893620.csv
6893620,2013-03-30,daytime,6,0.9747620075347238,9.47396646824312e-4,2.3041177058020725,4.4275860786438,0.3178788239495298,0.3266952346942824,normal_flow,6893620.csv
6893620,2013-03-30,nighttime,6,0.9974010967173962,1.0122670524517407e-5,2.412865650153783,4.4275860786438,0.3178788239495298,0.3266952346942824,normal_flow,6893620.csv
6893620,2013-03-31,daytime,6,0.9882392152381309,2.0666073462763577e-4,1.85156315247348,4.72774410247803,0.3052017616950363,0.3268301392691346,normal_flow,6893620.csv
6893620,2013-03-31,nighttime,6,0.9713175473591904,0.00122222634986204,4.444565217391285,4.72774410247803,0.3052017616950363,0.3268301392691346,normal_flow,6893620.csv
6893620,2013-04-01,daytime,6,0.9723305904733216,0.00113780253761175,2.3029626623376673,4.85693216323853,0.3000833234138793,0.3216045708844185,normal_flow,6893620.csv
6893620,2013-04-01,nighttime,6,0.9821163465652548,4.768777699931669e-4,1.9700191367212403,4.85693216323853,0.3000833234138793,0.3216045708844185,normal_flow,6893620.csv
6893620,2013-04-02,daytime,6,0.9928415440538594,7.668182516092168e-5,1.3961251591777302,4.6407356262207,0.3085942149744078,0.3166448438677935,normal_flow,6893620.csv
6893620,2013-04-02,nighttime,6,0.9994194235450662,5.055056828669074e-7,1.723773006134968,4.6407356262207,0.3085942149744078,0.3166448438677935,normal_flow,6893620.csv
6893620,2013-04-03,daytime,6,0.9824548399103752,4.5904847735848714e-4,2.1716171617161644,4.50330352783203,0.3142483037733603,0.30745942943300403,normal_flow,6893620.csv
6893620,2013-04-03,nighttime,6,0.9979008665268724,6.604917236716837e-6,2.2733057943507857,4.50330352783203,0.3142483037733603,0.30745942943300403,normal_flow,6893620.csv
6893620,2013-04-04,daytime,6,0.9949528223801068,3.814671698392014e-5,0.947394510192702,4.35897922515869,0.3210332103321033,0.2960163472602468,normal_flow,6893620.csv
6893620,2013-04-04,nighttime,6,0.9923965940839776,8.649788906487715e-5,3.14173228346456,4.35897922515869,0.3210332103321033,0.2960163472602468,normal_flow,6893620.csv
6893620,2013-04-05,daytime,6,0.972339573940552,0.00113706727017821,1.1323185988323563,4.16562461853027,0.32912748482323534,0.29021148275998887,normal_flow,6893620.csv
6893620,2013-04-05,nighttime,6,0.9962701057548,2.0842221269035305e-5,1.5075093867334162,4.16562461853027,0.32912748482323534,0.29021148275998887,normal_flow,6893620.csv
6893620,2013-04-06,daytime,6,0.9364753855219966,0.00592489209405822,0.942797688884953,3.93041944503784,0.34073324604213784,0.2866722215609253,normal_flow,6893620.csv
6893620,2013-04-06,nighttime,6,0.9908148857715522,1.261620279257682e-4,2.0951086956521694,3.93041944503784,0.34073324604213784,0.2866722215609253,normal_flow,6893620.csv
6893620,2013-04-07,daytime,6,0.7344501103885981,0.09641225903337568,1.2596278667243632,3.65799474716187,0.35555291036781334,0.28167678450978056,normal_flow,6893620.csv
6893620,2013-04-07,nighttime,6,0.9985382121404716,3.2036738278919583e-6,1.0533853063299654,3.65799474716187,0.35555291036781334,0.28167678450978056,normal_flow,6893620.csv
6893620,2013-04-08,daytime,6,-0.8559018943413536,0.0296503505237974,-0.0978734645357305,6.24045372009277,0.26157600285680277,0.2768519620680078,normal_flow,6893620.csv
6893620,2013-04-08,nighttime,6,-0.9123944788451672,0.01117591676118354,-0.26548759038498976,6.24045372009277,0.26157600285680277,0.2768519620680078,normal_flow,6893620.csv
6893620,2013-04-09,daytime,6,0.9674514931567432,0.0015718669162969,0.9537037037037036,5.80794382095337,0.27228901321271276,0.2723604332817522,normal_flow,6893620.csv
6893620,2013-04-09,nighttime,6,0.08970098120796323,0.865809407167016,0.02061855670105086,5.80794382095337,0.27228901321271276,0.2723604332817522,normal_flow,6893620.csv
6893620,2013-04-10,daytime,6,-0.6241398439405937,0.1853572422065183,-0.3508928571428502,7.89607191085815,0.23413879300083323,0.2674284807364203,normal_flow,6893620.csv
6893620,2013-04-10,nighttime,6,-0.9434879719422388,0.00470017530318869,-0.27795738427626754,7.89607191085815,0.23413879300083323,0.2674284807364203,normal_flow,6893620.csv
6893620,2013-04-11,daytime,6,0.7645699934184429,0.07661630860928777,0.6568848758464976,12.3089723587036,0.1901559338174027,0.25944133634884736,normal_flow,6893620.csv
6893620,2013-04-11,nighttime,6,-0.9297532885889884,0.00722858096872909,-0.1551240318778738,12.3089723587036,0.1901559338174027,0.25944133634884736,normal_flow,6893620.csv
6893620,2013-04-12,daytime,6,0.5917963020106664,0.21593584460724277,0.16383169203222706,9.93885517120361,0.20967741935483872,0.25032337420148393,normal_flow,6893620.csv
6893620,2013-04-12,nighttime,6,-0.8554403912384634,0.02983575492640522,-0.09000481309160395,9.93885517120361,0.20967741935483872,0.25032337420148393,normal_flow,6893620.csv
6893620,2013-04-13,daytime,6,0.7458276781896249,0.0886951341745583,0.12246068152031292,7.55622863769531,0.23979288179978575,0.2414355433876919,high_flow,6893620.csv
6893620,2013-04-13,nighttime,6,-0.02205437982092445,0.9669237938460302,-0.00511554065972461,7.55622863769531,0.23979288179978575,0.2414355433876919,high_flow,6893620.csv
6893620,2013-04-14,daytime,6,0.41645786054977946,0.4114278413093176,0.28404890531702964,7.3519868850708,0.24294726818235923,0.23239296909098123,high_flow,6893620.csv
6893620,2013-04-14,nighttime,6,0.8074659703722366,0.05203547293456935,1.1084840055632807,7.3519868850708,0.24294726818235923,0.23239296909098123,high_flow,6893620.csv
6893620,2013-04-15,daytime,6,-0.9567050711055216,0.00277109919344425,-4.472980825101675,7.99148893356323,0.23282942506844423,0.22259254850613025,high_flow,6893620.csv
6893620,2013-04-15,nighttime,6,0.9463033434469256,0.00424758377226453,1.7626459143968862,7.99148893356323,0.23282942506844423,0.22259254850613025,high_flow,6893620.csv
6893620,2013-04-16,daytime,6,0.9818424965218584,4.915491803957555e-4,8.559352517985673,7.99907255172729,0.23271039162004525,0.21823989207634012,high_flow,6893620.csv
6893620,2013-04-16,nighttime,6,0.9755618748666276,8.885354475556989e-4,2.117736230419398,7.99907255172729,0.23271039162004525,0.21823989207634012,high_flow,6893620.csv
6893620,2013-04-17,daytime,6,0.8839475975896686,0.01942073398968599,3.4761904761905025,7.86750602722168,0.23461492679442925,0.2121969606792842,high_flow,6893620.csv
6893620,2013-04-17,nighttime,6,0.9923216839170748,8.820846333750421e-5,6.548812664907614,7.86750602722168,0.23461492679442925,0.2121969606792842,high_flow,6893620.csv
6893620,2013-04-18,daytime,6,0.47678142700983434,0.33901896262161413,0.18226600985221464,11.6498489379883,0.1944411379597667,0.20943141689481412,high_flow,6893620.csv
6893620,2013-04-18,nighttime,6,-0.900811936822685,0.01426948824906139,-1.3286685325869618,11.6498489379883,0.1944411379597667,0.20943141689481412,high_flow,6893620.csv
6893620,2013-04-19,daytime,6,-0.302766139501289,0.5597276733508203,-0.06304701011477527,13.4998950958252,0.18426377812165215,0.2107050747926834,high_flow,6893620.csv
6893620,2013-04-19,nighttime,6,-0.959090182126099,0.00247618619214313,-0.21480582524271852,13.4998950958252,0.18426377812165215,0.2107050747926834,high_flow,6893620.csv
6893620,2013-04-20,daytime,6,0.8051534954744994,0.05324905109709214,0.34368468199462443,11.448371887207,0.1958100226163552,0.20931238344641512,high_flow,6893620.csv
6893620,2013-04-20,nighttime,6,-0.8327712645314846,0.03960986153225358,-0.16704225352112517,11.448371887207,0.1958100226163552,0.20931238344641512,high_flow,6893620.csv
6893620,2013-04-21,daytime,6,0.9511729933492316,0.00351791120623471,1.1224999999999994,10.363184928894,0.2050946315914772,0.20586041344284411,high_flow,6893620.csv
6893620,2013-04-21,nighttime,6,0.918609976505647,0.00966692645835583,0.7170087976539571,10.363184928894,0.2050946315914772,0.20586041344284411,high_flow,6893620.csv
6893620,2013-04-22,daytime,6,0.8230974739810346,0.04417371718926444,1.7387026239067065,10.0612449645996,0.2085466015950482,0.203451970003571,high_flow,6893620.csv
6893620,2013-04-22,nighttime,6,0.9666676057111628,0.00164805581005131,1.4314150304671631,10.0612449645996,0.2085466015950482,0.203451970003571,high_flow,6893620.csv
6893620,2013-04-23,daytime,6,-0.7591635733136273,0.08001875721084559,-1.090909090909,11.3719434738159,0.1962861564099512,0.2024877990715391,high_flow,6893620.csv
6893620,2013-04-23,nighttime,6,0.8201670983157596,0.04560192223384051,0.7785381479324388,11.3719434738159,0.1962861564099512,0.2024877990715391,high_flow,6893620.csv
6893620,2013-04-24,daytime,6,0.9868910097076676,2.566420784020148e-4,0.9175622862725932,14.1438608169556,0.1816450422568742,0.2020196008411697,high_flow,6893620.csv
6893620,2013-04-24,nighttime,6,0.8154362930105056,0.04795217581794075,0.5389105058365741,14.1438608169556,0.1816450422568742,0.2020196008411697,high_flow,6893620.csv
6893620,2013-04-25,daytime,6,0.9937342466371843,5.876650211581453e-5,1.0330159062369202,11.9394454956055,0.19265563623378168,0.2016863071856525,high_flow,6893620.csv
6893620,2013-04-25,nighttime,6,0.8658233687093234,0.02579723691591165,1.0153814602132891,11.9394454956055,0.19265563623378168,0.2016863071856525,high_flow,6893620.csv
6893620,2013-04-26,daytime,6,0.9514258826823822,0.00348186333374126,5.458823529411795,9.99771022796631,0.20926080228544225,0.2040431694639527,high_flow,6893620.csv
6893620,2013-04-26,nighttime,6,0.9828222219117908,4.4007971453232395e-4,3.420385395537502,9.99771022796631,0.20926080228544225,0.2040431694639527,high_flow,6893620.csv
6893620,2013-04-27,daytime,6,0.9724490291816578,0.00112812762479294,1.321528054118583,12.5660057067871,0.18878704916081415,0.2071697813752331,high_flow,6893620.csv
6893620,2013-04-27,nighttime,6,-0.22424832164045325,0.6692659399459056,-0.15668789808915914,12.5660057067871,0.18878704916081415,0.2071697813752331,high_flow,6893620.csv
6893620,2013-04-28,daytime,6,0.8354153236738541,0.03840302914622057,0.4549483013293944,12.7074508666992,0.18801333174622067,0.2087886362734595,high_flow,6893620.csv
6893620,2013-04-28,nighttime,6,0.8110670527602082,0.05017144484205615,0.3255854293148347,12.7074508666992,0.18801333174622067,0.2087886362734595,high_flow,6893620.csv
6893620,2013-04-29,daytime,6,0.8871602151752701,0.01838084139147387,0.6642134385524148,10.1872062683105,0.2068206165932627,0.2098877117803436,high_flow,6893620.csv
6893620,2013-04-29,nighttime,6,0.942335474441382,0.00489192329350985,1.3873975245137418,10.1872062683105,0.2068206165932627,0.2098877117803436,high_flow,6893620.csv
6893620,2013-04-30,daytime,6,0.849274808763386,0.03236503118702102,0.7287965616045841,9.05495738983154,0.2183668610879657,0.2116136967821291,high_flow,6893620.csv
6893620,2013-04-30,nighttime,6,0.9682387815867776,0.00149714253116415,1.2337602927721891,9.05495738983154,0.2183668610879657,0.2116136967821291,high_flow,6893620.csv
6893620,2013-05-01,daytime,6,0.7676293676361349,0.07472061097360273,0.5601988871788799,8.48953342437744,0.22568741816450424,0.2153751537515375,high_flow,6893620.csv
6893620,2013-05-01,nighttime,6,0.979218558576521,6.433150384873217e-4,0.6928813559322047,8.48953342437744,0.22568741816450424,0.2153751537515375,high_flow,6893620.csv
6893620,2013-05-02,daytime,6,-0.965929989184879,0.00172137480651146,-0.8281070745697864,8.19930458068848,0.22961552196167123,0.219640518985835,high_flow,6893620.csv
6893620,2013-05-02,nighttime,6,0.4079069712844999,0.4220749754711596,0.10191270954877844,8.19930458068848,0.22961552196167123,0.219640518985835,high_flow,6893620.csv
6893620,2013-05-03,daytime,6,0.6901592529798386,0.12912937729697774,0.5334224598930457,8.19106006622314,0.22979407213426972,0.22185454112605643,high_flow,6893620.csv
6893620,2013-05-03,nighttime,6,-0.9660393464375312,0.00171040513338293,-0.4964705882352839,8.19106006622314,0.22979407213426972,0.22185454112605643,high_flow,6893620.csv
6893620,2013-05-04,daytime,6,0.7975198222638179,0.05734666988732617,0.34907985540584774,8.08784198760986,0.23116295679085824,0.22310439233424592,high_flow,6893620.csv
6893620,2013-05-04,nighttime,6,-0.9300733490585908,0.00716364331869162,-0.5426770126091078,8.08784198760986,0.23116295679085824,0.22310439233424592,high_flow,6893620.csv
6893620,2013-05-05,daytime,6,0.9556028825347572,0.00291290039005107,1.4793715011525606,8.91770076751709,0.2200928460897512,0.22723882077530452,high_flow,6893620.csv
6893620,2013-05-05,nighttime,6,0.5943823033878486,0.2134213027682867,1.776000000000077,8.91770076751709,0.2200928460897512,0.22723882077530452,high_flow,6893620.csv
6893620,2013-05-06,daytime,6,0.9914014934659308,1.1058360958098645e-4,1.2903463231911685,8.79804611206055,0.2215807641947387,0.23252787366583344,high_flow,6893620.csv
6893620,2013-05-06,nighttime,6,0.8769148407964418,0.02179256722554258,3.643749999999986,8.79804611206055,0.2215807641947387,0.23252787366583344,high_flow,6893620.csv
6893620,2013-05-07,daytime,6,0.9741224597329224,9.958062256396815e-4,1.117730263157894,7.88122320175171,0.23443637662183073,0.23739237392373924,high_flow,6893620.csv
6893620,2013-05-07,nighttime,6,0.9011162386085594,0.01418355477662306,1.067857142857142,7.88122320175171,0.23443637662183073,0.23739237392373924,high_flow,6893620.csv
6893620,2013-05-08,daytime,6,0.9928273648668382,7.698553794506387e-5,1.6769486193638647,6.71854019165039,0.25270801095107726,0.24259810340038884,high_flow,6893620.csv
6893620,2013-05-08,nighttime,6,0.95142768427557,0.00348160718211652,1.306036615536862,6.71854019165039,0.25270801095107726,0.24259810340038884,high_flow,6893620.csv
6893620,2013-05-09,daytime,6,0.8099777553164254,0.05073197552122998,1.0467893957884358,7.14966440200806,0.24562552077133676,0.24877593937229697,high_flow,6893620.csv
6893620,2013-05-09,nighttime,6,0.8374355996446753,0.03749271671294155,1.6186440677966236,7.14966440200806,0.24562552077133676,0.24877593937229697,high_flow,6893620.csv
6893620,2013-05-10,daytime,6,0.9563664708299824,0.00281429069378772,5.079170593779459,8.45995712280273,0.2258659683371027,0.2562194976788478,normal_flow,6893620.csv
6893620,2013-05-10,nighttime,6,0.9643724204264308,0.00188137516090567,1.330711757766415,8.45995712280273,0.2258659683371027,0.2562194976788478,normal_flow,6893620.csv
6893620,2013-05-11,daytime,6,0.9991168923516314,1.1694743193035253e-6,1.0180946593747917,8.35084247589111,0.22800857040828473,0.26538507320557075,normal_flow,6893620.csv
6893620,2013-05-11,nighttime,6,0.9718205916854024,0.00117993024050749,1.2066539470546156,8.35084247589111,0.22800857040828473,0.26538507320557075,normal_flow,6893620.csv
6893620,2013-05-12,daytime,6,0.9991277124331496,1.1409965433984109e-6,0.9134459378682552,6.83269548416138,0.25080347577669326,0.2749672658016903,normal_flow,6893620.csv
6893620,2013-05-12,nighttime,6,0.9846686745111216,3.507725013574706e-4,0.7372897372897371,6.83269548416138,0.25080347577669326,0.2749672658016903,normal_flow,6893620.csv
6893620,2013-05-13,daytime,6,0.9897691540222204,1.5646988173604457e-4,0.7751258798231664,6.03263759613037,0.26734912510415426,0.28021664087608616,normal_flow,6893620.csv
6893620,2013-05-13,nighttime,6,0.9847123622355204,3.4878135143410365e-4,1.0596609292092647,6.03263759613037,0.26734912510415426,0.28021664087608616,normal_flow,6893620.csv
6893620,2013-05-14,daytime,6,0.984489544921753,3.5899561731065667e-4,0.6878393290664317,5.52011156082153,0.27978812046184975,0.2862913145260485,normal_flow,6893620.csv
6893620,2013-05-14,nighttime,6,0.9580972979174184,0.0025969675170687,2.523999999999992,5.52011156082153,0.27978812046184975,0.2862913145260485,normal_flow,6893620.csv
6893620,2013-05-15,daytime,6,0.998343082989308,4.115786542057026e-6,0.8013681987252637,4.97252035140991,0.2964528032377098,0.2976788477562195,normal_flow,6893620.csv
6893620,2013-05-15,nighttime,6,0.9762235639160476,8.412577347821467e-4,1.5576496674057612,4.97252035140991,0.2964528032377098,0.2976788477562195,normal_flow,6893620.csv
6893620,2013-05-16,daytime,6,0.9992820131127612,7.730726923940225e-7,1.1095378735232784,4.42129039764404,0.31835495774312583,0.31265722334642704,normal_flow,6893620.csv
6893620,2013-05-16,nighttime,6,0.9970397989719196,1.3131215379800304e-5,1.287411808392115,4.42129039764404,0.31835495774312583,0.31265722334642704,normal_flow,6893620.csv
6893620,2013-05-17,daytime,6,0.9943790445209676,4.730391330685064e-5,1.695912722802711,3.92189288139343,0.34126889655993337,0.33039717493949133,normal_flow,6893620.csv
6893620,2013-05-17,nighttime,6,0.9954839023455596,3.0546653819164494e-5,0.9361814345991574,3.92189288139343,0.34126889655993337,0.33039717493949133,normal_flow,6893620.csv
6893620,2013-05-18,daytime,6,0.9716702912561536,0.00119249027513309,1.282704205146599,3.46686410903931,0.36727770503511487,0.3511328016505971,normal_flow,6893620.csv
6893620,2013-05-18,nighttime,6,0.9717347222266256,0.00118709795977694,3.367857142857105,3.46686410903931,0.36727770503511487,0.3511328016505971,normal_flow,6893620.csv
6893620,2013-05-19,daytime,6,-0.5549735015199163,0.25300444251318033,-0.7520529197080426,3.34074592590332,0.3748958457326509,0.3735785422370353,normal_flow,6893620.csv
6893620,2013-05-19,nighttime,6,0.9956775657663788,2.7984777590603067e-5,1.650511739915716,3.34074592590332,0.3748958457326509,0.3735785422370353,normal_flow,6893620.csv
6893620,2013-05-20,daytime,6,0.9621053446016776,0.00212679890607152,0.5935109469796921,4.89530658721924,0.2988334722056898,0.3841804547077729,normal_flow,6893620.csv
6893620,2013-05-20,nighttime,6,0.9433709807804176,0.00471946845993333,0.667329093799679,4.89530658721924,0.2988334722056898,0.3841804547077729,normal_flow,6893620.csv
6893620,2013-05-21,daytime,6,0.9777217943337282,7.389491293360488e-4,0.7177254945176029,4.5349645614624,0.3127008689441733,0.3796175058524779,normal_flow,6893620.csv
6893620,2013-05-21,nighttime,6,0.9803370917888098,5.761438042816174e-4,0.4314472252448298,4.5349645614624,0.3127008689441733,0.3796175058524779,normal_flow,6893620.csv
6893620,2013-05-22,daytime,6,0.8780123450643523,0.02141383352306631,1.8500000000000312,2.92570543289185,0.4052493750743959,0.375360076181407,normal_flow,6893620.csv
6893620,2013-05-22,nighttime,6,0.9946550572301972,4.277627155188064e-5,0.5158779191894217,2.92570543289185,0.4052493750743959,0.375360076181407,normal_flow,6893620.csv
6893620,2013-05-23,daytime,6,0.9767940012274788,8.015291401240092e-4,1.0805008944543897,2.13357496261597,0.47738364480419,0.3734753799150895,normal_flow,6893620.csv
6893620,2013-05-23,nighttime,6,0.8288539910081675,0.0414299194475695,0.3345813988318095,2.13357496261597,0.47738364480419,0.3734753799150895,normal_flow,6893620.csv
6893620,2013-05-24,daytime,6,0.9980539502408584,5.676979545657345e-6,0.3317688078315662,1.81555533409119,0.5117247946673015,0.3627980795936992,normal_flow,6893620.csv
6893620,2013-05-24,nighttime,6,0.6459195302426066,0.1658634069345598,0.23470873786407803,1.81555533409119,0.5117247946673015,0.3627980795936992,normal_flow,6893620.csv
6893620,2013-05-25,daytime,6,0.8354520885525781,0.03838637186997395,0.16474703982777103,1.62345361709595,0.5369003690036901,0.34884339165972306,normal_flow,6893620.csv
6893620,2013-05-25,nighttime,6,0.9852076078310557,3.2660390146404405e-4,0.9971447397320324,1.62345361709595,0.5369003690036901,0.34884339165972306,normal_flow,6893620.csv
6893620,2013-05-26,daytime,6,0.9828579688415588,4.382552620080118e-4,0.2479280132607168,1.44763839244843,0.5646946792048566,0.3330317819307225,normal_flow,6893620.csv
6893620,2013-05-26,nighttime,6,0.9735919268425368,0.00103687117725191,0.8406128515892919,1.44763839244843,0.5646946792048566,0.3330317819307225,normal_flow,6893620.csv
6893620,2013-05-27,daytime,6,-0.9434991894240666,0.00469832744970903,-1.412644889357211,2.85438442230225,0.4098321628377574,0.31670436059199303,normal_flow,6893620.csv
6893620,2013-05-27,nighttime,6,0.98916094715749725,1.7559088636172934e-4,0.7134888438133876,2.85438442230225,0.4098321628377574,0.31670436059199303,normal_flow,6893620.csv
6893620,2013-05-30,daytime,6,-0.05824401196466994,0.9127327745247732,-0.0549898167006339,5.99579858779907,0.26818235924294725,0.2749593302384637,normal_flow,6893620.csv
6893620,2013-05-30,nighttime,6,-0.9530808454695942,0.00325046651371256,-1.0198796756473834,5.99579858779907,0.26818235924294725,0.2749593302384637,normal_flow,6893620.csv
6893620,2013-05-31,daytime,6,-0.990724138968706,1.286633418554324e-4,-0.43202668890742824,21.9267578125,0.15819545292227116,0.2522001349045749,normal_flow,6893620.csv
6893620,2013-05-31,nighttime,6,-0.9774742538104104,7.553989762037322e-4,-0.961783439490435,21.9267578125,0.15819545292227116,0.2522001349045749,normal_flow,6893620.csv
6893620,2013-06-01,daytime,6,0.1127646024823318,0.8315700454759583,0.06923076923075869,48.0291900634766,0.13194857755029163,0.22801253818989803,high_flow,6893620.csv
6893620,2013-06-01,nighttime,6,-0.8883503690078292,0.01800256809237037,-1.4046052631579156,48.0291900634766,0.13194857755029163,0.22801253818989803,high_flow,6893620.csv
6893620,2013-06-02,daytime,6,0.4437843776249238,0.37802389612314624,0.1207079646017664,51.0848846435547,0.13010355910010712,0.20267031702575092,high_flow,6893620.csv
6893620,2013-06-02,nighttime,6,-0.8413921184813968,0.03573968369984517,-0.22855701311806087,51.0848846435547,0.13010355910010712,0.20267031702575092,high_flow,6893620.csv
6893620,2013-06-03,daytime,6,-0.9483707760736916,0.0039295543150485,-0.2379868242588654,51.3146171569824,0.12998452565170812,0.17570527318176407,high_flow,6893620.csv
6893620,2013-06-03,nighttime,6,-0.8880285494759252,0.01810448164871643,-0.1792260692464285,51.3146171569824,0.12998452565170812,0.17570527318176407,high_flow,6893620.csv
6893620,2013-06-04,daytime,6,0.9808344512455244,5.474574605890525e-4,1.6290773532153076,52.1962966918945,0.12944887513391262,0.15992937348728326,high_flow,6893620.csv
6893620,2013-06-04,nighttime,6,0.7432761998244714,0.09040070255030672,0.993311036789306,52.1962966918945,0.12944887513391262,0.15992937348728326,high_flow,6893620.csv
6893620,2013-06-05,daytime,6,0.8038601873764329,0.05393340883303958,2.250608272506106,50.5535736083984,0.13040114272110462,0.15967543546403207,high_flow,6893620.csv
6893620,2013-06-05,nighttime,6,0.9841994963667928,3.725115279979876e-4,0.9600000000000048,50.5535736083984,0.13040114272110462,0.15967543546403207,high_flow,6893620.csv
6893620,2013-06-06,daytime,6,0.6922934915612033,0.12745760989579513,0.1107646865769612,50.0849380493164,0.13075824306630163,0.15989763123437686,high_flow,6893620.csv
6893620,2013-06-06,nighttime,6,0.6205629067308737,0.1886445066974021,0.28229665071770044,50.0849380493164,0.13075824306630163,0.15989763123437686,high_flow,6893620.csv
6893620,2013-06-07,daytime,6,0.28390582707351103,0.5855830217499756,0.02591812437036195,41.0379486083984,0.13599571479585765,0.15827084077292386,high_flow,6893620.csv
6893620,2013-06-07,nighttime,6,0.5880120964091585,0.219636864906652,0.08023925064891528,41.0379486083984,0.13599571479585765,0.15827084077292386,high_flow,6893620.csv
6893620,2013-06-08,daytime,6,0.192026853159798,0.7155001493403114,0.02109064266275762,28.2431297302246,0.14891084394714915,0.16513113518231956,high_flow,6893620.csv
6893620,2013-06-08,nighttime,6,0.8118040749023894,0.04979382534124924,0.10862619808306828,28.2431297302246,0.14891084394714915,0.16513113518231956,high_flow,6893620.csv
6893620,2013-06-09,daytime,6,0.635143951738706,0.17539509704099518,0.11700868192580792,22.6349716186523,0.15676705154148315,0.17008292663571797,high_flow,6893620.csv
6893620,2013-06-09,nighttime,6,-0.6010662183354919,0.2069774541433626,-1.236100533130204,22.6349716186523,0.15676705154148315,0.17008292663571797,high_flow,6893620.csv
6893620,2013-06-10,daytime,6,0.9082970934963316,0.01222855032346434,0.1289657204596806,20.8078498840332,0.16021902154505416,0.17436019521485538,high_flow,6893620.csv
6893620,2013-06-10,nighttime,6,0.6197968984556435,0.18935158232459032,0.172577854671281,20.8078498840332,0.16021902154505416,0.17436019521485538,high_flow,6893620.csv
6893620,2013-06-11,daytime,6,0.6029910495814327,0.2051366575211927,0.2047202333598506,15.9958620071411,0.17319366742054518,0.1817442367972067,high_flow,6893620.csv
6893620,2013-06-11,nighttime,6,0.8741039520466106,0.02277700780768351,0.29894611845035,15.9958620071411,0.17319366742054518,0.1817442367972067,high_flow,6893620.csv
6893620,2013-06-12,daytime,6,0.103432201842549,0.8454049674809231,0.01587006960556671,11.5519704818726,0.1950958219259612,0.19279847637186048,high_flow,6893620.csv
6893620,2013-06-12,nighttime,6,0.921515003301056,0.00899811240238403,0.3747178329571085,11.5519704818726,0.1950958219259612,0.19279847637186048,high_flow,6893620.csv
6893620,2013-06-13,daytime,6,0.836543140152121,0.03789358550310311,0.26859060402684404,8.97041034698486,0.21925961195095825,0.2068960044439154,high_flow,6893620.csv
6893620,2013-06-13,nighttime,6,0.667181363180537,0.14771949936726556,0.09171826625386972,8.97041034698486,0.21925961195095825,0.2068960044439154,high_flow,6893620.csv
6893620,2013-06-14,daytime,6,0.7707107415382879,0.07283306931149335,0.32638344568114086,7.29657983779907,0.24378050232115225,0.22316390905844544,high_flow,6893620.csv
6893620,2013-06-14,nighttime,6,0.8142315383210428,0.04855945453049948,0.2001774426084068,7.29657983779907,0.24378050232115225,0.22316390905844544,high_flow,6893620.csv
6893620,2013-06-15,daytime,6,0.8720285754553713,0.02351715436359638,0.4083048461693153,6.25968074798584,0.26109986906320676,0.24097924850216243,high_flow,6893620.csv
6893620,2013-06-15,nighttime,6,0.9493587331746656,0.00378187113432958,0.2854889589905344,6.25968074798584,0.26109986906320676,0.24097924850216243,high_flow,6893620.csv
6893620,2013-06-16,daytime,6,0.9013131648432248,0.01412807709446529,0.3786137483046621,10.231538772583,0.20622544935126771,0.2596238543030592,normal_flow,6893620.csv
6893620,2013-06-16,nighttime,6,0.8881807203981653,0.01805625788711608,0.1665381649961461,10.231538772583,0.20622544935126771,0.2596238543030592,normal_flow,6893620.csv
6893620,2013-06-17,daytime,6,0.9955010198246016,3.0315702398094217e-5,0.7607142857142949,11.6750192642212,0.1942625877871682,0.2796690870134508,normal_flow,6893620.csv
6893620,2013-06-17,nighttime,6,0.9496405560237772,0.00374025276826267,0.2851063829787216,11.6750192642212,0.1942625877871682,0.2796690870134508,normal_flow,6893620.csv
6893620,2013-06-18,daytime,6,0.6449850526133107,0.166681156066374,0.1250577189472063,7.4750509262085,0.24074514938697775,0.3014839503233742,normal_flow,6893620.csv
6893620,2013-06-18,nighttime,6,0.9222109124865416,0.00884135679167101,0.41916167664670545,7.4750509262085,0.24074514938697775,0.3014839503233742,normal_flow,6893620.csv
6893620,2013-06-19,daytime,6,0.9205535063019994,0.00921689502234035,0.2521039603960413,4.99358654022217,0.2952624687537198,0.32340197595524345,normal_flow,6893620.csv
6893620,2013-06-19,nighttime,6,0.8670690016817839,0.02533148687723841,0.3377086067879309,4.99358654022217,0.2952624687537198,0.32340197595524345,normal_flow,6893620.csv
6893620,2013-06-20,daytime,6,0.7220013204040768,0.10518257585405102,0.2413760289289616,3.91472983360291,0.34186406380192835,0.3455382295758441,normal_flow,6893620.csv
6893620,2013-06-20,nighttime,6,0.9002891468551673,0.01441770602633472,0.28666666666666946,3.91472983360291,0.34186406380192835,0.3455382295758441,normal_flow,6893620.csv
6893620,2013-06-21,daytime,6,0.8260792432756161,0.04274222954479249,0.31061665607120026,3.34309864044189,0.37477681228425186,0.3589255247391184,normal_flow,6893620.csv
6893620,2013-06-21,nighttime,6,0.9577862849161842,0.00263538423930332,0.7834549878345423,3.34309864044189,0.37477681228425186,0.3589255247391184,normal_flow,6893620.csv
6893620,2013-06-22,daytime,6,0.8866982985980391,0.01852867073081198,0.3555813183173229,2.95362520217896,0.4032258064516129,0.3731103440066659,normal_flow,6893620.csv
6893620,2013-06-22,nighttime,6,0.9242815573529004,0.00838286622212099,0.29935675408213375,2.95362520217896,0.4032258064516129,0.3731103440066659,normal_flow,6893620.csv
6893620,2013-06-23,daytime,6,0.9733133747037204,0.00105876116793179,1.0199256257978615,2.61720323562622,0.42857993096059993,0.39184620878466847,normal_flow,6893620.csv
6893620,2013-06-23,nighttime,6,0.9352195295828244,0.00615883809638624,0.24489795918367013,2.61720323562622,0.42857993096059993,0.39184620878466847,normal_flow,6893620.csv
6893620,2013-06-24,daytime,6,0.9793062438965252,6.379164529655807e-4,0.6097877869207524,2.30499577522278,0.45744554219735745,0.4176328214895052,normal_flow,6893620.csv
6893620,2013-06-24,nighttime,6,0.8003309214475676,0.0558214338472383,0.2108072048032031,2.30499577522278,0.45744554219735745,0.4176328214895052,normal_flow,6893620.csv
6893620,2013-06-25,daytime,6,0.9265052210291912,0.00790373342140425,0.44916723797233815,2.03217911720276,0.4874419711939055,0.445550132920684,normal_flow,6893620.csv
6893620,2013-06-25,nighttime,6,0.9854192760220828,3.1734635476191774e-4,0.7135348226018451,2.03217911720276,0.4874419711939055,0.445550132920684,normal_flow,6893620.csv
6893620,2013-06-26,daytime,6,0.9522058860943726,0.0033718284807279,0.44386193682305697,1.90231144428253,0.5019640518985835,0.471789072729437,normal_flow,6893620.csv
6893620,2013-06-26,nighttime,6,0.9429976388500756,0.00478129575745878,1.473314606741576,1.90231144428253,0.5019640518985835,0.471789072729437,normal_flow,6893620.csv
6893620,2013-06-27,daytime,6,0.36449425283748904,0.47747125597015366,0.21058956595504247,1.69184601306915,0.527139626234972,0.4834305439828592,normal_flow,6893620.csv
6893620,2013-06-27,nighttime,6,0.9749893179031174,9.304788096815322e-4,0.26786511835640936,1.69184601306915,0.527139626234972,0.4834305439828592,normal_flow,6893620.csv
6893620,2013-06-28,daytime,6,0.9150326797385626,0.01052245979913304,0.14353453799820498,2.71909666061401,0.4200690394000714,0.49552831012181087,normal_flow,6893620.csv
6893620,2013-06-28,nighttime,6,-0.49461141545756526,0.31858385700902475,-0.9025423728813504,2.71909666061401,0.4200690394000714,0.49552831012181087,normal_flow,6893620.csv
6893620,2013-06-29,daytime,6,0.8740443139037983,0.02279811921015243,0.8054592720970531,2.31500792503357,0.45655279133436494,0.5132603261516486,normal_flow,6893620.csv
6893620,2013-06-29,nighttime,6,0.7859333015102421,0.06383207188922452,0.2608695652173888,2.31500792503357,0.45655279133436494,0.5132603261516486,normal_flow,6893620.csv
6893620,2013-06-30,daytime,6,0.9725908683640648,0.00111659504662595,0.5756026296566918,1.5896829366684,0.542137840733246,0.5316073483315479,normal_flow,6893620.csv
6893620,2013-06-30,nighttime,6,0.5950982532701312,0.21272724238214627,0.14202144946376374,1.5896829366684,0.542137840733246,0.5316073483315479,normal_flow,6893620.csv
6893620,2013-07-01,daytime,6,0.834729131921225,0.03871454750920882,0.3323563145151008,1.27729034423828,0.5930246399238186,0.5487997460619768,normal_flow,6893620.csv
6893620,2013-07-01,nighttime,6,0.3246040997079691,0.5301952638638093,0.06081632653061093,1.27729034423828,0.5930246399238186,0.5487997460619768,normal_flow,6893620.csv
6893620,2013-07-02,daytime,6,0.8364366520538937,0.03794155061550398,0.2946985446985445,1.18369543552399,0.6130222592548507,0.5655239455620362,normal_flow,6893620.csv
6893620,2013-07-02,nighttime,6,0.935217848346571,0.00615915425119206,0.23608168799254176,1.18369543552399,0.6130222592548507,0.5655239455620362,normal_flow,6893620.csv
6893620,2013-07-03,daytime,6,0.6213964387828743,0.18787634332783548,0.4754844434267416,1.1063506603241,0.6343292465182716,0.5816926556362337,normal_flow,6893620.csv
6893620,2013-07-03,nighttime,6,0.3718996435232819,0.4678691327384143,0.07838055232818085,1.1063506603241,0.6343292465182716,0.5816926556362337,normal_flow,6893620.csv
6893620,2013-07-04,daytime,6,0.8037475526289393,0.05399320087681771,0.26526883591438855,2.18622708320618,0.469884537555053,0.5981906915843352,normal_flow,6893620.csv
6893620,2013-07-04,nighttime,6,-0.20998554808897704,0.689651221938409,-0.18860759493670404,2.18622708320618,0.469884537555053,0.5981906915843352,normal_flow,6893620.csv
6893620,2013-07-05,daytime,6,0.850464104163525,0.03186959131757514,0.3708831002303333,1.72392511367798,0.523330555886204,0.614244335991747,normal_flow,6893620.csv
6893620,2013-07-05,nighttime,6,0.6883945524932018,0.13051880652708403,0.21262234222072263,1.72392511367798,0.523330555886204,0.614244335991747,normal_flow,6893620.csv
6893620,2013-07-06,daytime,6,0.7782307169637989,0.06831893661029667,0.418367346938776,1.08248651027679,0.6407570527318176,0.6383882871086776,normal_flow,6893620.csv
6893620,2013-07-06,nighttime,6,0.8941471711420481,0.01621420104603229,0.2934398174557915,1.08248651027679,0.6407570527318176,0.6383882871086776,normal_flow,6893620.csv
6893620,2013-07-07,daytime,6,0.7851178295791762,0.06430049877888137,0.3528383496559888,0.959781050682068,0.6784311391501012,0.660786414315756,normal_flow,6893620.csv
6893620,2013-07-07,nighttime,6,0.9438398074418995,0.00464238713881658,0.656174979994663,0.959781050682068,0.6784311391501012,0.660786414315756,normal_flow,6893620.csv
6893620,2013-07-08,daytime,6,0.6938769448502219,0.1262233888019729,0.4257689966758734,0.933097839355469,0.6864658969170336,0.6783081379200889,normal_flow,6893620.csv
6893620,2013-07-08,nighttime,6,0.9465808273994104,0.00420419331281857,0.7588678551736782,0.933097839355469,0.6864658969170336,0.6783081379200889,normal_flow,6893620.csv
6893620,2013-07-09,daytime,6,0.78407000726682885,0.06490469244342464,0.525812133586884,0.852885067462921,0.7083085346982502,0.6932190612228702,normal_flow,6893620.csv
6893620,2013-07-09,nighttime,6,0.879813738061343,0.02079907683224342,0.8932995075361833,0.852885067462921,0.7083085346982502,0.6932190612228702,normal_flow,6893620.csv
6893620,2013-07-10,daytime,6,0.6427129017661142,0.16867652962173799,0.292851643470534,0.782975196838379,0.7299726223068682,0.7074832361226838,normal_flow,6893620.csv
6893620,2013-07-10,nighttime,6,0.5059022789524333,0.30588616665967816,0.11415900131406216,0.782975196838379,0.7299726223068682,0.7074832361226838,normal_flow,6893620.csv
6893620,2013-07-11,daytime,6,0.7880418163238748,0.06262816197419353,0.3133698694949332,0.717017292976379,0.7494345911201048,0.7183390866166726,normal_flow,6893620.csv
6893620,2013-07-11,nighttime,6,0.944669795791646,0.00450745243163736,0.4064508156203657,0.717017292976379,0.7494345911201048,0.7183390866166726,normal_flow,6893620.csv
6893620,2013-07-12,daytime,6,0.7672513497390981,0.07495367901407234,0.430576271186442,0.656399130821228,0.7679442923461492,0.7427925246994406,normal_flow,6893620.csv
6893620,2013-07-12,nighttime,6,0.9889339757655192,1.830077830679166e-4,0.5398069963811805,0.656399130821228,0.7679442923461492,0.7427925246994406,normal_flow,6893620.csv
6893620,2013-07-13,daytime,6,0.8400150550444687,0.03634535197794879,0.8200767396038632,0.602521955966949,0.7822283061540293,0.7653572987342776,low_flow,6893620.csv
6893620,2013-07-13,nighttime,6,0.9543630219530372,0.00307657581032703,0.5697674418604602,0.602521955966949,0.7822283061540293,0.7653572987342776,low_flow,6893620.csv
6893620,2013-07-14,daytime,6,0.8356207784879831,0.03830998598039357,0.5408086731215062,0.557858467102051,0.7925246994405428,0.7767646708725152,low_flow,6893620.csv
6893620,2013-07-14,nighttime,6,0.8489048910350543,0.03251986751114397,0.20521915378768735,0.557858467102051,0.7925246994405428,0.7767646708725152,low_flow,6893620.csv
6893620,2013-07-15,daytime,6,0.6860439433579664,0.1323795343028394,0.2714557071317544,0.518575727939606,0.8049636947982383,0.780359481014165,low_flow,6893620.csv
6893620,2013-07-15,nighttime,6,0.9707990666410538,0.00126659202578351,0.46806282722512577,0.518575727939606,0.8049636947982383,0.780359481014165,low_flow,6893620.csv
6893620,2013-07-16,daytime,6,0.8518369978695863,0.03130215530181094,0.3274784539734575,0.478494763374329,0.8166884894655398,0.7895290243225013,low_flow,6893620.csv
6893620,2013-07-16,nighttime,6,0.8913386690445273,0.0170694296244073,0.6196341918626365,0.478494763374329,0.8166884894655398,0.7895290243225013,low_flow,6893620.csv
6893620,2013-07-17,daytime,6,0.9564538923351285,0.00280310779203251,0.6558806534643019,0.439017832279205,0.8269848827520533,0.799099313573781,low_flow,6893620.csv
6893620,2013-07-17,nighttime,6,0.9115708281645406,0.01138383203481556,0.41338582677165087,0.439017832279205,0.8269848827520533,0.799099313573781,low_flow,6893620.csv
6893620,2013-07-18,daytime,6,0.9201770520057736,0.00930325048007442,0.31210267927575075,0.54241144657135,0.7971670039281038,0.805792961155418,low_flow,6893620.csv
6893620,2013-07-18,nighttime,6,0.9972480475600316,1.1349442746553598e-5,0.5691741188847966,0.54241144657135,0.7971670039281038,0.805792961155418,low_flow,6893620.csv
6893620,2013-07-19,daytime,6,0.9440105832126832,0.00461446396230049,0.38909718056388726,0.398478209972382,0.8366861087965718,0.8059159623854303,low_flow,6893620.csv
6893620,2013-07-19,nighttime,6,0.9732653753417392,0.00106255607853281,0.3105421686746997,0.398478209972382,0.8366861087965718,0.8059159623854303,low_flow,6893620.csv
6893620,2013-07-20,daytime,6,0.973997084860283,0.00100543643736187,1.7722030326093354,0.306080311536789,0.8618021664087608,0.8038725548545808,low_flow,6893620.csv
6893620,2013-07-20,nighttime,6,0.7445791961131579,0.08952788115939488,0.06735678813737135,0.306080311536789,0.8618021664087608,0.8038725548545808,low_flow,6893620.csv
6893620,2013-07-21,daytime,6,0.9041810114706172,0.01333204743154426,0.481072883159453,0.494194746017456,0.8118676348053803,0.8068999722255287,low_flow,6893620.csv
6893620,2013-07-21,nighttime,6,0.9592165995274804,0.00246101140664798,0.8207171314740982,0.494194746017456,0.8118676348053803,0.8068999722255287,low_flow,6893620.csv
6893620,2013-07-22,daytime,6,0.725231217311726,0.10287459507712722,0.19075125021070843,0.77660596370697,0.7323532912748483,0.8104392334245923,low_flow,6893620.csv
6893620,2013-07-22,nighttime,6,0.9467854381842644,0.00417233816278822,0.3089207048458151,0.77660596370697,0.7323532912748483,0.8104392334245923,low_flow,6893620.csv
6893620,2013-07-23,daytime,6,0.942845800185708,0.00480655380700651,0.7962479221087635,0.449723571538925,0.8240090465420783,0.7973217474110225,low_flow,6893620.csv
6893620,2013-07-23,nighttime,6,0.9784705019574408,6.902892601669033e-4,0.4708896134140637,0.449723571538925,0.8240090465420783,0.7973217474110225,low_flow,6893620.csv
6893620,2013-07-24,daytime,6,0.9786101252124504,6.813968952636465e-4,0.6189795334776745,0.345402032136917,0.8518628734674444,0.7755029163194858,low_flow,6893620.csv
6893620,2013-07-24,nighttime,6,0.98983103676544,1.5458594477311908e-4,0.4586958394349215,0.345402032136917,0.8518628734674444,0.7755029163194858,low_flow,6893620.csv
6893620,2013-07-25,daytime,6,0.8963459297245107,0.01555941114345244,1.677907777013098,0.421949028968811,0.8303773360314248,0.7635995714795858,low_flow,6893620.csv
6893620,2013-07-25,nighttime,6,0.8646852977022912,0.02622629224212798,0.1367187500000003,0.421949028968811,0.8303773360314248,0.7635995714795858,low_flow,6893620.csv
6893620,2013-07-26,daytime,6,0.890381142245618,0.01736583475305238,0.4197038149796518,0.708698332309723,0.7512796095702893,0.7620362655239455,low_flow,6893620.csv
6893620,2013-07-26,nighttime,6,0.994557973319773,4.434289699178656e-5,1.1858506457046507,0.708698332309723,0.7512796095702893,0.7620362655239455,low_flow,6893620.csv
6893620,2013-07-27,daytime,6,0.9796728855335214,6.155878775026175e-4,0.4171051004849102,0.765051901340485,0.7372931793834068,0.7513549974209419,low_flow,6893620.csv
6893620,2013-07-27,nighttime,6,0.979813498496645,6.071293167875701e-4,0.25335420393559827,0.765051901340485,0.7372931793834068,0.7513549974209419,low_flow,6893620.csv
6893620,2013-07-28,daytime,6,0.9772359413539388,7.714053545364355e-4,0.7912214842622011,0.437519073486328,0.8276395667182478,0.7354918065309686,normal_flow,6893620.csv
6893620,2013-07-28,nighttime,6,0.9551756814758602,0.00296879834860564,0.3146384848801943,0.437519073486328,0.8276395667182478,0.7354918065309686,normal_flow,6893620.csv
6893620,2013-07-29,daytime,6,0.726421808559419,0.1020295567083524,2.816176470588244,0.367674112319946,0.8456136174264969,0.7235487838749355,normal_flow,6893620.csv
6893620,2013-07-29,nighttime,6,0.9306176999670276,0.0070538554863073,1.0078585461689458,0.367674112319946,0.8456136174264969,0.7235487838749355,normal_flow,6893620.csv
6893620,2013-07-30,daytime,6,-0.01648075688185733,0.9752811028904668,-0.00574919151994506,1.1991571187973,0.6082014045946911,0.7148633099234218,normal_flow,6893620.csv
6893620,2013-07-30,nighttime,6,0.7215685393812512,0.10549354622158898,2.999999999999988,1.1991571187973,0.6082014045946911,0.7148633099234218,normal_flow,6893620.csv
6893620,2013-07-31,daytime,6,0.6430189431592918,0.16840718715256897,0.23240910279884824,2.01754784584045,0.489406023092489,0.6922191802563187,normal_flow,6893620.csv
6893620,2013-07-31,nighttime,6,0.9171337865415972,0.01001570075541983,0.45068738792587915,2.01754784584045,0.489406023092489,0.6922191802563187,normal_flow,6893620.csv
6893620,2013-08-01,daytime,6,0.6824718260689594,0.13522895913192337,0.18108776266996204,1.06020593643188,0.6484347101535531,0.6669245724715311,normal_flow,6893620.csv
6893620,2013-08-01,nighttime,6,0.9053840745358064,0.01300475094388732,0.3188764044943816,1.06020593643188,0.6484347101535531,0.6669245724715311,normal_flow,6893620.csv
6893620,2013-08-02,daytime,6,0.901979535600272,0.01394112628999841,1.0667505608141243,0.632638275623322,0.7737174145935007,0.654013411101853,normal_flow,6893620.csv
6893620,2013-08-02,nighttime,6,0.5002137780013229,0.31225953402917206,0.1646977067407918,0.632638275623322,0.7737174145935007,0.654013411101853,normal_flow,6893620.csv
6893620,2013-08-03,daytime,6,0.7529528562484421,0.08400951024049516,0.3238071257711187,0.965383291244507,0.6764670872515177,0.6588223624171725,normal_flow,6893620.csv
6893620,2013-08-03,nighttime,6,0.9805269717921152,5.65106166644633e-4,0.8321273516642477,0.965383291244507,0.6764670872515177,0.6588223624171725,normal_flow,6893620.csv
6893620,2013-08-04,daytime,6,-0.306061343469291,0.5552429104590415,-1.2153846153846908,1.14129328727722,0.6238543030591597,0.6668134745863588,normal_flow,6893620.csv
6893620,2013-08-04,nighttime,6,0.9872475216865642,2.4290161432576177e-4,0.32826007549007874,1.14129328727722,0.6238543030591597,0.6668134745863588,normal_flow,6893620.csv
6893620,2013-08-05,daytime,6,0.8627334735978394,0.02696995414727844,0.6100588153568292,1.11083257198334,0.6327222949648851,0.666710312264413,normal_flow,6893620.csv
6893620,2013-08-05,nighttime,6,0.8855315228524894,0.01890460631626988,1.201086956521722,1.11083257198334,0.6327222949648851,0.666710312264413,normal_flow,6893620.csv
6893620,2013-08-06,daytime,6,0.854891310902242,0.03005705462504505,0.3360756573888966,1.22812306880951,0.6020711820021426,0.6527953021465699,normal_flow,6893620.csv
6893620,2013-08-06,nighttime,6,0.4552790364006098,0.3642663373165488,0.28431372549019923,1.22812306880951,0.6020711820021426,0.6527953021465699,normal_flow,6893620.csv
6893620,2013-08-07,daytime,6,0.940757219299407,0.00516059819471616,0.8447903647312848,2.06599617004395,0.4843471015355315,0.6605245407292782,normal_flow,6893620.csv
6893620,2013-08-07,nighttime,6,0.2891221407478472,0.5784008818223518,0.1849267271458498,2.06599617004395,0.4843471015355315,0.6605245407292782,normal_flow,6893620.csv
6893620,2013-08-08,daytime,6,0.02924376673399172,0.9561468545028564,0.02439024390241167,2.16585302352905,0.4724437566956315,0.6857477284450264,normal_flow,6893620.csv
6893620,2013-08-08,nighttime,6,0.9442731449921375,0.00457169417074572,0.21206353854037072,2.16585302352905,0.4724437566956315,0.6857477284450264,normal_flow,6893620.csv
6893620,2013-08-09,daytime,6,0.539597476392336,0.2691598527933503,0.47206703910613823,1.09727489948273,0.6367099154862517,0.7050232115224379,normal_flow,6893620.csv
6893620,2013-08-09,nighttime,6,0.32288592281010847,0.5325024032504708,0.02234042553192003,1.09727489948273,0.6367099154862517,0.7050232115224379,normal_flow,6893620.csv
6893620,2013-08-10,daytime,6,0.7584127208189727,0.08049657026848583,0.13576496579852956,0.452046543359756,0.8234138793000834,0.7168710074197516,normal_flow,6893620.csv
6893620,2013-08-10,nighttime,6,0.8877032106263987,0.01820779015540296,0.5565993424142728,0.452046543359756,0.8234138793000834,0.7168710074197516,normal_flow,6893620.csv
6893620,2013-08-11,daytime,6,0.8460297642989815,0.03373517685327992,0.2426578715180031,0.320799559354782,0.8571598619211999,0.7354918065309686,normal_flow,6893620.csv
6893620,2013-08-11,nighttime,6,0.9608305090658512,0.00227132565351994,0.26546091015169276,0.320799559354782,0.8571598619211999,0.7354918065309686,normal_flow,6893620.csv
6893620,2013-08-12,daytime,6,-0.9500286886850984,0.00368330545264908,-0.4412406106130384,0.442046016454697,0.8260921318890608,0.7576042534618894,low_flow,6893620.csv
6893620,2013-08-12,nighttime,6,0.986848309763943,2.583130301841747e-4,0.28014469453376584,0.442046016454697,0.8260921318890608,0.7576042534618894,low_flow,6893620.csv
6893620,2013-08-13,daytime,6,0.7623332170191071,0.07801588609548614,0.19029474392020732,1.09644114971161,0.6368884656588502,0.7792604055072809,low_flow,6893620.csv
6893620,2013-08-13,nighttime,6,0.9273960210762976,0.00771564658567819,0.29458458281884164,1.09644114971161,0.6368884656588502,0.7792604055072809,low_flow,6893620.csv
6893620,2013-08-14,daytime,6,0.9187119363530092,0.00964305836473133,0.2711791920998384,0.799559235572815,0.7241399833353173,0.8031702575090267,low_flow,6893620.csv
6893620,2013-08-14,nighttime,6,0.8751136960981936,0.02242098318264228,0.20838747784997289,0.799559235572815,0.7241399833353173,0.8031702575090267,low_flow,6893620.csv
6893620,2013-08-15,daytime,6,0.8981647420448535,0.01502759245836333,0.799022270505174,0.285848259925842,0.8677538388287108,0.8350672538983455,low_flow,6893620.csv
6893620,2013-08-15,nighttime,6,0.9726339349870888,0.00111310502767215,0.6333333333333259,0.285848259925842,0.8677538388287108,0.8350672538983455,low_flow,6893620.csv
6893620,2013-08-16,daytime,6,0.9153690920026142,0.01044050607322623,0.3812666490676515,0.120047815144062,0.9375669563147244,0.8679442923461493,low_flow,6893620.csv
6893620,2013-08-16,nighttime,6,0.9316181938225212,0.00685422801951771,0.9286754002911264,0.120047815144062,0.9375669563147244,0.8679442923461493,low_flow,6893620.csv
6893620,2013-08-17,daytime,6,0.9804016571579144,5.723787500738261e-4,0.3376404719590592,0.0921052768826485,0.951434353053208,0.890001190334484,low_flow,6893620.csv
6893620,2013-08-17,nighttime,6,0.9461152786192036,0.00427711595045347,0.24274193548387007,0.0921052768826485,0.951434353053208,0.890001190334484,low_flow,6893620.csv
6893620,2013-08-18,daytime,6,0.9379961648945004,0.0056475272370988,0.2955671447196874,0.0848885402083397,0.9557790739197716,0.8997460619767488,low_flow,6893620.csv
6893620,2013-08-18,nighttime,6,0.9099417777950984,0.0118005172225465,0.19560726323801103,0.0848885402083397,0.9557790739197716,0.8997460619767488,low_flow,6893620.csv
6893620,2013-08-19,daytime,6,0.895118595556057,0.01592331005682054,0.2869607071640857,0.0851355195045471,0.9555410070229736,0.907368170455898,low_flow,6893620.csv
6893620,2013-08-19,nighttime,6,0.7811761684219202,0.06658673802792675,0.2797537619699098,0.0851355195045471,0.9555410070229736,0.907368170455898,low_flow,6893620.csv
6893620,2013-08-20,daytime,6,0.6911514126495517,0.12835103528497063,0.26213538341983217,0.0832610353827477,0.9575645756457564,0.9172162044201088,low_flow,6893620.csv
6893620,2013-08-20,nighttime,6,0.9941251726592696,5.1669013715552304e-5,0.39698742686418503,0.0832610353827477,0.9575645756457564,0.9172162044201088,low_flow,6893620.csv
6893620,2013-08-21,daytime,6,0.911967150415126,0.01128355618581336,0.4222906571260357,0.079556830227375,0.96071896202833,0.9397373328571996,low_flow,6893620.csv
6893620,2013-08-21,nighttime,6,0.9461984357525792,0.00426404524557609,0.221973094170402,0.079556830227375,0.96071896202833,0.9397373328571996,low_flow,6893620.csv
6893620,2013-08-22,daytime,6,0.9175886620967753,0.00990758932214726,0.7490627020038835,0.0750280544161797,0.9628020473753124,0.9565289846446852,low_flow,6893620.csv
6893620,2013-08-22,nighttime,6,-0.6365325535687308,0.17415429197202087,-0.2598396501457691,0.0750280544161797,0.9628020473753124,0.9565289846446852,low_flow,6893620.csv
6893620,2013-08-23,daytime,6,0.4013312781024662,0.4303236541514374,0.1895575331383399,0.0694227740168571,0.965599333412689,0.9638098639050908,low_flow,6893620.csv
6893620,2013-08-23,nighttime,6,0.9161204377605636,0.01025859232868852,0.28339211777334844,0.0694227740168571,0.965599333412689,0.9638098639050908,low_flow,6893620.csv
6893620,2013-08-24,daytime,6,0.7040367957971342,0.11842899461276306,0.3379237844940862,0.0639524981379509,0.9675633853112724,0.9665277943102012,low_flow,6893620.csv
6893620,2013-08-24,nighttime,6,0.996459026382741,1.8785541998679435e-5,0.4964652956298195,0.0639524981379509,0.9675633853112724,0.9665277943102012,low_flow,6893620.csv
6893620,2013-08-25,daytime,6,0.7336230542057538,0.0969844043911352,0.3050397877984085,0.0590776652097702,0.9695869539340556,0.9609609967067412,low_flow,6893620.csv
6893620,2013-08-25,nighttime,6,0.9164949902659338,0.01016848614170868,0.28068941259233093,0.0590776652097702,0.9695869539340556,0.9609609967067412,low_flow,6893620.csv
6893620,2013-08-26,daytime,6,0.753542576591402,0.0836268249213121,0.28389450056116716,0.0541687980294228,0.9714914891084396,0.9359401658532714,low_flow,6893620.csv
6893620,2013-08-26,nighttime,6,0.8136313606646276,0.0488633084821655,0.07011795543905636,0.0541687980294228,0.9714914891084396,0.9359401658532714,low_flow,6893620.csv
6893620,2013-08-27,daytime,6,0.8201435625467188,0.04561347871657374,0.2921958102680998,0.0491171255707741,0.97381264135222,0.9163948736261556,low_flow,6893620.csv
6893620,2013-08-27,nighttime,6,0.8290083937896019,0.0413574567377488,0.11064648323157888,0.0491171255707741,0.97381264135222,0.9163948736261556,low_flow,6893620.csv
6893620,2013-08-28,daytime,6,0.7205222788169313,0.10624700045105671,0.24614790974225748,0.0442002490162849,0.9747053922152124,0.9098599373090506,low_flow,6893620.csv
6893620,2013-08-28,nighttime,6,0.8879533770833765,0.01812832693849916,0.13278802645318316,0.0442002490162849,0.9747053922152124,0.9098599373090506,low_flow,6893620.csv
6893620,2013-08-29,daytime,6,0.6769151488066435,0.1397133159571501,0.4247927822196136,0.0398419797420502,0.9760147601476016,0.90993135737808994,low_flow,6893620.csv
6893620,2013-08-29,nighttime,6,0.9331112218222724,0.00656152913877753,0.3051637434073337,0.0398419797420502,0.9760147601476016,0.90993135737808994,low_flow,6893620.csv
6893620,2013-08-30,daytime,6,0.3955957009840426,0.43756101275303416,0.15880287421807704,0.0358535535633564,0.9769670277347936,0.91112169186208,low_flow,6893620.csv
6893620,2013-08-30,nighttime,6,0.1908202531222881,0.7172437290514068,0.01568532818532909,0.0358535535633564,0.9769670277347936,0.91112169186208,low_flow,6893620.csv
6893620,2013-08-31,daytime,6,0.07584159329693095,0.8864557284775068,0.2500000000000104,0.0312355849891901,0.978335912391382,0.9125342221164148,low_flow,6893620.csv
6893620,2013-08-31,nighttime,6,0.8046297578548445,0.05352570196637502,0.12968765793995865,0.0312355849891901,0.978335912391382,0.9125342221164148,low_flow,6893620.csv
6893620,2013-09-01,daytime,6,-0.9112777223539889,0.01145826879808735,-1.1271995324979032,0.285597026348114,0.8679323890013094,0.9139745268420426,low_flow,6893620.csv
6893620,2013-09-01,nighttime,6,0.4744568452602376,0.3417170557969487,0.04916180071576662,0.285597026348114,0.8679323890013094,0.9139745268420426,low_flow,6893620.csv
6893620,2013-09-02,daytime,6,0.3916727533364877,0.4425336478999357,0.142313491778559,1.34457397460938,0.5804666111177241,0.9153791215331508,low_flow,6893620.csv
6893620,2013-09-02,nighttime,6,0.5962379939018343,0.2116242366538804,0.04955450996095726,1.34457397460938,0.5804666111177241,0.9153791215331508,low_flow,6893620.csv
6893620,2013-09-03,daytime,6,0.8533999405450091,0.03066203288363874,0.25119910764082587,1.01615595817566,0.6623616236162362,0.9167202317184462,low_flow,6893620.csv
6893620,2013-09-03,nighttime,6,0.9741670259127604,9.9239410388478e-4,0.21892613467813685,1.01615595817566,0.6623616236162362,0.9167202317184462,low_flow,6893620.csv
6893620,2013-09-04,daytime,6,0.9398742324280502,0.0053139813197176,0.4015136071756187,0.312613934278488,0.8595405308891798,0.9179780184898624,low_flow,6893620.csv
6893620,2013-09-04,nighttime,6,0.9512076177729656,0.00351296491673978,0.23485804416403663,0.312613934278488,0.8595405308891798,0.9179780184898624,low_flow,6893620.csv
6893620,2013-09-05,daytime,6,0.903969834483078,0.01338990389465745,0.4880845955403448,0.0774304270744324,0.961790263063921,0.9191009006864262,low_flow,6893620.csv
6893620,2013-09-05,nighttime,6,0.9676610427338068,0.00155180206294702,0.550285016286643,0.0774304270744324,0.961790263063921,0.9191009006864262,low_flow,6893620.csv
6893620,2013-09-06,daytime,6,0.7728663323532173,0.07152567524284092,0.2903812269243451,0.0242023356258869,0.9806570646351624,0.9157719319128677,low_flow,6893620.csv
6893620,2013-09-06,nighttime,6,0.6456072918205162,0.16613645456790285,0.08313856427379261,0.0242023356258869,0.9806570646351624,0.9157719319128677,low_flow,6893620.csv
6893620,2013-09-07,daytime,6,0.4925032713204438,0.32097575980856924,0.20790378006872812,0.0126626435667276,0.986787287227711,0.9132008094274492,low_flow,6893620.csv
6893620,2013-09-07,nighttime,6,0.796524753333967,0.05789110502105885,0.1283363802559433,0.0126626435667276,0.986787287227711,0.9132008094274492,low_flow,6893620.csv
6893620,2013-09-08,daytime,6,0.7328975096231137,0.09748756518608372,0.34083898097815307,0.00931208766996861,0.989167956195691,0.9106693647581636,low_flow,6893620.csv
6893620,2013-09-08,nighttime,6,0.3456193369850875,0.5022135805198967,0.07024533445166799,0.00931208766996861,0.989167956195691,0.9106693647581636,low_flow,6893620.csv
6893620,2013-09-09,daytime,6,0.5170777985516538,0.2935087054121668,0.27161533484641454,0.00761840026825666,0.9906558743006784,0.9064039995238662,low_flow,6893620.csv
6893620,2013-09-09,nighttime,6,0.33484496953577064,0.5165041478310171,0.05489749430523758,0.00761840026825666,0.9906558743006784,0.9064039995238662,low_flow,6893620.csv
6893620,2013-09-10,daytime,6,0.7816287061881527,0.06632240378540176,0.39756916025536027,0.00638499762862921,0.9916081418878704,0.9152283458318454,low_flow,6893620.csv
6893620,2013-09-10,nighttime,6,-0.7326816849721909,0.09763746168736263,-0.10286418232214004,0.00638499762862921,0.9916081418878704,0.9152283458318454,low_flow,6893620.csv
6893620,2013-09-11,daytime,6,0.9146702627968176,0.01061109616923669,0.43682287462293345,0.00537652987986803,0.9926794429234614,0.9104035233900726,low_flow,6893620.csv
6893620,2013-09-11,nighttime,6,0.4406606610327478,0.3817931526311487,0.06000000000000123,0.00537652987986803,0.9926794429234614,0.9104035233900726,low_flow,6893620.csv
6893620,2013-09-12,daytime,6,0.6985339168817127,0.1226238088795856,0.5914368650217674,0.00649878848344088,0.991548625163671,0.9002618735864778,low_flow,6893620.csv
6893620,2013-09-12,nighttime,6,-0.5652184950925769,0.2424579839699811,-0.14521452145213715,0.00649878848344088,0.991548625163671,0.9002618735864778,low_flow,6893620.csv
6893620,2013-09-13,daytime,6,0.9626429027414029,0.00206726217411956,0.8377719756309824,0.147547572851181,0.9260802285442208,0.8601356981311749,low_flow,6893620.csv
6893620,2013-09-13,nighttime,6,-0.2153231435257221,0.6820069118685138,-0.01463262764632621,0.147547572851181,0.9260802285442208,0.8601356981311749,low_flow,6893620.csv
6893620,2013-09-14,daytime,6,0.9861718069896804,2.8550627681613554e-4,0.6081500517304691,0.117657877504826,0.9384001904535174,0.8201047494345911,low_flow,6893620.csv
6893620,2013-09-14,nighttime,6,-0.627308656827835,0.18246505879858463,-0.12075078206464936,0.117657877504826,0.9384001904535174,0.8201047494345911,low_flow,6893620.csv
6893620,2013-09-15,daytime,6,0.934449217063214,0.00630452496725356,0.5885817111074754,0.113061435520649,0.9403642423521008,0.7958695393405547,low_flow,6893620.csv
6893620,2013-09-15,nighttime,6,0.402523684341304,0.4288239871562007,0.06751054852320962,0.113061435520649,0.9403642423521008,0.7958695393405547,low_flow,6893620.csv
6893620,2013-09-16,daytime,6,0.9061570631237744,0.01279653144060839,4.179487179487133,0.522892236709595,0.8039519104868468,0.7880292028726739,low_flow,6893620.csv
6893620,2013-09-16,nighttime,6,-0.2990294364617032,0.5648252426697546,-0.466597077244238,0.522892236709595,0.8039519104868468,0.7880292028726739,low_flow,6893620.csv
6893620,2013-09-17,daytime,6,0.8191767636170073,0.04608937167295646,1.3616843279419932,0.83712363243103,0.7128318057374122,0.7861286354799032,low_flow,6893620.csv
6893620,2013-09-17,nighttime,6,0.9257021032854976,0.00807519739705507,1.4909090909090048,0.83712363243103,0.7128318057374122,0.7861286354799032,low_flow,6893620.csv
6893620,2013-09-18,daytime,6,-0.17150257393701954,0.7452683530915937,-0.05134546893549931,1.29109811782837,0.589989286989644,0.7850771733523787,low_flow,6893620.csv
6893620,2013-09-18,nighttime,6,0.9504864558280032,0.00361669310367527,1.848101265822716,1.29109811782837,0.589989286989644,0.7850771733523787,low_flow,6893620.csv
6893620,2013-09-19,daytime,6,0.802352457032249,0.054736320576804,0.24292944810077455,0.856890082359314,0.7074157838352577,0.7840812601674404,low_flow,6893620.csv
6893620,2013-09-19,nighttime,6,0.5941659308271132,0.21363123984752536,0.25335320417287,0.856890082359314,0.7074157838352577,0.7840812601674404,low_flow,6893620.csv
6893620,2013-09-20,daytime,6,0.7496097847258177,0.08619375004542863,0.3546511627906933,3.59927582740784,0.35989763123437685,0.7831964448676745,low_flow,6893620.csv
6893620,2013-09-20,nighttime,6,0.929504403424604,0.00727927521941272,0.31638646951589966,3.59927582740784,0.35989763123437685,0.7831964448676745,low_flow,6893620.csv
6893620,2013-09-21,daytime,6,0.3415563771449336,0.5075885473425518,0.07601765571358482,3.26460456848145,0.3801928341864064,0.7835694163393246,low_flow,6893620.csv
6893620,2013-09-21,nighttime,6,0.7228683658289116,0.10456079004929723,0.04138920192603483,3.26460456848145,0.3801928341864064,0.7835694163393246,low_flow,6893620.csv
6893620,2013-09-22,daytime,6,0.7877989960935432,0.0627662713569265,0.19947316990270467,1.1436619758606,0.6232591358171646,0.7718565250168631,low_flow,6893620.csv
6893620,2013-09-22,nighttime,6,0.7751962882542138,0.07012464336154546,0.23042168674698787,1.1436619758606,0.6232591358171646,0.7718565250168631,low_flow,6893620.csv
6893620,2013-09-23,daytime,6,0.8803484087779315,0.02061825872374743,0.3909385354231031,0.273814380168915,0.8715629091774789,0.7617862952823077,low_flow,6893620.csv
6893620,2013-09-23,nighttime,6,-0.4875825218181089,0.32658435092907334,-0.1731914893617025,0.273814380168915,0.8715629091774789,0.7617862952823077,low_flow,6893620.csv
6893620,2013-09-24,daytime,6,0.5578319375835653,0.2500441803839769,1.7250000000000223,0.0766954571008682,0.962147363409118,0.7685592984962107,low_flow,6893620.csv
6893620,2013-09-24,nighttime,6,0.8787134940241612,0.0211735372864435,0.5190839694656417,0.0766954571008682,0.962147363409118,0.7685592984962107,low_flow,6893620.csv
6893620,2013-09-25,daytime,6,0.8970084411707258,0.01536466260268779,0.44676438053097534,0.0403819568455219,0.975836209975003,0.7857874062611594,low_flow,6893620.csv
6893620,2013-09-25,nighttime,6,0.9211965024634932,0.00907030232191876,0.5782515991471163,0.0403819568455219,0.975836209975003,0.7857874062611594,low_flow,6893620.csv
6893620,2013-09-26,daytime,6,0.8799082910511383,0.02076704540981044,0.4746590123405059,0.0336844995617867,0.977740745149387,0.8086378605721541,low_flow,6893620.csv
6893620,2013-09-26,nighttime,6,0.9505122560439546,0.00361295654969398,0.7472423573904802,0.0336844995617867,0.977740745149387,0.8086378605721541,low_flow,6893620.csv
6893620,2013-09-27,daytime,6,0.9122170196904666,0.0112205561369948,0.4474179666487363,0.031650111079216,0.9782763956671824,0.8145657263024243,low_flow,6893620.csv
6893620,2013-09-27,nighttime,6,0.9157324678149192,0.0103523328823672,0.5457063711911426,0.031650111079216,0.9782763956671824,0.8145657263024243,low_flow,6893620.csv
6893620,2013-09-28,daytime,6,0.4841648318657384,0.3305006432090311,0.34545454545452986,0.135941565036774,0.931674800618974,0.8387096774193549,low_flow,6893620.csv
6893620,2013-09-28,nighttime,6,0.9015309055898092,0.01406685765797322,0.4750000000000032,0.135941565036774,0.931674800618974,0.8387096774193549,low_flow,6893620.csv
6893620,2013-09-29,daytime,6,0.9078148057471136,0.01235546509677938,0.598303287380704,0.670598864555359,0.7627068206165932,0.8583541641868032,low_flow,6893620.csv
6893620,2013-09-29,nighttime,6,0.86830102917077,0.024874794145789,0.21375442019265847,0.670598864555359,0.7627068206165932,0.8583541641868032,low_flow,6893620.csv
6893620,2013-09-30,daytime,6,0.8201733600935698,0.04559884781870297,0.30172880028347027,0.572567641735077,0.7893107963337698,0.8719914295917153,low_flow,6893620.csv
6893620,2013-09-30,nighttime,6,0.6168356057239655,0.19209529828508615,0.15295926210607078,0.572567641735077,0.7893107963337698,0.8719914295917153,low_flow,6893620.csv
6893620,2013-10-01,daytime,6,0.738421094530398,0.0936862104497666,0.29179274124010435,0.193730935454369,0.9055469586953934,0.8764036027457048,low_flow,6893620.csv
6893620,2013-10-01,nighttime,6,0.9893576870316484,1.6928557004179543e-4,0.4552529182879374,0.193730935454369,0.9055469586953934,0.8764036027457048,low_flow,6893620.csv
6893620,2013-10-02,daytime,6,0.7261582654517021,0.10221634398348196,0.37788239815526686,0.0552745759487152,0.9712534222116416,0.8773677736777368,low_flow,6893620.csv
6893620,2013-10-02,nighttime,6,0.3421320735735866,0.5068259143694424,0.12081513828238752,0.0552745759487152,0.9712534222116416,0.8773677736777368,low_flow,6893620.csv
6893620,2013-10-03,daytime,6,-0.7102384102841811,0.1137782190509161,-1.7200609165166931,0.132312923669815,0.932746101654565,0.8778121652184264,low_flow,6893620.csv
6893620,2013-10-03,nighttime,6,0.8509949824470889,0.03164960128624988,0.961077844311342,0.132312923669815,0.932746101654565,0.8778121652184264,low_flow,6893620.csv
6893620,2013-10-04,daytime,6,0.3391671305795807,0.5107572380567098,0.17993698704733949,0.545386493206024,0.7963337697893108,0.8782644923223426,low_flow,6893620.csv
6893620,2013-10-04,nighttime,6,0.895218702964967,0.01589347708464883,0.7266666666666556,0.545386493206024,0.7963337697893108,0.8782644923223426,low_flow,6893620.csv
6893620,2013-10-05,daytime,6,0.9953911878296902,3.181277619735127e-5,0.3431438127090292,0.806278347969055,0.7220568979883347,0.8724754989485378,low_flow,6893620.csv
6893620,2013-10-05,nighttime,6,-0.5831793427007381,0.22440009249584045,-0.9834432964023424,0.806278347969055,0.7220568979883347,0.8724754989485378,low_flow,6893620.csv
6893620,2013-10-06,daytime,6,0.9821614737681236,4.74481301552443e-4,0.9094993581514856,0.970167875289917,0.6748601356981312,0.8631115343411498,low_flow,6893620.csv
6893620,2013-10-06,nighttime,6,-0.9574201142179803,0.00268097034968338,-0.3039301310043631,0.970167875289917,0.6748601356981312,0.8631115343411498,low_flow,6893620.csv
6893620,2013-10-07,daytime,6,0.8055495409901522,0.05304029020729074,0.35748473345436366,0.436844378709793,0.8278181168908463,0.8700749910724914,low_flow,6893620.csv
6893620,2013-10-07,nighttime,6,-0.8701014479574528,0.02421452043348979,-0.572895277207384,0.436844378709793,0.8278181168908463,0.8700749910724914,low_flow,6893620.csv
6893620,2013-10-08,daytime,6,0.94008669253781,0.00527687408021469,0.5647976832113264,0.119720138609409,0.9377455064873228,0.875320398365274,low_flow,6893620.csv
6893620,2013-10-08,nighttime,6,0.9351509115284322,0.0061717480964265,0.4583333333333324,0.119720138609409,0.9377455064873228,0.875320398365274,low_flow,6893620.csv
6893620,2013-10-09,daytime,6,0.9125371437577676,0.01114009228736265,0.595813571689166,0.0371146835386753,0.9766099273895964,0.8685831051858905,low_flow,6893620.csv
6893620,2013-10-09,nighttime,6,0.9864606148787586,2.73731438342321e-4,0.5058823529411753,0.0371146835386753,0.9766099273895964,0.8685831051858905,low_flow,6893620.csv
6893620,2013-10-10,daytime,6,0.965156270313381,0.00179997661424862,0.5803093247910303,0.0202816110104322,0.982502083085347,0.8617267785581082,low_flow,6893620.csv
6893620,2013-10-10,nighttime,6,0.9772872547436424,7.679447973334046e-4,0.32734952481520446,0.0202816110104322,0.982502083085347,0.8617267785581082,low_flow,6893620.csv
6893620,2013-10-11,daytime,6,0.4043457850136928,0.4265356834280944,0.3109170305676806,0.0167453195899725,0.98452565170813,0.8618894576042535,low_flow,6893620.csv
6893620,2013-10-11,nighttime,6,0.9064875653381956,0.01270799988499759,0.48107448107448314,0.0167453195899725,0.98452565170813,0.8618894576042535,low_flow,6893620.csv
6893620,2013-10-12,daytime,6,0.7186051841438845,0.10763371476981703,0.6244882768887274,0.226771518588066,0.8914414950601119,0.8634884735944134,low_flow,6893620.csv
6893620,2013-10-12,nighttime,6,0.9279451689882088,0.00760079731748106,0.835820895522388,0.226771518588066,0.8914414950601119,0.8634884735944134,low_flow,6893620.csv
6893620,2013-10-13,daytime,6,0.9774300487458164,7.583554523747848e-4,0.9190889002209742,0.563633441925049,0.7912153315081538,0.8707376106019125,low_flow,6893620.csv
6893620,2013-10-13,nighttime,6,-0.7986388724187764,0.05673723083495261,-0.23093629343628977,0.563633441925049,0.7912153315081538,0.8707376106019125,low_flow,6893620.csv
6893620,2013-10-14,daytime,6,0.5163899109949399,0.29426502342170446,0.7649532710280464,0.28737461566925,0.8671586715867159,0.8875729079871444,low_flow,6893620.csv
6893620,2013-10-14,nighttime,6,-0.40001332844623905,0.4319832062643285,-0.1983805668016156,0.28737461566925,0.8671586715867159,0.8875729079871444,low_flow,6893620.csv
6893620,2013-10-15,daytime,6,0.974660370784604,9.550099656332708e-4,0.9536124131242988,0.285508990287781,0.8679919057255089,0.8974685553307146,low_flow,6893620.csv
6893620,2013-10-15,nighttime,6,0.7648305621075276,0.07645401334414936,1.6808510638297574,0.285508990287781,0.8679919057255089,0.8974685553307146,low_flow,6893620.csv
6893620,2013-10-16,daytime,6,0.9382784673039054,0.00559675583920801,1.5665445665445796,0.520649015903473,0.8044875610046424,0.9006546839661945,low_flow,6893620.csv
6893620,2013-10-16,nighttime,6,-0.6605782590758144,0.1532587770028188,-0.4363636363636091,0.520649015903473,0.8044875610046424,0.9006546839661945,low_flow,6893620.csv
6893620,2013-10-17,daytime,6,0.9870117149652584,2.5194778928384713e-4,0.8183347350714897,0.28323233127594,0.8684085227949053,0.9014482402888544,low_flow,6893620.csv
6893620,2013-10-17,nighttime,6,0.8677720536523057,0.02507039279333934,0.4855453350854145,0.28323233127594,0.8684085227949053,0.9014482402888544,low_flow,6893620.csv
6893620,2013-10-18,daytime,6,0.5700078317729804,0.2375885692075341,0.4603524229074891,0.127257466316223,0.9351862873467444,0.901904535174384,low_flow,6893620.csv
6893620,2013-10-18,nighttime,6,0.9882889308686236,2.0492062876872148e-4,0.44710659898477223,0.127257466316223,0.9351862873467444,0.901904535174384,low_flow,6893620.csv
6893620,2013-10-19,daytime,6,0.9247698894120644,0.00827646928745725,0.81116878467872,0.466061174869537,0.8203190096417093,0.902245764393128,low_flow,6893620.csv
6893620,2013-10-19,nighttime,6,0.051186788688532,0.9232868738956148,0.00218340611354351,0.466061174869537,0.8203190096417093,0.902245764393128,low_flow,6893620.csv
6893620,2013-10-20,daytime,6,0.949285323392544,0.00379274910810625,0.6600043607820353,0.421145349740982,0.8307939531008214,0.9087886362734596,low_flow,6893620.csv
6893620,2013-10-20,nighttime,6,0.9246792242932412,0.00829617324215402,1.2857142857142885,0.421145349740982,0.8307939531008214,0.9087886362734596,low_flow,6893620.csv
6893620,2013-10-21,daytime,6,0.8351507111631097,0.03852301859219881,0.5522378307742564,0.144663274288177,0.92738959647661,0.9220092846089752,low_flow,6893620.csv
6893620,2013-10-21,nighttime,6,-0.2704841192043127,0.604168354605673,-0.04415483368994241,0.144663274288177,0.92738959647661,0.9220092846089752,low_flow,6893620.csv
6893620,2013-10-22,daytime,6,0.576667475623579,0.23088283823453595,0.24732018020817173,0.0389831550419331,0.9762528270443996,0.9164821648216482,low_flow,6893620.csv
6893620,2013-10-22,nighttime,6,-0.10996070624974384,0.8357237276985465,-0.2337662337661993,0.0389831550419331,0.9762528270443996,0.9164821648216482,low_flow,6893620.csv
6893620,2013-10-23,daytime,6,0.9735417875253956,0.00104079464708666,1.2164204163868424,0.0148105593398213,0.9855374360195216,0.8932587390390033,low_flow,6893620.csv
6893620,2013-10-23,nighttime,6,0.99,1.4950000000000385e-4,0.264000000000004,0.0148105593398213,0.9855374360195216,0.8932587390390033,low_flow,6893620.csv
6893620,2013-10-24,daytime,6,0.958797955802186,0.00251144020000499,0.8194430481552208,0.010008648969233,0.9885132722294964,0.8599015990159902,low_flow,6893620.csv
6893620,2013-10-24,nighttime,6,-0.582364741081463,0.22520700837966068,-0.34282178217820736,0.010008648969233,0.9885132722294964,0.8599015990159902,low_flow,6893620.csv
6893620,2013-10-25,daytime,6,0.9984258465216668,3.714988415997073e-6,0.8170224771936416,0.00904006324708462,0.9893465063682896,0.8169305241439511,low_flow,6893620.csv
6893620,2013-10-25,nighttime,6,0.733220100175222,0.09726370761133936,0.15737051792829246,0.00904006324708462,0.9893465063682896,0.8169305241439511,low_flow,6893620.csv
6893620,2013-10-26,daytime,6,0.9913245726181192,1.1256809086727948e-4,0.8728667732858268,0.00890537817031145,0.989644089989287,0.7759512756417887,low_flow,6893620.csv
6893620,2013-10-26,nighttime,6,NA,NA,NA,0.00890537817031145,0.989644089989287,0.7759512756417887,low_flow,6893620.csv
6893620,2013-10-27,daytime,6,0.9955113228934585,3.0177113818398055e-5,0.8554244426205244,0.008970582857728,0.9895845732650876,0.7610165456493274,low_flow,6893620.csv
6893620,2013-10-27,nighttime,6,0.905103639604437,0.01308069281557215,0.16062992125984366,0.008970582857728,0.9895845732650876,0.7610165456493274,low_flow,6893620.csv
6893620,2013-10-28,daytime,6,0.979983016722998,5.970092306460712e-4,0.7370175106167175,0.00898844189941883,0.989525056540888,0.759596079831766,low_flow,6893620.csv
6893620,2013-10-28,nighttime,6,-0.7506289212045709,0.08552521556849942,-0.33166794773250585,0.00898844189941883,0.989525056540888,0.759596079831766,low_flow,6893620.csv
6893620,2013-10-29,daytime,6,-0.9765882506227588,8.157489062743378e-4,-1.70121130551819,0.594511866569519,0.7842518747768122,0.7469745665198587,normal_flow,6893620.csv
6893620,2013-10-29,nighttime,6,0.5021260475372389,0.3101115913841547,1.555555555555546,0.594511866569519,0.7842518747768122,0.7469745665198587,normal_flow,6893620.csv
6893620,2013-10-30,daytime,6,0.8778669372493748,0.021463829524981472,0.4712489970580364,1.75231885910034,0.519640518985835,0.7145895329921041,normal_flow,6893620.csv
6893620,2013-10-30,nighttime,6,-0.9608809136133752,0.00226552235352912,-2.8791208791209093,1.75231885910034,0.519640518985835,0.7145895329921041,normal_flow,6893620.csv
6893620,2013-10-31,daytime,6,0.965394532028315,0.00177558693170167,1.2411764705882182,4.74309015274048,0.3041304606594453,0.6732690552711978,normal_flow,6893620.csv
6893620,2013-10-31,nighttime,6,-0.9340506720166404,0.00638055362900924,-0.36785714285714216,4.74309015274048,0.3041304606594453,0.6732690552711978,normal_flow,6893620.csv
6893620,2013-11-01,daytime,6,-0.17916595297654958,0.734126723381038,-0.03780718336484644,8.63250350952148,0.2238423997143197,0.6405665992143792,normal_flow,6893620.csv
6893620,2013-11-01,nighttime,6,-0.9291974416856904,0.00734203670321876,-0.10929213742218012,8.63250350952148,0.2238423997143197,0.6405665992143792,normal_flow,6893620.csv
6893620,2013-11-02,daytime,6,0.00478344076118437,0.992824893583908,0.00141864094197038,4.37052488327026,0.32049755981430783,0.6206681744236797,normal_flow,6893620.csv
6893620,2013-11-02,nighttime,6,0.9304951853155624,0.00707849282236608,0.42192691029900214,4.37052488327026,0.32049755981430783,0.6206681744236797,normal_flow,6893620.csv
6893620,2013-11-04,daytime,6,-0.785122330000536,0.06429790932783239,-1.7844827586207332,0.504645109176636,0.8094869658374003,0.5890489227472919,normal_flow,6893620.csv
6893620,2013-11-04,nighttime,6,0.7721492802826476,0.07195938237322211,1.4999999999999547,0.504645109176636,0.8094869658374003,0.5890489227472919,normal_flow,6893620.csv
6893620,2013-11-05,daytime,6,-0.8587702953971916,0.02851027239179276,-1.2793296089385888,0.761098980903625,0.7380668967980002,0.572689759155656,normal_flow,6893620.csv
6893620,2013-11-05,nighttime,6,-0.8095826139502814,0.05093602022389479,-1.0781250000000078,0.761098980903625,0.7380668967980002,0.572689759155656,normal_flow,6893620.csv
6893620,2013-11-06,daytime,6,0.8966986281449625,0.01545558671353618,1.1629778672032227,2.00448369979858,0.49047732412808,0.569487759393723,normal_flow,6893620.csv
6893620,2013-11-06,nighttime,6,-0.4150701447055858,0.4131495945125475,-0.9734838540299374,2.00448369979858,0.49047732412808,0.569487759393723,normal_flow,6893620.csv
6893620,2013-11-07,daytime,6,0.3987681590396662,0.43355302913469407,0.2319763475096676,3.48821020126343,0.36573027020592785,0.58333531722414,normal_flow,6893620.csv
6893620,2013-11-07,nighttime,6,-0.4199622299475973,0.4070906620214547,-0.07235621521335958,3.48821020126343,0.36573027020592785,0.58333531722414,normal_flow,6893620.csv
6893620,2013-11-08,daytime,6,-0.13019957648635613,0.8058042023053705,-0.11647309013578028,1.9410538673400899,0.497976431377217,0.6111732730230528,normal_flow,6893620.csv
6893620,2013-11-08,nighttime,6,-0.6653625304514845,0.14923662798971557,-0.5201254573967522,1.9410538673400899,0.497976431377217,0.6111732730230528,normal_flow,6893620.csv
6893620,2013-11-09,daytime,6,0.1057690252271978,0.8419380857867673,0.04620203602192584,0.916902840137482,0.6908701345077967,0.6441534737928024,normal_flow,6893620.csv
6893620,2013-11-09,nighttime,6,-0.6172782297839341,0.19168416200682464,-0.43809523809522993,0.916902840137482,0.6908701345077967,0.6441534737928024,normal_flow,6893620.csv
6893620,2013-11-10,daytime,6,0.45005374514915086,0.370498209315171,0.5245170876671587,0.703925788402557,0.7527675276752768,0.6706066738086736,normal_flow,6893620.csv
6893620,2013-11-10,nighttime,6,0.6296556958369869,0.18033508676602397,0.14792234878870997,0.703925788402557,0.7527675276752768,0.6706066738086736,normal_flow,6893620.csv
6893620,2013-11-11,daytime,6,0.9366393476243634,0.00589467544519813,0.28730853391685174,0.706796407699585,0.7521723604332817,0.678482720311074,normal_flow,6893620.csv
6893620,2013-11-11,nighttime,6,-0.5119921115897161,0.29911759481407774,-1.7999999999999865,0.706796407699585,0.7521723604332817,0.678482720311074,normal_flow,6893620.csv
6893620,2013-11-12,daytime,6,-0.3645732129035989,0.4773685547649617,-0.07262290990766372,0.739845335483551,0.7441376026663492,0.6722294964885133,normal_flow,6893620.csv
6893620,2013-11-12,nighttime,6,-0.8322645165385703,0.03984315356730245,-0.14624905279110656,0.739845335483551,0.7441376026663492,0.6722294964885133,normal_flow,6893620.csv
6893620,2013-11-13,daytime,6,0.6515063996309576,0.16100979553772587,0.3515875725503546,0.767612040042877,0.7362218783478157,0.6698607308653731,normal_flow,6893620.csv
6893620,2013-11-13,nighttime,6,-0.9339940018175498,0.00639140049840635,-0.37553593947036273,0.767612040042877,0.7362218783478157,0.6698607308653731,normal_flow,6893620.csv
6893620,2013-11-14,daytime,6,0.4957455025157865,0.3172998467265774,0.4398794239142531,0.789890766143799,0.7273538864420902,0.678335912391382,normal_flow,6893620.csv
6893620,2013-11-14,nighttime,6,-0.1456963934426952,0.7830017904926514,-0.10556348074179214,0.789890766143799,0.7273538864420902,0.678335912391382,normal_flow,6893620.csv
6893620,2013-11-15,daytime,6,0.7549227225096364,0.08273428534622328,0.8194444444444478,0.807705879211426,0.7216997976431377,0.6919811133595207,normal_flow,6893620.csv
6893620,2013-11-15,nighttime,6,-0.7706270991901171,0.0728840162105298,-1.6622889305816395,0.807705879211426,0.7216997976431377,0.6919811133595207,normal_flow,6893620.csv
6893620,2013-11-16,daytime,6,-0.38710536213690766,0.44834593471228207,-0.689434364994659,0.81852775812149,0.7185454112605643,0.7003769392532635,normal_flow,6893620.csv
6893620,2013-11-16,nighttime,6,-0.9710091778811426,0.00124851872492413,-0.4280000000000079,0.81852775812149,0.7185454112605643,0.7003769392532635,normal_flow,6893620.csv
6893620,2013-11-17,daytime,6,0.9527076100237608,0.00330196885063343,1.1682857569869969,0.822114884853363,0.7172955600523747,0.7007856207594334,normal_flow,6893620.csv
6893620,2013-11-17,nighttime,6,-0.8179897882737172,0.04667678435066855,-1.477611940298543,0.822114884853363,0.7172955600523747,0.7007856207594334,normal_flow,6893620.csv
6893620,2013-11-18,daytime,6,0.8468410125814976,0.03339013623279117,1.2937525858502288,0.830666780471802,0.7144387572907988,0.6983097250327343,normal_flow,6893620.csv
6893620,2013-11-18,nighttime,6,-0.5408542567188614,0.267824858223415,-0.11326112104322206,0.830666780471802,0.7144387572907988,0.6983097250327343,normal_flow,6893620.csv
6893620,2013-11-19,daytime,6,0.9398661913458264,0.00531538823552664,2.4041798107255623,0.826926708221436,0.7156886084989882,0.6961552196167123,normal_flow,6893620.csv
6893620,2013-11-19,nighttime,6,0.37075338895731536,0.4693514402154028,0.12003381234150816,0.826926708221436,0.7156886084989882,0.6961552196167123,normal_flow,6893620.csv
6893620,2013-11-20,daytime,6,-0.90939209459658,0.01194275273030345,-2.8106060606060077,0.876581966876984,0.7025354124508987,0.6945760425346189,normal_flow,6893620.csv
6893620,2013-11-20,nighttime,6,0.4350711297472335,0.3885699354702451,0.7058823529411916,0.876581966876984,0.7025354124508987,0.6945760425346189,normal_flow,6893620.csv
6893620,2013-11-21,daytime,6,0.9482729224943696,0.0039443329947503,1.7366071428571384,1.1662609577179,0.6176050470182122,0.6935563226600008,normal_flow,6893620.csv
6893620,2013-11-21,nighttime,6,-0.9083908614945378,0.01220394871132687,-5.273584905660395,1.1662609577179,0.6176050470182122,0.6935563226600008,normal_flow,6893620.csv
6893620,2013-11-22,daytime,6,0.5005377052301251,0.3118952985390276,0.2119936875328804,1.41559100151062,0.5704082847280085,0.6930881244296314,normal_flow,6893620.csv
6893620,2013-11-22,nighttime,6,-0.987583585289502,2.302939284919364e-4,-0.4435215946843816,1.41559100151062,0.5704082847280085,0.6930881244296314,normal_flow,6893620.csv
6893620,2013-11-23,daytime,6,0.5817028344596028,0.22586352373904023,0.24937388193202284,1.14111423492432,0.6239138197833591,0.6928619608776733,normal_flow,6893620.csv
6893620,2013-11-23,nighttime,6,-0.8522088634540245,0.03114928680001269,-0.5692307692307652,1.14111423492432,0.6239138197833591,0.6928619608776733,normal_flow,6893620.csv
6893620,2013-11-24,daytime,6,0.8081894074941758,0.05165847424429121,0.6300304362529535,0.895888388156891,0.6970003571003452,0.6927548307741141,normal_flow,6893620.csv
6893620,2013-11-24,nighttime,6,-0.8811748192811514,0.02034026383045461,-0.583473861720059,0.895888388156891,0.6970003571003452,0.6927548307741141,normal_flow,6893620.csv
6893620,2013-11-25,daytime,6,0.8733030781396668,0.02306128854958057,0.883910386965376,0.826943516731262,0.7156290917747887,0.6926913462683014,normal_flow,6893620.csv
6893620,2013-11-25,nighttime,6,-0.8533883806753682,0.03066674442767822,-1.3846153846153868,0.826943516731262,0.7156290917747887,0.6926913462683014,normal_flow,6893620.csv
6893620,2013-11-26,daytime,6,0.9480558760672946,0.00397721040659403,0.96545284780579,0.813638150691986,0.7198547791929533,0.692778637463794,normal_flow,6893620.csv
6893620,2013-11-26,nighttime,6,0.7742014509143854,0.0707213093607378,0.3144329896907266,0.813638150691986,0.7198547791929533,0.692778637463794,normal_flow,6893620.csv
6893620,2013-11-27,daytime,6,0.8489504358941725,0.03250078500159435,0.5429846691247776,0.811557531356812,0.7204499464349482,0.6927151529579811,normal_flow,6893620.csv
6893620,2013-11-27,nighttime,6,-0.49377535527728034,0.31953166437383207,-0.15424973767051328,0.811557531356812,0.7204499464349482,0.6927151529579811,normal_flow,6893620.csv
6893620,2013-11-28,daytime,6,0.9411691863412238,0.00508978832930696,0.8261980830670878,0.80991393327713,0.7209260802285442,0.6924651827163433,normal_flow,6893620.csv
6893620,2013-11-28,nighttime,6,0.8264471983167313,0.04256710737080749,1.6153846153846223,0.80991393327713,0.7209260802285442,0.6924651827163433,normal_flow,6893620.csv
6893620,2013-11-29,daytime,6,0.8608667061435837,0.02769043392744786,0.705540051065848,0.811845481395721,0.7203309129865492,0.6980835614807761,normal_flow,6893620.csv
6893620,2013-11-29,nighttime,6,-0.14715995024263187,0.7808535263265775,-0.02165605095540694,0.811845481395721,0.7203309129865492,0.6980835614807761,normal_flow,6893620.csv
6893620,2013-11-30,daytime,6,0.6761508329456203,0.1403350522066075,0.5669087136929377,0.81911426782608,0.7183073443637662,0.70753878506527,normal_flow,6893620.csv
6893620,2013-11-30,nighttime,6,0.3360672201667267,0.5148770833593255,1.0000000000000802,0.81911426782608,0.7183073443637662,0.70753878506527,normal_flow,6893620.csv
6893620,2013-12-01,daytime,6,0.7377543812776473,0.09414146871470684,0.6543682561782074,0.822844564914703,0.7169384597071777,0.7140181724397889,normal_flow,6893620.csv
6893620,2013-12-01,nighttime,6,0.2864633843353053,0.5820586981414712,0.15354157501100033,0.822844564914703,0.7169384597071777,0.7140181724397889,normal_flow,6893620.csv
6893620,2013-12-02,daytime,6,0.7178921176395288,0.10815152815585584,0.5636421930105756,0.825007557868958,0.7163432924651827,0.716148871166131,normal_flow,6893620.csv
6893620,2013-12-02,nighttime,6,0.906486618916974,0.01270825297859584,0.8125000000000044,0.825007557868958,0.7163432924651827,0.716148871166131,normal_flow,6893620.csv
6893620,2013-12-03,daytime,6,0.4417820605853342,0.3804385183340139,0.37582236842105377,0.826925575733185,0.7157481252231878,0.7175018846962663,normal_flow,6893620.csv
6893620,2013-12-03,nighttime,6,0.9689503846043106,0.00143115078920792,1.7489539748954013,0.826925575733185,0.7157481252231878,0.7175018846962663,normal_flow,6893620.csv
6893620,2013-12-04,daytime,6,0.1884423825568244,0.7206822707497398,0.21579476861167105,0.829014301300049,0.7147363409117962,0.7187755425941356,normal_flow,6893620.csv
6893620,2013-12-04,nighttime,6,-0.823898141989266,0.04378717312209558,-2.815384615384633,0.829014301300049,0.7147363409117962,0.7187755425941356,normal_flow,6893620.csv
6893620,2013-12-05,daytime,6,0.7256638444392977,0.1025671750872024,1.435602094240842,0.889550566673279,0.6987858588263302,0.7202594929175098,normal_flow,6893620.csv
6893620,2013-12-05,nighttime,6,0.16700756977112144,0.7518176935276922,0.03110978163326773,0.889550566673279,0.6987858588263302,0.7202594929175098,normal_flow,6893620.csv
6893620,2013-12-06,daytime,6,0.7996605038668345,0.0561834662014939,1.963338533541339,0.878391027450562,0.7018807284847042,0.7200293615839384,normal_flow,6893620.csv
6893620,2013-12-06,nighttime,6,0.9274213941839072,0.007710321540885,1.0044052863436357,0.878391027450562,0.7018807284847042,0.7200293615839384,normal_flow,6893620.csv
6893620,2013-12-07,daytime,6,0.73390253925916,0.09679089223041328,1.6702807357211955,0.838614165782928,0.7122366384954172,0.7182994088005397,normal_flow,6893620.csv
6893620,2013-12-07,nighttime,6,0.916065163467489,0.0102719223308563,0.5683690280065985,0.838614165782928,0.7122366384954172,0.7182994088005397,normal_flow,6893620.csv
6893620,2013-12-08,daytime,6,0.6207766656750991,0.18844738813476028,3.140909090909069,0.809094190597534,0.7211046304011427,0.719164385192239,normal_flow,6893620.csv
6893620,2013-12-08,nighttime,6,0.8207634827468746,0.04530954177496794,5.624999999999987,0.809094190597534,0.7211046304011427,0.719164385192239,normal_flow,6893620.csv
6893620,2013-12-09,daytime,6,0.8354728573474504,0.0383769635293766,3.161073825503363,0.785440862178802,0.7289608379954767,0.7171725588223624,normal_flow,6893620.csv
6893620,2013-12-09,nighttime,6,0.97648063258057,8.232359715033522e-4,0.8231511254019411,0.785440862178802,0.7289608379954767,0.7171725588223624,normal_flow,6893620.csv
6893620,2013-12-10,daytime,6,0.9485532565562208,0.00390206733448129,1.7149321266968294,0.768121719360352,0.7359242947268182,0.7152005713605523,normal_flow,6893620.csv
6893620,2013-12-10,nighttime,6,0.700305976563432,0.12126602624603772,3.0659898477157506,0.768121719360352,0.7359242947268182,0.7152005713605523,normal_flow,6893620.csv
6893620,2013-12-11,daytime,6,0.7446859234057092,0.08945655706811557,1.9999999999999896,0.758124113082886,0.7389596476609928,0.7129429036225846,normal_flow,6893620.csv
6893620,2013-12-11,nighttime,6,0.8757334130860432,0.02220380314605308,3.97752808988767,0.758124113082886,0.7389596476609928,0.7129429036225846,normal_flow,6893620.csv
6893620,2013-12-12,daytime,6,0.92015115915234,0.00930920446477106,2.7518987341772196,0.744747400283813,0.7427092012855613,0.712339800817363,normal_flow,6893620.csv
6893620,2013-12-12,nighttime,6,0.9990632495896692,1.3158409970163409e-6,2.0957910014513828,0.744747400283813,0.7427092012855613,0.712339800817363,normal_flow,6893620.csv
6893620,2013-12-13,daytime,6,-0.11135315859999212,0.8336606252887466,-0.446319018404922,0.821679711341858,0.7174741102249732,0.7141292703249613,normal_flow,6893620.csv
6893620,2013-12-13,nighttime,6,0.9181477364712738,0.00977549295421959,9.318181818181886,0.821679711341858,0.7174741102249732,0.7141292703249613,normal_flow,6893620.csv
6893620,2013-12-14,daytime,6,0.7138505761878917,0.11110706813664428,2.3152709359605903,0.904743075370789,0.6943816212355672,0.7157243185335079,normal_flow,6893620.csv
6893620,2013-12-14,nighttime,6,-0.9477163836863144,0.00402890416889928,-0.4724639001503176,0.904743075370789,0.6943816212355672,0.7157243185335079,normal_flow,6893620.csv
6893620,2013-12-15,daytime,6,0.4583633642933832,0.3606053314124591,1.1218287526427029,0.778965830802917,0.7312819902392572,0.7164702614768084,normal_flow,6893620.csv
6893620,2013-12-15,nighttime,6,0.3752393871932258,0.4635586346878451,0.3888888888888953,0.778965830802917,0.7312819902392572,0.7164702614768084,normal_flow,6893620.csv
6893620,2013-12-16,daytime,6,0.8639004133282214,0.02652415328205675,1.6021496056167102,0.930193066596985,0.6870610641590287,0.7166845216839265,normal_flow,6893620.csv
6893620,2013-12-16,nighttime,6,0.9797521751226804,6.108110733420699e-4,4.0516129032257995,0.930193066596985,0.6870610641590287,0.7166845216839265,normal_flow,6893620.csv
6893620,2013-12-17,daytime,6,0.9280977234277602,0.00756904093086139,1.852491694352164,0.931189239025116,0.6867634805380312,0.7165654882355276,normal_flow,6893620.csv
6893620,2013-12-17,nighttime,6,0.99523138074927,3.40553757815848e-5,1.5798954096455675,0.931189239025116,0.6867634805380312,0.7165654882355276,normal_flow,6893620.csv
6893620,2013-12-18,daytime,6,0.49820383175595656,0.31452310604240247,0.7295219793418112,0.948379397392273,0.6818831091536722,0.7162163234535571,normal_flow,6893620.csv
6893620,2013-12-18,nighttime,6,0.8539504473092258,0.03043805482621946,1.4166666666666718,0.948379397392273,0.6818831091536722,0.7162163234535571,normal_flow,6893620.csv
6893620,2013-12-19,daytime,6,0.6207042499783468,0.18851415699490687,16.14285714285738,0.862458646297455,0.7056897988334722,0.7164742292584216,normal_flow,6893620.csv
6893620,2013-12-19,nighttime,6,-0.5037033118601637,0.30834408544093617,-6.900000000000058,0.862458646297455,0.7056897988334722,0.7164742292584216,normal_flow,6893620.csv
6893620,2013-12-20,daytime,6,-0.7617561804774164,0.07837880271133932,-1.7550158394931314,0.795646905899048,0.7256279014403048,0.7131770027377693,normal_flow,6893620.csv
6893620,2013-12-20,nighttime,6,0.7029058748682494,0.11928588430873828,0.1592078590363345,0.795646905899048,0.7256279014403048,0.7131770027377693,normal_flow,6893620.csv
6893620,2013-12-21,daytime,6,0.31713084346496173,0.5402509719376689,1.491764705882337,0.795404374599457,0.7258064516129032,0.7061699004086816,normal_flow,6893620.csv
6893620,2013-12-21,nighttime,6,-0.20032077005375165,0.7035381220071284,-1.0112359550561432,0.795404374599457,0.7258064516129032,0.7061699004086816,normal_flow,6893620.csv
6893620,2013-12-22,daytime,6,0.888985770500378,0.01780216021088072,8.59237536656889,0.802477478981018,0.7234257826449232,0.6961710907431655,normal_flow,6893620.csv
6893620,2013-12-22,nighttime,6,0.75321092285478,0.08384194720767574,1.2284263959391195,0.802477478981018,0.7234257826449232,0.6961710907431655,normal_flow,6893620.csv
6893620,2013-12-23,daytime,6,0.94761251212416,0.00404478593754285,6.530026109660571,0.798115015029907,0.7243185335079158,0.6869420307106296,normal_flow,6893620.csv
6893620,2013-12-23,nighttime,6,0.9118781383114944,0.01130604025465786,1.5000000000000029,0.798115015029907,0.7243185335079158,0.6869420307106296,normal_flow,6893620.csv
6893620,2013-12-24,daytime,6,0.6136983894270502,0.1950197126587578,4.385793871866279,0.790948510169983,0.7271753362694917,0.687342776653573,normal_flow,6893620.csv
6893620,2013-12-24,nighttime,6,0.987919762596508,2.180167561649155e-4,2.5897435897436054,0.790948510169983,0.7271753362694917,0.687342776653573,normal_flow,6893620.csv
6893620,2013-12-25,daytime,6,0.7798647921118431,0.06735544250123993,4.232538330494037,0.780969142913818,0.7306868229972622,0.6897988334722057,normal_flow,6893620.csv
6893620,2013-12-25,nighttime,6,-0.9711054354194312,0.00124028181724535,-3.7621861152141935,0.780969142913818,0.7306868229972622,0.6897988334722057,normal_flow,6893620.csv
6893620,2013-12-26,daytime,6,0.9800292298711716,5.942650016113884e-4,1.7790449931069068,0.744424879550934,0.7428282347339602,0.6928143474983137,normal_flow,6893620.csv
6893620,2013-12-26,nighttime,6,-0.8278258853475986,0.04191393029854787,-0.592668863261937,0.744424879550934,0.7428282347339602,0.6928143474983137,normal_flow,6893620.csv
6893620,2013-12-27,daytime,6,0.4025873235700095,0.42874399750782827,1.3808894760017552,0.909655809402466,0.6932508034757767,0.6942506844423283,normal_flow,6893620.csv
6893620,2013-12-27,nighttime,6,NA,NA,NA,0.909655809402466,0.6932508034757767,0.6942506844423283,normal_flow,6893620.csv
6893620,2013-12-28,daytime,6,0.584702937387848,0.22289399046249145,1.3974908200734346,1.18595445156097,0.6123675752886562,0.6941951354997421,normal_flow,6893620.csv
6893620,2013-12-28,nighttime,6,0.03448275862068832,0.9482963631145208,0.03448275862062078,1.18595445156097,0.6123675752886562,0.6941951354997421,normal_flow,6893620.csv
6893620,2013-12-29,daytime,6,0.5416151606640205,0.2670178454677979,0.7110998479472841,1.57517802715302,0.544399476252827,0.6940284886719835,normal_flow,6893620.csv
6893620,2013-12-29,nighttime,6,-0.9374135293759586,0.0057530217801404,-0.35367892976588317,1.57517802715302,0.544399476252827,0.6940284886719835,normal_flow,6893620.csv
6893620,2020-07-24,daytime,6,0.9178516579388404,0.00984534226877479,0.41830065359477553,2631.453125,0.0072015236281395,0.0071658135936198,high_flow,6893620.csv
6893620,2020-07-24,nighttime,6,0.895805857939795,0.01571904121523203,0.5437158469945388,2631.453125,0.0072015236281395,0.0071658135936198,high_flow,6893620.csv
6893620,2020-07-25,daytime,6,0.9663421075971628,0.00168021584717665,0.46085252327290566,2529.234375,0.0079157243185335,0.0068364877197159,high_flow,6893620.csv
6893620,2020-07-25,nighttime,6,0.99837931068731,3.937822293698122e-6,0.616139585605223,2529.234375,0.0079157243185335,0.0068364877197159,high_flow,6893620.csv
6893620,2020-07-26,daytime,6,0.9690797840084446,0.00141930884835356,0.41997717515352495,2436.984375,0.00904654207832401,0.0065508074435583,high_flow,6893620.csv
6893620,2020-07-26,nighttime,6,0.9923352422599532,8.789762026739162e-5,0.5754716981132046,2436.984375,0.00904654207832401,0.0065508074435583,high_flow,6893620.csv
6893620,2020-07-27,daytime,6,-0.7440955783130789,0.08985139378137956,-0.13240131578947906,2344.78125,0.01041542673491251,0.0064912907193588,high_flow,6893620.csv
6893620,2020-07-27,nighttime,6,-0.9665586100332868,0.0016587906470085401,-0.8644366660525795,2344.78125,0.01041542673491251,0.0064912907193588,high_flow,6893620.csv
6893620,2020-07-28,daytime,6,-0.26499942821192113,0.6118056099515216,-0.04498419085944637,2908.40625,0.00476133793596,0.0065587430067849,high_flow,6893620.csv
6893620,2020-07-28,nighttime,6,-0.8557008257428548,0.02973106067432686,-0.13313161875945193,2908.40625,0.00476133793596,0.0065587430067849,high_flow,6893620.csv
6893620,2020-07-29,daytime,6,-0.7740209864341685,0.07082979156364544,-0.17462803445575534,3284.28125,0.003213903106773,0.0067253898345435,high_flow,6893620.csv
6893620,2020-07-29,nighttime,6,0.716877059986338,0.10889052961191129,0.03095859753823451,3284.28125,0.003213903106773,0.0067253898345435,high_flow,6893620.csv
6893620,2020-07-30,daytime,6,0.8600131635675314,0.02802285853405393,5.600000000002037,2907.65625,0.0048208546601595,0.0069753600761814,high_flow,6893620.csv
6893620,2020-07-30,nighttime,6,0.974411717353994,9.737632185141232e-4,0.2877973906369908,2907.65625,0.0048208546601595,0.0069753600761814,high_flow,6893620.csv
6893620,2020-07-31,daytime,6,-0.9153500985473686,0.01044512481082644,-0.2735002361832907,2744.4375,0.006546839661945,0.0072531047891124,high_flow,6893620.csv
6893620,2020-07-31,nighttime,6,-0.7905387286107887,0.06121608187177558,-1.061068702290093,2744.4375,0.006546839661945,0.0072531047891124,high_flow,6893620.csv
6893620,2020-08-01,daytime,6,-0.6628109827962694,0.1513760556783813,-0.11587526576896164,2819.859375,0.005594572074753,0.0075348172836567,high_flow,6893620.csv
6893620,2020-08-01,nighttime,6,-0.9374832766243204,0.00574034272519599,-0.14429289303660614,2819.859375,0.005594572074753,0.0075348172836567,high_flow,6893620.csv
6893620,2020-08-02,daytime,6,0.406793446089017,0.423468105235556,0.07564841498558886,2768.203125,0.006189739316748,0.0077411419275483,high_flow,6893620.csv
6893620,2020-08-02,nighttime,6,-0.8358330595385414,0.03821396260660785,-0.12102968652688036,2768.203125,0.006189739316748,0.0077411419275483,high_flow,6893620.csv
6893620,2020-08-03,daytime,6,0.5688995466819051,0.23871190878911247,0.13409090909090707,2650.890625,0.0069634567313415,0.0079276276633734,high_flow,6893620.csv
6893620,2020-08-03,nighttime,6,-0.6433059008747218,0.16815480407177916,-0.02028639618138195,2650.890625,0.0069634567313415,0.0079276276633734,high_flow,6893620.csv
6893620,2020-08-04,daytime,6,0.9161861016799984,0.01024276766693394,0.4909680407596101,2550.015625,0.007618140697536,0.0080863389279054,high_flow,6893620.csv
6893620,2020-08-04,nighttime,6,0.02262663932535999,0.9660658330334796,0.00159277940005697,2550.015625,0.007618140697536,0.0080863389279054,high_flow,6893620.csv
6893620,2020-08-05,daytime,6,0.8994581997669229,0.01465480927601989,0.32353527301713897,2469.65625,0.008451374836329,0.0086616672618339,high_flow,6893620.csv
6893620,2020-08-05,nighttime,6,0.962536783017044,0.00207894926566381,0.28786407766990463,2469.65625,0.008451374836329,0.0086616672618339,high_flow,6893620.csv
6893620,2020-08-06,daytime,6,0.9855057705097996,3.136015394222674e-4,0.7288851351351391,2395.609375,0.00940364242352101,0.00942348133158751,high_flow,6893620.csv
6893620,2020-08-06,nighttime,6,0.9723642339726511,0.00113505013720193,0.6003906250000068,2395.609375,0.00940364242352101,0.00942348133158751,high_flow,6893620.csv
6893620,2020-08-07,daytime,6,0.931142861427022,0.00694872193265476,0.4045363575717174,2338.0625,0.01065349363171051,0.01026861881522041,high_flow,6893620.csv
6893620,2020-08-07,nighttime,6,0.9341011521347504,0.00637089914057324,1.4962121212121229,2338.0625,0.01065349363171051,0.01026861881522041,high_flow,6893620.csv
6893620,2020-08-08,daytime,6,0.8376047515903637,0.03741696371749713,0.3926126412991587,2293.6875,0.01142721104630401,0.01108598182756021,high_flow,6893620.csv
6893620,2020-08-08,nighttime,6,0.8526044058448055,0.03098707313535141,0.9567172568858914,2293.6875,0.01142721104630401,0.01108598182756021,high_flow,6893620.csv
6893620,2020-08-09,daytime,6,0.9044606798048452,0.01325561248100766,0.7468157812985387,2302.890625,0.01101059397690751,0.01202634606991231,high_flow,6893620.csv
6893620,2020-08-09,nighttime,6,0.9798265921055084,6.063446296634546e-4,1.0032722513088883,2302.890625,0.01101059397690751,0.01202634606991231,high_flow,6893620.csv
6893620,2020-08-10,daytime,6,0.9729362459428688,0.00108875879569079,1.0312876052948272,2270.859375,0.01184382811570051,0.01295877474903781,high_flow,6893620.csv
6893620,2020-08-10,nighttime,6,0.9879876107886418,2.155795630142614e-4,0.5094915254237323,2270.859375,0.01184382811570051,0.01295877474903781,high_flow,6893620.csv
6893620,2020-08-11,daytime,6,0.9490228356954044,0.00383177047438579,0.6966408268733909,2231.15625,0.01279609570289251,0.01388723564655001,high_flow,6893620.csv
6893620,2020-08-11,nighttime,6,0.9953530991022432,3.234036006638992e-5,0.7220248667850745,2231.15625,0.01279609570289251,0.01388723564655001,high_flow,6893620.csv
6893620,2020-08-12,daytime,6,0.9665788226962596,0.00165679732724913,0.35276813555333186,2201.328125,0.01339126294488751,0.01486330992342181,high_flow,6893620.csv
6893620,2020-08-12,nighttime,6,0.9950728584930107,3.6355277719012094e-5,0.6435194318406036,2201.328125,0.01339126294488751,0.01486330992342181,high_flow,6893620.csv
6893620,2020-08-13,daytime,6,0.9596213216091134,0.00241273904376369,0.587804878048779,2107.4375,0.01464111415307701,0.01587906201642661,high_flow,6893620.csv
6893620,2020-08-13,nighttime,6,0.9891810031810496,1.7494285271957738e-4,0.9591836734693736,2107.4375,0.01464111415307701,0.01587906201642661,high_flow,6893620.csv
6893620,2020-08-14,daytime,6,0.9689854293362689,0.00142793887669789,0.581465734668876,1965.40625,0.01749791691465302,0.01692258858072451,high_flow,6893620.csv
6893620,2020-08-14,nighttime,6,0.9995358005217264,3.2317172032437857e-7,0.9330009348706632,1965.40625,0.01749791691465302,0.01692258858072451,high_flow,6893620.csv
6893620,2020-08-15,daytime,6,0.971073905738035,0.00124297688856897,0.7884937792288014,1854.109375,0.01880728484704202,0.01798198627147561,high_flow,6893620.csv
6893620,2020-08-15,nighttime,6,0.9627191469497006,0.00205888538566841,0.6850086655112613,1854.109375,0.01880728484704202,0.01798198627147561,high_flow,6893620.csv
6893620,2020-08-16,daytime,6,0.9043754664998404,0.01327887928563091,0.9422614274258204,1805.515625,0.01970003571003452,0.01912867515771931,high_flow,6893620.csv
6893620,2020-08-16,nighttime,6,0.8973680075572021,0.0152594606984815,0.13035331905781614,1805.515625,0.01970003571003452,0.01912867515771931,high_flow,6893620.csv
6893620,2020-08-17,daytime,6,0.8508425641955131,0.03171268809358195,0.6300734441438034,1787.78125,0.02017616950363052,0.02046581756140142,high_flow,6893620.csv
6893620,2020-08-17,nighttime,6,0.9921150214221924,9.30142148169914e-5,0.7222863741339516,1787.78125,0.02017616950363052,0.02046581756140142,high_flow,6893620.csv
6893620,2020-08-18,daytime,6,0.91647719600291,0.01017275818591268,1.0094460045953544,1758.15625,0.02089037019402452,0.02193786453993572,high_flow,6893620.csv
6893620,2020-08-18,nighttime,6,0.9940701611113792,5.2640228436967954e-5,0.34058475461190335,1758.15625,0.02089037019402452,0.02193786453993572,high_flow,6893620.csv
6893620,2020-08-19,daytime,6,0.8463671938087779,0.03359145813856373,0.5264797507788237,1716.34375,0.02225925485061302,0.02353291274848232,high_flow,6893620.csv
6893620,2020-08-19,nighttime,6,0.973851681096354,0.00101666261728908,0.3387096774193539,1716.34375,0.02225925485061302,0.02353291274848232,high_flow,6893620.csv
6893620,2020-08-20,daytime,6,0.901071124023992,0.01419627913162708,0.4459459459459441,1682.640625,0.02368765623140102,0.02523509106058802,high_flow,6893620.csv
6893620,2020-08-20,nighttime,6,0.9915541453404084,1.0669745959765038e-4,0.3486033519553056,1682.640625,0.02368765623140102,0.02523509106058802,high_flow,6893620.csv
6893620,2020-08-21,daytime,6,0.7048822383013323,0.11779017394998158,0.3649751596877191,1652.078125,0.02505654088798952,0.02691346268301392,high_flow,6893620.csv
6893620,2020-08-21,nighttime,6,0.9531774085179766,0.00323720673665319,0.41782502044153425,1652.078125,0.02505654088798952,0.02691346268301392,high_flow,6893620.csv
6893620,2020-08-22,daytime,6,0.7817304015999155,0.06626306800981697,0.35806451612903295,1621.71875,0.02654445899297702,0.02844502638574772,high_flow,6893620.csv
6893620,2020-08-22,nighttime,6,0.958415863567048,0.00255790611989228,0.3491907797940172,1621.71875,0.02654445899297702,0.02844502638574772,high_flow,6893620.csv
6893620,2020-08-23,daytime,6,0.570712392559254,0.23687552977084236,0.26531376366631604,1590.328125,0.02862754433995952,0.02990517001944213,high_flow,6893620.csv
6893620,2020-08-23,nighttime,6,0.9969053732168844,1.4350254210910057e-5,0.4344244526338566,1590.328125,0.02862754433995952,0.02990517001944213,high_flow,6893620.csv
6893620,2020-08-24,daytime,6,0.829526153416658,0.04111489999549776,0.39139633286318737,1557.15625,0.03106773003213903,0.03133357140023013,high_flow,6893620.csv
6893620,2020-08-24,nighttime,6,0.9854550248438672,3.157959128582985e-4,0.3545519203413972,1557.15625,0.03106773003213903,0.03133357140023013,high_flow,6893620.csv
6893620,2020-08-25,daytime,6,0.9164285100459062,0.01018445115316008,0.46387923804959946,1519.359375,0.03392453279371503,0.03262706820616593,high_flow,6893620.csv
6893620,2020-08-25,nighttime,6,0.8729148483442863,0.02319970065886412,0.323364485981309,1519.359375,0.03392453279371503,0.03262706820616593,high_flow,6893620.csv
6893620,2020-08-26,daytime,6,0.8843681528494737,0.01928304535187229,0.4118721912193221,1474.75,0.03672181883109154,0.03383327381660913,high_flow,6893620.csv
6893620,2020-08-26,nighttime,6,0.9749286962377652,9.34975870390512e-4,0.5688622754491016,1474.75,0.03672181883109154,0.03383327381660913,high_flow,6893620.csv
6893620,2020-08-27,daytime,6,0.6346470892676979,0.1758399685614782,0.2587435338517096,1427.90625,0.03892393762647304,0.03501170495575923,high_flow,6893620.csv
6893620,2020-08-27,nighttime,6,0.9702066988691096,0.00131823831370369,0.6208044382801685,1427.90625,0.03892393762647304,0.03501170495575923,high_flow,6893620.csv
6893620,2020-08-28,daytime,6,0.8339367046461854,0.03907576184780186,0.3810954471920487,1386.984375,0.03981668848946554,0.03615839384200294,high_flow,6893620.csv
6893620,2020-08-28,nighttime,6,0.9618299733193272,0.0021576204771398,0.5204255319148912,1386.984375,0.03981668848946554,0.03615839384200294,high_flow,6893620.csv
6893620,2020-08-30,daytime,6,0.4602078681832472,0.3584222049053182,0.13222947761193976,1350.796875,0.04070943935245804,0.03836051263738443,high_flow,6893620.csv
6893620,2020-08-30,nighttime,6,-0.8792415845620652,0.02099340682212809,-0.11648936170212564,1350.796875,0.04070943935245804,0.03836051263738443,high_flow,6893620.csv
6893620,2020-08-31,daytime,6,-0.9025588558565484,0.01377957391169701,-1.7515006002401077,1336.8515625,0.04112605642185454,0.03936436138554934,high_flow,6893620.csv
6893620,2020-08-31,nighttime,6,0.9492295409944717,0.00380102529097144,0.4981203007518678,1336.8515625,0.04112605642185454,0.03936436138554934,high_flow,6893620.csv
6893620,2020-09-01,daytime,6,0.04027007173229393,0.9396275449598904,0.00819155639571001,1391.9375,0.03957862159266754,0.04030869340951474,high_flow,6893620.csv
6893620,2020-09-01,nighttime,6,0.6862046070395112,0.13225199140466243,0.10300429184549728,1391.9375,0.03957862159266754,0.04030869340951474,high_flow,6893620.csv
6893620,2020-09-02,daytime,6,0.9732124997279908,0.00106674430066128,0.3026681489716543,1424.53125,0.03898345435067254,0.04108241082410824,high_flow,6893620.csv
6893620,2020-09-02,nighttime,6,0.9832859480508483,4.1670468396856343e-4,0.3528654217643246,1424.53125,0.03898345435067254,0.04108241082410824,high_flow,6893620.csv
6893620,2020-09-03,daytime,6,0.8787700302444462,0.02115421776470599,0.5029850746268764,1385.6171875,0.03993572193786454,0.04147918898543824,high_flow,6893620.csv
6893620,2020-09-03,nighttime,6,0.9758409839906328,8.684367796694675e-4,0.3796033994334271,1385.6171875,0.03993572193786454,0.04147918898543824,high_flow,6893620.csv
6893620,2020-09-04,daytime,6,0.8186866211724032,0.04633151492876757,0.34851537181396286,1345.921875,0.04088798952505654,0.04149109233027814,high_flow,6893620.csv
6893620,2020-09-04,nighttime,6,0.989878694988478,1.531428053365755e-4,0.28840304182509446,1345.921875,0.04088798952505654,0.04149109233027814,high_flow,6893620.csv
6893620,2020-09-05,daytime,6,-0.9933783813453604,6.56235852163328e-5,-0.3234256926952164,1316.5546875,0.04178074038804904,0.04140380113478554,high_flow,6893620.csv
6893620,2020-09-05,nighttime,6,-0.5140986530550204,0.2967894955354355,-0.33095998035844976,1316.5546875,0.04178074038804904,0.04140380113478554,high_flow,6893620.csv
6893620,2020-09-06,daytime,6,-0.07727312990284788,0.8843210093530004,-0.01450133175495768,1295.296875,0.04285204142364004,0.04130857437606634,high_flow,6893620.csv
6893620,2020-09-06,nighttime,6,0.16186683836549878,0.7593202687185485,0.01310043668122817,1295.296875,0.04285204142364004,0.04130857437606634,high_flow,6893620.csv
6893620,2020-09-07,daytime,6,0.7624613497319481,0.07793540266201782,0.2083094555873899,1275.859375,0.04368527556243304,0.04122921874380034,high_flow,6893620.csv
6893620,2020-09-07,nighttime,6,0.6059207534257681,0.20234773027723457,0.1176470588235322,1275.859375,0.04368527556243304,0.04122921874380034,high_flow,6893620.csv
6893620,2020-09-08,daytime,6,-0.9724819909634764,0.00112544235211913,-0.4895912475307646,1258.234375,0.04523271039162004,0.04117366980121414,high_flow,6893620.csv
6893620,2020-09-08,nighttime,6,0.9606260681835606,0.00229493892868402,0.09753196550698716,1258.234375,0.04523271039162004,0.04117366980121414,high_flow,6893620.csv
6893620,2020-09-09,daytime,6,-0.9344789427051872,0.00629887218088694,-2.3393665158370593,1255.1796875,0.04553029401261754,0.04124508987025354,high_flow,6893620.csv
6893620,2020-09-09,nighttime,6,-0.5614741761948353,0.2462920152758147,-0.06636910537550884,1255.1796875,0.04553029401261754,0.04124508987025354,high_flow,6893620.csv
6893620,2020-09-12,daytime,6,0.5831092562596495,0.2244694720512773,0.0789611556021228,1437.59375,0.03850732055707653,0.04174899813514264,high_flow,6893620.csv
6893620,2020-09-12,nighttime,6,NA,NA,NA,1437.59375,0.03850732055707653,0.04174899813514264,high_flow,6893620.csv
6893620,2020-09-13,daytime,6,0.7042030702834908,0.11830323744822692,0.2306750344405334,1418.90625,0.03904297107487204,0.04191167718128794,high_flow,6893620.csv
6893620,2020-09-13,nighttime,6,0.8873555250476293,0.01831850625294044,0.2313167259786525,1418.90625,0.03904297107487204,0.04191167718128794,high_flow,6893620.csv
6893620,2020-09-14,daytime,6,0.9216532485142712,0.00896686565996361,0.3421985815602811,1394.0234375,0.03951910486846804,0.04209419513549974,high_flow,6893620.csv
6893620,2020-09-14,nighttime,6,0.9828602755363076,4.381376622834091e-4,0.3384207033842128,1394.0234375,0.03951910486846804,0.04209419513549974,high_flow,6893620.csv
6893620,2020-09-15,daytime,6,0.9295614494271331,0.00726764052703291,0.8144796380090531,1372.1328125,0.04029282228306154,0.04226084196325834,high_flow,6893620.csv
6893620,2020-09-15,nighttime,6,0.9976087019475822,8.570622475796056e-6,0.8227599738391117,1372.1328125,0.04029282228306154,0.04226084196325834,high_flow,6893620.csv
6893620,2020-09-16,daytime,6,0.961050991672541,0.00224599455999708,0.5468497576736671,1351.0703125,0.04064992262825854,0.04231242312423124,high_flow,6893620.csv
6893620,2020-09-16,nighttime,6,0.9935106509326148,6.303083837495478e-5,1.012219959266777,1351.0703125,0.04064992262825854,0.04231242312423124,high_flow,6893620.csv
6893620,2020-09-17,daytime,6,0.9464143239568128,0.00423020339924591,0.8604978863316107,1328.71875,0.04142364004285204,0.04233622981391104,high_flow,6893620.csv
6893620,2020-09-17,nighttime,6,0.9951385284209778,3.5393411089510175e-5,0.8945497630331722,1328.71875,0.04142364004285204,0.04233622981391104,high_flow,6893620.csv
6893620,2020-09-18,daytime,6,0.9785511334762328,6.851469956506024e-4,0.7715669014084506,1305.6640625,0.04243542435424354,0.04259810340038884,high_flow,6893620.csv
6893620,2020-09-18,nighttime,6,0.947618982527799,0.00404379572901382,0.32983193277310724,1305.6640625,0.04243542435424354,0.04259810340038884,high_flow,6893620.csv
6893620,2020-09-19,daytime,6,0.9684895731154828,0.00147371704191493,0.8451151707704584,1285.671875,0.04350672538983454,0.04318533507915724,high_flow,6893620.csv
6893620,2020-09-19,nighttime,6,0.995912086848324,2.5032394275765377e-5,0.4056517775752101,1285.671875,0.04350672538983454,0.04318533507915724,high_flow,6893620.csv
6893620,2020-09-20,daytime,6,0.812912838241356,0.04922823357171264,0.6188315371525854,1268.140625,0.04422092608022855,0.04387572907987144,high_flow,6893620.csv
6893620,2020-09-20,nighttime,6,0.981651232054873,5.019271209677931e-4,0.2879841112214529,1268.140625,0.04422092608022855,0.04387572907987144,high_flow,6893620.csv
6893620,2020-09-21,daytime,6,0.33852503402961065,0.5116097977694593,0.2455839845840921,1252.828125,0.04558981073681704,0.04421695829861524,high_flow,6893620.csv
6893620,2020-09-21,nighttime,6,0.977831130756132,7.31740602793614e-4,0.5530085959885461,1252.828125,0.04558981073681704,0.04421695829861524,high_flow,6893620.csv
6893620,2020-09-22,daytime,6,0.5114753999482916,0.29968969422904823,0.3088152723189222,1244.1875,0.04618497797881205,0.04455818751735904,high_flow,6893620.csv
6893620,2020-09-22,nighttime,6,0.9852844858322184,3.2322624033942845e-4,0.2807971014492751,1244.1875,0.04618497797881205,0.04455818751735904,high_flow,6893620.csv
6893620,2020-09-23,daytime,6,0.27880232843875213,0.5926322627624996,0.24221453287195788,1247,0.04600642780621354,0.04499861127643535,high_flow,6893620.csv
6893620,2020-09-23,nighttime,6,0.9484781995078392,0.00391336168417888,0.8499999999999568,1247,0.04600642780621354,0.04499861127643535,high_flow,6893620.csv
6893620,2020-09-24,daytime,6,0.5335150636043622,0.275656821117995,0.39517443756113474,1248.6796875,0.04588739435781455,0.04549061619648455,high_flow,6893620.csv
6893620,2020-09-24,nighttime,6,0.9551258588914516,0.00297535153849339,0.24585876198779885,1248.6796875,0.04588739435781455,0.04549061619648455,high_flow,6893620.csv
6893620,2020-09-25,daytime,6,0.4158473884066387,0.4121849643935598,0.24447439353099792,1238.359375,0.04660159504820854,0.04596674999008054,high_flow,6893620.csv
6893620,2020-09-25,nighttime,6,0.8287065682522429,0.04149916168543659,0.29524028512301603,1238.359375,0.04660159504820854,0.04596674999008054,high_flow,6893620.csv
6893620,2020-09-26,daytime,6,0.4032446246440097,0.42791810658103335,0.2541904949714066,1221.7890625,0.04791096298059755,0.04642304487561004,high_flow,6893620.csv
6893620,2020-09-26,nighttime,6,0.9867749463381998,2.611965220751483e-4,0.5726783310901734,1221.7890625,0.04791096298059755,0.04642304487561004,high_flow,6893620.csv
6893620,2020-09-27,daytime,6,0.31637333113462923,0.5412732364190307,0.23385784047748093,1205.828125,0.04886323056778955,0.04683966194500655,high_flow,6893620.csv
6893620,2020-09-27,nighttime,6,0.9433296615995094,0.00472629171349382,0.6452328159645124,1205.828125,0.04886323056778955,0.04683966194500655,high_flow,6893620.csv
6893620,2020-09-28,daytime,6,0.9108409250396488,0.01156963304232762,0.6230769230769193,1270.1875,0.04416140935602904,0.04725231123278974,high_flow,6893620.csv
6893620,2020-09-28,nighttime,6,0.9913997298928512,1.1062891090724792e-4,0.3927884615384628,1270.1875,0.04416140935602904,0.04725231123278974,high_flow,6893620.csv
6893620,2020-09-29,daytime,6,0.7980130200196022,0.05707770297435849,0.35772646536411845,1262.515625,0.04463754314962504,0.04763321826766655,high_flow,6893620.csv
6893620,2020-09-29,nighttime,6,0.847208708685018,0.033234298052643677,0.14005123825790353,1262.515625,0.04463754314962504,0.04763321826766655,high_flow,6893620.csv
6893620,2020-09-30,daytime,6,0.6419232575705389,0.16937231761541346,0.3647469458987755,1234.65625,0.04689917866920604,0.04803396421060985,high_flow,6893620.csv
6893620,2020-09-30,nighttime,6,0.956771882658514,0.00276261564753186,0.15147112241191485,1234.65625,0.04689917866920604,0.04803396421060985,high_flow,6893620.csv
6893620,2020-10-01,daytime,6,0.953787478399234,0.00315405006427703,0.7314255710160166,1217.859375,0.04802999642899654,0.04849819465936594,high_flow,6893620.csv
6893620,2020-10-01,nighttime,6,0.959863245954922,0.00238410920482553,0.2486795774647877,1217.859375,0.04802999642899654,0.04849819465936594,high_flow,6893620.csv
6893620,2020-10-02,daytime,6,0.9711781686242767,0.00123407582745679,0.5992176386913228,1208.2109375,0.04856564694679205,0.04903781295877475,high_flow,6893620.csv
6893620,2020-10-02,nighttime,6,0.9714996258133456,0.00120683197476332,0.3868732164696374,1208.2109375,0.04856564694679205,0.04903781295877475,high_flow,6893620.csv
6893620,2020-10-03,daytime,6,0.9556725490898398,0.00290383434450006,0.984982332155478,1199.0546875,0.04927984763718605,0.04958139903979685,high_flow,6893620.csv
6893620,2020-10-03,nighttime,6,NA,NA,NA,1199.0546875,0.04927984763718605,0.04958139903979685,high_flow,6893620.csv
6893620,2020-10-04,daytime,6,0.9173771438665492,0.00995779056787208,0.6600633914421548,1190.6328125,0.04975598143078205,0.05007340395984605,high_flow,6893620.csv
6893620,2020-10-04,nighttime,6,0.8717372244531133,0.02362196214778411,0.1108225108225116,1190.6328125,0.04975598143078205,0.05007340395984605,high_flow,6893620.csv
6893620,2020-10-05,daytime,6,0.6847521788012878,0.1334069315417782,0.27674185702704046,1181.796875,0.05041066539697655,0.05052969884537555,high_flow,6893620.csv
6893620,2020-10-05,nighttime,6,0.9349288794797344,0.00621361236899983,0.45238095238095777,1181.796875,0.05041066539697655,0.05052969884537555,high_flow,6893620.csv
6893620,2020-10-06,daytime,6,0.3375638941539586,0.512886757438651,0.1682336970184529,1169.2578125,0.05130341625996905,0.05132325516803555,high_flow,6893620.csv
6893620,2020-10-06,nighttime,6,0.9162708326722953,0.01022236545288019,0.9374999999999968,1169.2578125,0.05130341625996905,0.05132325516803555,high_flow,6893620.csv
6893620,2020-10-07,daytime,6,0.12613622262865493,0.8117991015711585,0.05931879066207166,1155.34375,0.05219616712296155,0.05190255128357735,high_flow,6893620.csv
6893620,2020-10-07,nighttime,6,0.943296640566282,0.00473174812382944,0.6888111888111986,1155.34375,0.05219616712296155,0.05190255128357735,high_flow,6893620.csv
6893620,2020-10-08,daytime,6,0.16003869050943337,0.7619914503107105,0.05527152134862355,1145.765625,0.05296988453755505,0.05225965162877435,high_flow,6893620.csv
6893620,2020-10-08,nighttime,6,0.8795434461109204,0.02089077293120096,0.25363825363825754,1145.765625,0.05296988453755505,0.05225965162877435,high_flow,6893620.csv
6893620,2020-10-09,daytime,6,0.36636950223547066,0.4750340151902149,0.15952159683219486,1139.34375,0.05398166884894655,0.05257310637622505,high_flow,6893620.csv
6893620,2020-10-09,nighttime,6,0.9467162228902556,0.00418310074625213,0.5750708215297328,1139.34375,0.05398166884894655,0.05257310637622505,high_flow,6893620.csv
6893620,2020-10-10,daytime,6,0.6129740068813228,0.19569753768694156,0.24540013300819985,1133.4921875,0.05475538626354005,0.05290640003174225,high_flow,6893620.csv
6893620,2020-10-10,nighttime,6,0.9829747011189858,4.3232371958792866e-4,0.5689530685920507,1133.4921875,0.05475538626354005,0.05290640003174225,high_flow,6893620.csv
6893620,2020-10-11,daytime,6,0.5701671881989607,0.23742722077152795,0.3339343296002211,1128.46875,0.05529103678133555,0.05323572590564615,high_flow,6893620.csv
6893620,2020-10-11,nighttime,6,0.9473566387492514,0.00408403933401565,0.3903345724907019,1128.46875,0.05529103678133555,0.05323572590564615,high_flow,6893620.csv
6893620,2020-10-12,daytime,6,0.7773162306033033,0.068860863541800807,0.6403136752820664,1124.5078125,0.05570765385073206,0.05358489068761655,high_flow,6893620.csv
6893620,2020-10-12,nighttime,6,-0.9387600101141256,0.00551066926141808,-0.19899653213310675,1124.5078125,0.05570765385073206,0.05358489068761655,high_flow,6893620.csv
6893620,2020-10-13,daytime,6,0.9579782881987188,0.00261163491493526,0.876310710000526,1122.640625,0.05606475419592906,0.05387057096377415,high_flow,6893620.csv
6893620,2020-10-13,nighttime,6,-0.39610267609784056,0.4369197119983933,-0.05955227124537766,1122.640625,0.05606475419592906,0.05387057096377415,high_flow,6893620.csv
6893620,2020-10-14,daytime,6,0.6260991181170258,0.18356678306690216,0.27114661654135247,1142.0859375,0.05332698488275205,0.05407292782605245,high_flow,6893620.csv
6893620,2020-10-14,nighttime,6,0.5441154919633927,0.2643726322843278,0.12431318681318725,1142.0859375,0.05332698488275205,0.05407292782605245,high_flow,6893620.csv
6893620,2020-10-15,daytime,6,0.981630194433498,5.030751916184755e-4,0.8224621038125871,1154.65625,0.05225568384716105,0.05421180018251796,high_flow,6893620.csv
6893620,2020-10-15,nighttime,6,-0.22711077163305915,0.6651909501563664,-0.08700322234156832,1154.65625,0.05225568384716105,0.05421180018251796,high_flow,6893620.csv
6893620,2020-10-16,daytime,6,0.9626859638232448,0.00206252908158741,0.8222402597402623,1148.53125,0.05273181764075705,0.05428322025155735,high_flow,6893620.csv
6893620,2020-10-16,nighttime,6,-0.8134533749444339,0.04895358697222646,-0.2062268803945725,1148.53125,0.05273181764075705,0.05428322025155735,high_flow,6893620.csv
6893620,2020-10-17,daytime,6,0.593675304700309,0.2141075825817684,0.29205081361260954,1141.3515625,0.05356505177955005,0.05384676427409436,high_flow,6893620.csv
6893620,2020-10-17,nighttime,6,0.931891116296092,0.0068002576317955,1.3749999999999605,1141.3515625,0.05356505177955005,0.05384676427409436,high_flow,6893620.csv
6893620,2020-10-18,daytime,6,0.0910439542655837,0.8638114003432917,0.4890510948902825,1135.8203125,0.05421973574574455,0.05338650160695155,high_flow,6893620.csv
6893620,2020-10-18,nighttime,6,0.8043630173527622,0.05366685526103861,1.0546623794212218,1135.8203125,0.05421973574574455,0.05338650160695155,high_flow,6893620.csv
6893620,2020-10-19,daytime,6,0.971692768698022,0.00119060773303938,2.8135135135135143,1132.8125,0.05499345316033805,0.05300162679046145,high_flow,6893620.csv
6893620,2020-10-19,nighttime,6,-0.5030577428603558,0.30906706592027866,-0.11373801916932393,1132.8125,0.05499345316033805,0.05300162679046145,high_flow,6893620.csv
6893620,2020-10-20,daytime,6,0.7362128642431068,0.09519784322726256,1.5337078651685303,1133.5546875,0.05469586953934055,0.05266436535333095,high_flow,6893620.csv
6893620,2020-10-20,nighttime,6,0.9705707456232522,0.00128637746053325,1.3710407239818811,1133.5546875,0.05469586953934055,0.05266436535333095,high_flow,6893620.csv
6893620,2020-10-21,daytime,6,0.6875762073443444,0.13116531072665058,0.5854398382204158,1135.21875,0.05433876919414356,0.05235091060588025,high_flow,6893620.csv
6893620,2020-10-21,nighttime,6,0.9055145587189982,0.01296948859805569,0.27331887201735877,1135.21875,0.05433876919414356,0.05235091060588025,high_flow,6893620.csv
6893620,2020-10-22,daytime,6,-0.19657214090623873,0.7089396220213606,-0.04722740804278941,1135.3984375,0.05427925246994405,0.05214061818037535,high_flow,6893620.csv
6893620,2020-10-22,nighttime,6,-0.7678587913149614,0.07457931958974014,-0.8806875631951266,1135.3984375,0.05427925246994405,0.05214061818037535,high_flow,6893620.csv
6893620,2020-10-23,daytime,6,-0.7547352161840055,0.0828552925227476,-1.948717948718008,1137.875,0.05404118557314606,0.05195413244455025,high_flow,6893620.csv
6893620,2020-10-23,nighttime,6,-0.686861658386158,0.13173094421184744,-0.1765869092347234,1137.875,0.05404118557314606,0.05195413244455025,high_flow,6893620.csv
6893620,2020-10-24,daytime,6,0.3450327796711781,0.5029884959498508,0.4285714285714101,1227.734375,0.04743482918700154,0.05177161449033845,high_flow,6893620.csv
6893620,2020-10-24,nighttime,6,0.9732631917600492,0.00106272887616404,0.8795811518324559,1227.734375,0.04743482918700154,0.05177161449033845,high_flow,6893620.csv
6893620,2020-10-25,daytime,6,0.8547043234472878,0.03013259401030401,1.1688311688311377,1223.2421875,0.04785144625639805,0.05160496766257985,high_flow,6893620.csv
6893620,2020-10-25,nighttime,6,NA,NA,0,1223.2421875,0.04785144625639805,0.05160496766257985,high_flow,6893620.csv
6893620,2020-10-26,daytime,6,-0.8541867912633223,0.0303421345891173,-1.1479591836734448,1195.9140625,0.04951791453398405,0.05145419196127445,high_flow,6893620.csv
6893620,2020-10-26,nighttime,6,-0.8563835922896101,0.02945741634535523,-0.15857142857142292,1195.9140625,0.04951791453398405,0.05145419196127445,high_flow,6893620.csv
6893620,2020-10-27,daytime,6,0.7889770499514387,0.0620975298654203,0.5819397993311002,1177.59375,0.05064873229377455,0.05129944847835575,high_flow,6893620.csv
6893620,2020-10-27,nighttime,6,-0.9949763547852382,3.779212597031443e-5,-0.9136363636363486,1177.59375,0.05064873229377455,0.05129944847835575,high_flow,6893620.csv
6893620,2020-10-28,daytime,6,-0.2020947846713622,0.7009848311061704,-0.0988593155893584,1168.546875,0.05136293298416855,0.05119231837479665,high_flow,6893620.csv
6893620,2020-10-28,nighttime,6,1,1.848892746611764e-32,0.5,1168.546875,0.05136293298416855,0.05119231837479665,high_flow,6893620.csv
6893620,2020-10-29,daytime,6,0.5847516531399457,0.22284590114698255,0.25745935322494096,1184.828125,0.05017259850017855,0.05116454390350355,high_flow,6893620.csv
6893620,2020-10-29,nighttime,6,-0.9139860566995014,0.01077941495109537,-2.103896103896196,1184.828125,0.05017259850017855,0.05116454390350355,high_flow,6893620.csv
6893620,2020-10-30,daytime,6,0.33159323520925216,0.5208401606869097,0.11486118671747264,1197.125,0.04945839780978454,0.05115660834027695,high_flow,6893620.csv
6893620,2020-10-30,nighttime,6,0.4546386483185087,0.3650280908683171,0.04889589905363609,1197.125,0.04945839780978454,0.05115660834027695,high_flow,6893620.csv
6893620,2020-10-31,daytime,6,0.5487039139741687,0.25954491478308145,0.2455372435580249,1187.0390625,0.04999404832758005,0.05118835059318335,high_flow,6893620.csv
6893620,2020-10-31,nighttime,6,0.7474763743641422,0.0876007860595853,0.6199999999999992,1187.0390625,0.04999404832758005,0.05118835059318335,high_flow,6893620.csv
6893620,2020-11-03,daytime,6,0.05213796156182437,0.9218639227152756,0.05800711743771979,1150.125,0.05267230091655755,0.05242233067491965,high_flow,6893620.csv
6893620,2020-11-03,nighttime,6,0.9827076298239902,4.459536647408268e-4,0.4952380952381037,1150.125,0.05267230091655755,0.05242233067491965,high_flow,6893620.csv
6893620,2020-11-04,daytime,6,-0.27069514600185324,0.6038749910878052,-0.293103448275868,1144.453125,0.05308891798595405,0.05216045708844185,high_flow,6893620.csv
6893620,2020-11-04,nighttime,6,0.9509490421569212,0.00354998648238966,0.1676592967284023,1144.453125,0.05308891798595405,0.05216045708844185,high_flow,6893620.csv
6893620,2020-11-05,daytime,6,0.3402573921607498,0.5093105773559451,0.45703125000000544,1140.0234375,0.05392215212474705,0.05173590445581875,high_flow,6893620.csv
6893620,2020-11-05,nighttime,6,0.7421892877552831,0.0911316747846437,0.5054347826086917,1140.0234375,0.05392215212474705,0.05173590445581875,high_flow,6893620.csv
6893620,2020-11-06,daytime,6,0.00406904782651965,0.9938964619461386,0.0056564453706447,1136.4609375,0.05416021902154505,0.05141054636352815,high_flow,6893620.csv
6893620,2020-11-06,nighttime,6,0.8325438908874634,0.0397144584177635,0.15088529638183423,1136.4609375,0.05416021902154505,0.05141054636352815,high_flow,6893620.csv
6893620,2020-11-07,daytime,6,0.5567424682125942,0.25117085111585224,0.904996214988657,1134.53125,0.05451731936674205,0.05108122048962425,high_flow,6893620.csv
6893620,2020-11-07,nighttime,6,-0.4786852234414597,0.3368150215417202,-0.04426559356136671,1134.53125,0.05451731936674205,0.05108122048962425,high_flow,6893620.csv
6893620,2020-11-08,daytime,6,0.01017494911916481,0.984738103025406,0.01943489310809028,1133.1328125,0.05493393643613855,0.05061302225925485,high_flow,6893620.csv
6893620,2020-11-08,nighttime,6,0.8655784229010937,0.02588929806641369,0.28947368421053055,1133.1328125,0.05493393643613855,0.05061302225925485,high_flow,6893620.csv
6893620,2020-11-09,daytime,6,-0.23777420013325096,0.6500601686847409,-1.9027355623100592,1134.09375,0.05457683609094155,0.05000595167241995,high_flow,6893620.csv
6893620,2020-11-09,nighttime,6,-0.737223314333134,0.09450480627088996,-0.6886792452830269,1134.09375,0.05457683609094155,0.05000595167241995,high_flow,6893620.csv
6893620,2020-11-10,daytime,6,-0.7526877811747691,0.08418178050114755,-1.364538395168246,1140.8828125,0.05380311867634805,0.04932349323493235,high_flow,6893620.csv
6893620,2020-11-10,nighttime,6,-0.4535349492353757,0.3663422737729233,-0.5666666666666569,1140.8828125,0.05380311867634805,0.04932349323493235,high_flow,6893620.csv
6893620,2020-11-11,daytime,6,0.8104817244978489,0.05047228442474631,0.3668543845534967,1236.7734375,0.04672062849660755,0.04863309923421815,high_flow,6893620.csv
6893620,2020-11-11,nighttime,6,0.8733171499346013,0.02305627907266388,0.24826641554661336,1236.7734375,0.04672062849660755,0.04863309923421815,high_flow,6893620.csv
6893620,2020-11-12,daytime,6,0.8604079412594552,0.02786887285473259,0.8043417756749196,1259.59375,0.04499464349482204,0.04798238304963695,high_flow,6893620.csv
6893620,2020-11-12,nighttime,6,-0.9785219764140394,6.870042805644641e-4,-1.03384279475982,1259.59375,0.04499464349482204,0.04798238304963695,high_flow,6893620.csv
6893620,2020-11-13,daytime,6,0.8880630108473639,0.01809355525604349,0.5643250458868722,1257.9140625,0.04529222711581954,0.04733960242828235,high_flow,6893620.csv
6893620,2020-11-13,nighttime,6,0.02580336895726017,0.961303536684318,0.01118012422360361,1257.9140625,0.04529222711581954,0.04733960242828235,high_flow,6893620.csv
6893620,2020-11-14,daytime,6,0.12349728507218144,0.8156958367174566,0.07053034445051645,1264.1484375,0.04451850970122605,0.04679204856564695,high_flow,6893620.csv
6893620,2020-11-14,nighttime,6,0.6950526718618039,0.12531034533867272,0.32352941176468974,1264.1484375,0.04451850970122605,0.04679204856564695,high_flow,6893620.csv
6893620,2020-11-15,daytime,6,0.986608293355615,2.678058906241126e-4,0.992537313432836,1294.6171875,0.04297107487203904,0.04624846248462484,high_flow,6893620.csv
6893620,2020-11-15,nighttime,6,-0.5616718388851863,0.24608902485826128,-0.12165385634772918,1294.6171875,0.04297107487203904,0.04624846248462484,high_flow,6893620.csv
6893620,2020-11-16,daytime,6,0.4670508868572674,0.3503640998238119,0.4244943820224712,1314.96875,0.04195929056064754,0.04570884418521604,high_flow,6893620.csv
6893620,2020-11-16,nighttime,6,0.5503773244174756,0.2577928418133921,0.19170984455959533,1314.96875,0.04195929056064754,0.04570884418521604,high_flow,6893620.csv
6893620,2020-11-17,daytime,6,0.8367332350842192,0.03780803236455351,0.8286396181384242,1318,0.04172122366384954,0.04520096813871364,high_flow,6893620.csv
6893620,2020-11-17,nighttime,6,0.5001040450410679,0.3123829574483897,0.13467141469731628,1318,0.04172122366384954,0.04520096813871364,high_flow,6893620.csv
6893620,2020-11-18,daytime,6,0.11631406107622884,0.8263157125722865,0.14629580101631076,1307.5625,0.04231639090584454,0.04453041304606595,high_flow,6893620.csv
6893620,2020-11-18,nighttime,6,0.3429971702850023,0.5056805487069068,0.08333333333333633,1307.5625,0.04231639090584454,0.04453041304606595,high_flow,6893620.csv
6893620,2020-11-19,daytime,6,0.145433354110964,0.7833879891251029,0.22490706319702553,1289.390625,0.04332817521723604,0.04410586041344284,high_flow,6893620.csv
6893620,2020-11-19,nighttime,6,-0.610467695667364,0.1980502010332468,-0.6521739130435149,1289.390625,0.04332817521723604,0.04410586041344284,high_flow,6893620.csv
6893620,2020-11-20,daytime,6,0.3896165368952946,0.445147293542239,1.400897531787625,1266.5625,0.04428044280442804,0.04374876006824584,high_flow,6893620.csv
6893620,2020-11-20,nighttime,6,0.17332548750119037,0.742615267030569,0.03337969401947319,1266.5625,0.04428044280442804,0.04374876006824584,high_flow,6893620.csv
6893620,2020-11-21,daytime,6,0.9577654953775108,0.00263796210085917,4.266846361185975,1247.03125,0.04594691108201405,0.04341149863111534,high_flow,6893620.csv
6893620,2020-11-21,nighttime,6,0.9561259810781018,0.00284516710708786,0.4352690463505601,1247.03125,0.04594691108201405,0.04341149863111534,high_flow,6893620.csv
6893620,2020-11-22,daytime,6,0.8559013912784357,0.02965055232676591,0.8744319540779674,1241.609375,0.04636352815141054,0.04320120620561044,high_flow,6893620.csv
6893620,2020-11-22,nighttime,6,0.9262357415334006,0.007961066959475,1.279069767441852,1241.609375,0.04636352815141054,0.04320120620561044,high_flow,6893620.csv
6893620,2020-11-23,daytime,6,-0.6571583276877674,0.15616174265665458,-1.5086206896551757,1234.9609375,0.04683966194500655,0.04321310955045034,high_flow,6893620.csv
6893620,2020-11-23,nighttime,6,-0.944151291762698,0.00459151907315353,-0.3368959107806656,1234.9609375,0.04683966194500655,0.04321310955045034,high_flow,6893620.csv
6893620,2020-11-24,daytime,6,-0.9646620849282246,0.00185108792939666,-0.9582875960483144,1233.75,0.04695869539340554,0.04342736975756854,high_flow,6893620.csv
6893620,2020-11-24,nighttime,6,-0.9909419288087888,1.2270137928437194e-4,-0.8110749185667794,1233.75,0.04695869539340554,0.04342736975756854,high_flow,6893620.csv
6893620,2020-11-25,daytime,6,0.9470496802718948,0.00413137517063349,0.7362637362637368,1275.609375,0.04374479228663254,0.04379637344760544,high_flow,6893620.csv
6893620,2020-11-25,nighttime,6,0.07469974261087518,0.888158800290813,0.03559828504612045,1275.609375,0.04374479228663254,0.04379637344760544,high_flow,6893620.csv
6893620,2020-11-26,daytime,6,0.07952804941960892,0.8809594218209365,0.06134969325152853,1369.2578125,0.04035233900726104,0.04420505495377534,high_flow,6893620.csv
6893620,2020-11-26,nighttime,6,-0.9298231694188712,0.00721437833483197,-0.13802221047064958,1369.2578125,0.04035233900726104,0.04420505495377534,high_flow,6893620.csv
6893620,2020-11-27,daytime,6,0.8501339404880942,0.03200677014660153,1.2410015649452295,1389.0234375,0.03963813831686704,0.04462563980478514,high_flow,6893620.csv
6893620,2020-11-27,nighttime,6,-0.6384423980690588,0.1724537394593981,-0.4347826086956401,1389.0234375,0.03963813831686704,0.04462563980478514,high_flow,6893620.csv
6893620,2020-11-28,daytime,6,0.4168180950811989,0.4109812876759733,0.5191518467852249,1373.5859375,0.04023330555886204,0.04503828909256834,high_flow,6893620.csv
6893620,2020-11-28,nighttime,6,-0.9425380425144584,0.00485794869190411,-0.174681059862606,1373.5859375,0.04023330555886204,0.04503828909256834,high_flow,6893620.csv
6893620,2020-11-29,daytime,6,0.7779377164543066,0.0684923569949852,0.7762784090909048,1328.7265625,0.04136412331865254,0.04541126056421854,high_flow,6893620.csv
6893620,2020-11-29,nighttime,6,0.6440940481460322,0.16746243605352865,0.26400000000002405,1328.7265625,0.04136412331865254,0.04541126056421854,high_flow,6893620.csv
6893620,2020-11-30,daytime,6,0.926621831091751,0.00787898642849821,0.675816238081476,1290.9921875,0.04314962504463754,0.04582390985200174,high_flow,6893620.csv
6893620,2020-11-30,nighttime,6,-0.16105689044774843,0.7605035175960339,-0.01840855106887974,1290.9921875,0.04314962504463754,0.04582390985200174,high_flow,6893620.csv
6893620,2020-12-01,daytime,6,0.4722844688165113,0.34424544073110475,0.4426470588235166,1258.40625,0.04517319366742054,0.04628020473753124,high_flow,6893620.csv
6893620,2020-12-01,nighttime,6,0.5850020437257873,0.22259879603607025,0.7556109725685699,1258.40625,0.04517319366742054,0.04628020473753124,high_flow,6893620.csv
6893620,2020-12-02,daytime,6,0.045999276663377,0.9310497507091,0.04689403166869702,1230.796875,0.04725627901440304,0.04681982303694004,high_flow,6893620.csv
6893620,2020-12-02,nighttime,6,-0.23504505305272047,0.6539250907187163,-0.05966587112171509,1230.796875,0.04725627901440304,0.04681982303694004,high_flow,6893620.csv
6893620,2020-12-03,daytime,6,0.8403328896518036,0.03620513557576373,1.2660550458715591,1209.140625,0.04844661349839305,0.04762131492282664,high_flow,6893620.csv
6893620,2020-12-03,nighttime,6,-0.9677420161613004,0.00154408281557359,-1.3277310924369847,1209.140625,0.04844661349839305,0.04762131492282664,high_flow,6893620.csv
6893620,2020-12-04,daytime,6,0.20075665691022113,0.7029105860247897,0.17343541944073967,1194.140625,0.04963694798238305,0.04871245486648415,high_flow,6893620.csv
6893620,2020-12-04,nighttime,6,0.9038828860740936,0.01341376042539693,1.252032520325202,1194.140625,0.04963694798238305,0.04871245486648415,high_flow,6893620.csv
6893620,2020-12-05,daytime,6,0.3832741216236807,0.4532401201845229,0.3113382899628241,1179.46875,0.05047018212117605,0.04982343371820815,high_flow,6893620.csv
6893620,2020-12-05,nighttime,6,0.596785756143369,0.21109495572581743,0.1342872867363871,1179.46875,0.05047018212117605,0.04982343371820815,high_flow,6893620.csv
6893620,2020-12-06,daytime,6,0.1876818636789709,0.7217827026916712,0.17297111416780728,1164.6328125,0.05154148315676705,0.05082331468475975,high_flow,6893620.csv
6893620,2020-12-06,nighttime,6,0.8562272528076039,0.02951996957499963,0.21241830065360273,1164.6328125,0.05154148315676705,0.05082331468475975,high_flow,6893620.csv
6893620,2020-12-07,daytime,6,0.4071251250992326,0.4230529836816402,0.47369481959282256,1151.6328125,0.05255326746815855,0.05174384001904535,high_flow,6893620.csv
6893620,2020-12-07,nighttime,6,0.964369247255578,0.00188170829098735,0.6017699115044397,1151.6328125,0.05255326746815855,0.05174384001904535,high_flow,6893620.csv
6893620,2020-12-08,daytime,6,0.2333593564597281,0.6563149426212784,0.3336703741152654,1141.078125,0.05368408522794905,0.05256517081299845,high_flow,6893620.csv
6893620,2020-12-08,nighttime,6,0.5541791215375131,0.25382953925755486,0.3318485523385328,1141.078125,0.05368408522794905,0.05256517081299845,high_flow,6893620.csv
6893620,2020-12-09,daytime,6,0.13036877851359507,0.805554707309534,0.14500792393026404,1132.328125,0.05505296988453755,0.05331904931952545,high_flow,6893620.csv
6893620,2020-12-09,nighttime,6,0.9670994612134024,0.0016058616593763,0.7197330791229778,1132.328125,0.05505296988453755,0.05331904931952545,high_flow,6893620.csv
6893620,2020-12-10,daytime,6,0.06430118612769868,0.9036811520181374,0.08144329896906304,1124.25,0.05576717057493156,0.05395786215926675,high_flow,6893620.csv
6893620,2020-12-10,nighttime,6,0.8247411743541794,0.04338188905329121,0.3578292820802837,1124.25,0.05576717057493156,0.05395786215926675,high_flow,6893620.csv
6893620,2020-12-11,daytime,6,0.03290267213450971,0.9506638017816056,0.2641509433963911,1117.6328125,0.05671943816212355,0.05454509383803516,high_flow,6893620.csv
6893620,2020-12-11,nighttime,6,-0.9349534378964974,0.00620897506346292,-2.6896551724139446,1117.6328125,0.05671943816212355,0.05454509383803516,high_flow,6893620.csv
6893620,2020-12-12,daytime,6,0.5022512803982025,0.30997111645463676,0.7898936170212628,1122.140625,0.05630282109272706,0.05509264770067056,high_flow,6893620.csv
6893620,2020-12-12,nighttime,6,0.8690791973418805,0.02458837677910274,0.3888888888888994,1122.140625,0.05630282109272706,0.05509264770067056,high_flow,6893620.csv
6893620,2020-12-13,daytime,6,0.7725441676438979,0.07172038833347921,1.2059800664451856,1129.015625,0.05523152005713605,0.05559258818394635,high_flow,6893620.csv
6893620,2020-12-13,nighttime,6,0.3256352124775537,0.5288120820924942,0.8571428571428723,1129.015625,0.05523152005713605,0.05559258818394635,high_flow,6893620.csv
6893620,2020-12-14,daytime,6,0.8867360168681997,0.01851657829024566,1.0041164363422512,1131.078125,0.05517200333293656,0.05603301194302265,high_flow,6893620.csv
6893620,2020-12-14,nighttime,6,-0.8071638556082622,0.05219328679164745,-0.1872852233676959,1131.078125,0.05517200333293656,0.05603301194302265,high_flow,6893620.csv
6893620,2020-12-15,daytime,6,-0.0663631958862392,0.9006013403757306,-0.4161849710982815,1127.109375,0.05546958695393406,0.05644169344919256,high_flow,6893620.csv
6893620,2020-12-15,nighttime,6,0.8820329639195473,0.02005350469452007,0.7964323189926766,1127.109375,0.05546958695393406,0.05644169344919256,high_flow,6893620.csv
6893620,2020-12-16,daytime,6,0.6884626786368055,0.13046504825111452,2.010600706713777,1120.6875,0.05648137126532555,0.05677895488632305,high_flow,6893620.csv
6893620,2020-12-16,nighttime,6,0.8357160385040174,0.03826688201718151,0.913461538461568,1120.6875,0.05648137126532555,0.05677895488632305,high_flow,6893620.csv
6893620,2020-12-17,daytime,6,0.6763452946926911,0.14017675396040122,0.8705985915492894,1114.984375,0.05683847161052256,0.05704479625441416,high_flow,6893620.csv
6893620,2020-12-17,nighttime,6,0.9280753609806722,0.00757369194092865,1.910112359550576,1114.984375,0.05683847161052256,0.05704479625441416,high_flow,6893620.csv
6893620,2020-12-18,daytime,6,0.12786340335089416,0.8092501175555957,0.2801104972375696,1109.40625,0.05725508867991905,0.05729873427766535,high_flow,6893620.csv
6893620,2020-12-18,nighttime,6,-0.22011562850988983,0.6751589562778404,-0.583333333333287,1109.40625,0.05725508867991905,0.05729873427766535,high_flow,6893620.csv
6893620,2020-12-19,daytime,6,0.8722924126024367,0.02342243574599331,1.3862144420131262,1103.90625,0.05785025592191405,0.05749712335833035,high_flow,6893620.csv
6893620,2020-12-19,nighttime,6,0.8858441634945877,0.01880351848090907,0.7832476120499678,1103.90625,0.05785025592191405,0.05749712335833035,high_flow,6893620.csv
6893620,2020-12-20,daytime,6,0.679612126182274,0.13752893487245754,0.7315866862718872,1103.609375,0.05796928937031306,0.05774709359996825,high_flow,6893620.csv
6893620,2020-12-20,nighttime,6,0.7687727627157745,0.07401765108204553,0.35750000000001986,1103.609375,0.05796928937031306,0.05774709359996825,high_flow,6893620.csv
6893620,2020-12-21,daytime,6,0.6711773200837093,0.1444096621817254,0.960015232292453,1103.234375,0.05814783954291155,0.05808832281871205,high_flow,6893620.csv
6893620,2020-12-21,nighttime,6,0.11902794012872264,0.8223012629365174,0.5454545454544972,1103.234375,0.05814783954291155,0.05808832281871205,high_flow,6893620.csv
6893620,2020-12-22,daytime,6,0.01312145301208343,0.9803189500587504,0.01298378579859279,1095.359375,0.05868349006070705,0.05847319763520216,high_flow,6893620.csv
6893620,2020-12-22,nighttime,6,0.5453768398418634,0.2630420651367638,0.10000000000001308,1095.359375,0.05868349006070705,0.05847319763520216,high_flow,6893620.csv
6893620,2020-12-23,daytime,6,0.5893357263664514,0.21833945034062904,0.6553830491219144,1093.734375,0.05874300678490656,0.05886997579653216,high_flow,6893620.csv
6893620,2020-12-23,nighttime,6,-0.9748433277792438,9.413269332221124e-4,-0.9062500000000024,1093.734375,0.05874300678490656,0.05886997579653216,high_flow,6893620.csv
6893620,2020-12-24,daytime,6,0.8947059586884141,0.01604656386519101,1.5868995633187737,1090.234375,0.05904059040590406,0.05892949252073166,high_flow,6893620.csv
6893620,2020-12-24,nighttime,6,0.04900397160884717,0.926552881391638,0.01266187050360169,1090.234375,0.05904059040590406,0.05892949252073166,high_flow,6893620.csv
6893620,2020-12-25,daytime,6,0.8197040545661618,0.04582953530117884,1.228373702422139,1084.4375,0.05957624092369956,0.05903265484267746,high_flow,6893620.csv
6893620,2020-12-25,nighttime,6,0.6546536707079784,0.1583024233754567,3.000000000000005,1084.4375,0.05957624092369956,0.05903265484267746,high_flow,6893620.csv
6893620,2020-12-26,daytime,6,0.8502664012831008,0.03195170096165811,1.4656982597439925,1079.875,0.05969527437209856,0.05919136610720946,high_flow,6893620.csv
6893620,2020-12-26,nighttime,6,0.8005630939578046,0.05569630984182339,3.324675324675343,1079.875,0.05969527437209856,0.05919136610720946,high_flow,6893620.csv
6893620,2020-12-27,daytime,6,0.9138469969160404,0.01081378147269003,2.269491525423728,1075.03125,0.06005237471729556,0.05935007737174146,high_flow,6893620.csv
6893620,2020-12-27,nighttime,6,0.7692500603909603,0.07372509999425032,0.9802955665024712,1075.03125,0.06005237471729556,0.05935007737174146,high_flow,6893620.csv
6893620,2020-12-28,daytime,6,0.9290907091174164,0.00736392082127349,1.7473010064043846,1070.125,0.06034995833829306,0.05956830536047296,high_flow,6893620.csv
6893620,2020-12-28,nighttime,6,0.8711450137750233,0.02383568240631786,0.386149003147962,1070.125,0.06034995833829306,0.05956830536047296,high_flow,6893620.csv
6893620,2020-12-29,daytime,6,-0.401061409022493,0.4306633011830126,-0.40625000000001105,1065.953125,0.06094512558028806,0.05981034003888426,high_flow,6893620.csv
6893620,2020-12-29,nighttime,6,0.9794709208553084,6.278387165132899e-4,0.6804058338617673,1065.953125,0.06094512558028806,0.05981034003888426,high_flow,6893620.csv
6893620,2020-12-30,daytime,6,-0.18724930115325317,0.7224087439292832,-0.10837438423645884,1062.96875,0.06142125937388406,0.05996508352180296,high_flow,6893620.csv
6893620,2020-12-30,nighttime,6,-0.7063975951388586,0.11664894632781268,-0.35815147625160276,1062.96875,0.06142125937388406,0.05996508352180296,high_flow,6893620.csv
6893620,2020-12-31,daytime,6,0.7972099864215176,0.05751593748432418,0.6445312499999812,1108.78125,0.05737412212831806,0.05952069198111336,high_flow,6893620.csv
6893620,2020-12-31,nighttime,6,0.9568933442890816,0.0027472256059327,0.306008754476731,1108.78125,0.05737412212831806,0.05952069198111336,high_flow,6893620.csv
6893620,2021-01-01,daytime,6,-0.04969530792095646,0.9255184024719204,-0.05235602094240312,1100.21875,0.05838590643970956,0.05866761893425386,high_flow,6893620.csv
6893620,2021-01-01,nighttime,6,-0.14714606591859064,0.7808739018357477,-0.01162790697674422,1100.21875,0.05838590643970956,0.05866761893425386,high_flow,6893620.csv
6893620,2021-01-02,daytime,6,0.6827995560797399,0.1349664432126064,1.0806451612903152,1083.59375,0.05963575764789906,0.05761615680672936,high_flow,6893620.csv
6893620,2021-01-02,nighttime,6,0.6101702158477521,0.19833020871695323,2.1999999999999926,1083.59375,0.05963575764789906,0.05761615680672936,high_flow,6893620.csv
6893620,2021-01-03,daytime,6,0.598835449939208,0.2091191878278518,0.801136363636318,1071.828125,0.06023092488989406,0.05671150259889696,high_flow,6893620.csv
6893620,2021-01-03,nighttime,6,0.7595466255886201,0.07977549230558195,1.7200000000000155,1071.828125,0.06023092488989406,0.05671150259889696,high_flow,6893620.csv
6893620,2021-01-04,daytime,6,0.5585264885178685,0.24932694966064564,0.6446428571428445,1064.015625,0.06124270920128556,0.05599730190850296,high_flow,6893620.csv
6893620,2021-01-04,nighttime,6,0.6464316342904746,0.16541598898044982,1.7857142857142805,1064.015625,0.06124270920128556,0.05599730190850296,high_flow,6893620.csv
6893620,2021-01-05,daytime,6,0.7525800739809403,0.08425182391696813,0.5642857142857035,1061.515625,0.06177835971908106,0.05542990913780105,high_flow,6893620.csv
6893620,2021-01-05,nighttime,6,0.7978170114016092,0.05718452716874613,0.2014278429372752,1061.515625,0.06177835971908106,0.05542990913780105,high_flow,6893620.csv
6893620,2021-01-06,daytime,6,-0.7119880672778993,0.11248088940241364,-0.3753581661891182,1065.84375,0.06100464230448756,0.05491409752807205,high_flow,6893620.csv
6893620,2021-01-06,nighttime,6,0.6070036015434198,0.20132085967428753,4.3260869565217765,1065.84375,0.06100464230448756,0.05491409752807205,high_flow,6893620.csv
6893620,2021-01-07,daytime,6,0.9807838767324594,5.503412231390173e-4,1.0291545189504316,1157.375,0.05207713367456255,0.05447367376899575,high_flow,6893620.csv
6893620,2021-01-07,nighttime,6,0.11575388069913804,0.8271446698118696,0.3962264150943768,1157.375,0.05207713367456255,0.05447367376899575,high_flow,6893620.csv
6893620,2021-01-08,daytime,6,0.9771434032541572,7.776656046847651e-4,1.4702127659574369,1242.390625,0.04624449470301155,0.05438241479188985,high_flow,6893620.csv
6893620,2021-01-08,nighttime,6,0.9887239528393312,1.9000698894352104e-4,0.6580882352941224,1242.390625,0.04624449470301155,0.05438241479188985,high_flow,6893620.csv
6893620,2021-01-09,daytime,6,0.880355976170023,0.02061570495574306,2.289315726290529,1275.140625,0.04380430901083204,0.05425941356187755,high_flow,6893620.csv
6893620,2021-01-09,nighttime,6,0.9763403430524844,8.330469564179066e-4,2.745901639344263,1275.140625,0.04380430901083204,0.05425941356187755,high_flow,6893620.csv
6893620,2021-01-10,daytime,6,0.9372879212221942,0.00577589005396049,1.5174863387978486,1245.3125,0.04612546125461254,0.05408879895250565,high_flow,6893620.csv
6893620,2021-01-10,nighttime,6,0.9965881852095088,1.7440862665723773e-5,1.9999999999999971,1245.3125,0.04612546125461254,0.05408879895250565,high_flow,6893620.csv
6893620,2021-01-11,daytime,6,0.9412912502877392,0.00506889970773004,0.9893992932862123,1198.40625,0.04933936436138555,0.05392611990636035,high_flow,6893620.csv
6893620,2021-01-11,nighttime,6,-0.00338075225170816,0.9949288909425676,-0.0344827586205522,1198.40625,0.04933936436138555,0.05392611990636035,high_flow,6893620.csv
6893620,2021-01-12,daytime,6,0.8759229976302068,0.02213756468986343,0.7487244897959084,1160.140625,0.05183906677776455,0.05375153751537515,high_flow,6893620.csv
6893620,2021-01-12,nighttime,6,0.7449236108056211,0.08929780594338806,1.570469798657706,1160.140625,0.05183906677776455,0.05375153751537515,high_flow,6893620.csv
6893620,2021-01-13,daytime,6,0.7531430769139783,0.08388598509937205,0.7591651056997508,1144.078125,0.05320795143435305,0.05359282625084315,high_flow,6893620.csv
6893620,2021-01-13,nighttime,6,0.9854905927684252,3.142570660866452e-4,1.5504587155963327,1144.078125,0.05320795143435305,0.05359282625084315,high_flow,6893620.csv
6893620,2021-01-14,daytime,6,0.667750837235386,0.14724584873721838,3.5428571428571165,1133.46875,0.05481490298773955,0.05352537396341705,high_flow,6893620.csv
6893620,2021-01-14,nighttime,6,-0.9175640251122048,0.00991343027028505,-3.058823529411792,1133.46875,0.05481490298773955,0.05352537396341705,high_flow,6893620.csv
6893620,2021-01-15,daytime,6,0.8951190647607982,0.0159231701665144,1.5844155844155867,1122.859375,0.05600523747172956,0.05412450898702535,high_flow,6893620.csv
6893620,2021-01-15,nighttime,6,0.7552304088082729,0.08253589258751819,0.27682596934176196,1122.859375,0.05600523747172956,0.05412450898702535,high_flow,6893620.csv
6893620,2021-01-16,daytime,6,0.9596442798756716,0.00241001487711704,3.129110840438495,1120.53125,0.05654088798952506,0.05512835773519025,high_flow,6893620.csv
6893620,2021-01-16,nighttime,6,0.9664565829419606,0.00166887037244005,1.1259640102827737,1120.53125,0.05654088798952506,0.05512835773519025,high_flow,6893620.csv
6893620,2021-01-17,daytime,6,0.8375903606739167,0.03742340574649872,1.215233698788219,1112.390625,0.05707653850732056,0.05631075665595365,high_flow,6893620.csv
6893620,2021-01-17,nighttime,6,0.5685760829073545,0.23904016174694584,0.23724489795920192,1112.390625,0.05707653850732056,0.05631075665595365,high_flow,6893620.csv
6893620,2021-01-18,daytime,6,0.93084080832734,0.00700909669698034,1.7088607594936769,1104.1875,0.05779073919771456,0.05739396103638455,high_flow,6893620.csv
6893620,2021-01-18,nighttime,6,0.9252891980686572,0.00816404909963807,1.2495309568480335,1104.1875,0.05779073919771456,0.05739396103638455,high_flow,6893620.csv
6893620,2021-01-19,daytime,6,0.9291445900589296,0.00735286926959835,1.4294372294372168,1096.3125,0.05862397333650756,0.05792564377256676,high_flow,6893620.csv
6893620,2021-01-19,nighttime,6,-0.4226664576955287,0.4037543469400813,-1.083333333333336,1096.3125,0.05862397333650756,0.05792564377256676,high_flow,6893620.csv
6893620,2021-01-20,daytime,6,0.4560578969330474,0.3633406231783367,0.6256621542083493,1086.46875,0.05939769075110106,0.05826687299131056,high_flow,6893620.csv
6893620,2021-01-20,nighttime,6,0.9472962480357998,0.00409333098360409,0.3741801863997406,1086.46875,0.05939769075110106,0.05826687299131056,high_flow,6893620.csv
6893620,2021-01-21,daytime,6,0.59350066408372,0.21427724243982788,0.6567391304347772,1075.234375,0.05999285799309606,0.05859223108360116,high_flow,6893620.csv
6893620,2021-01-21,nighttime,6,0.6754439211152076,0.1409111477373851,0.0763477718915607,1075.234375,0.05999285799309606,0.05859223108360116,high_flow,6893620.csv
6893620,2021-01-22,daytime,6,0.973253047612128,0.0010635318153839,1.6542491268917312,1065.65625,0.06106415902868706,0.05886204023330556,high_flow,6893620.csv
6893620,2021-01-22,nighttime,6,0.9607061497338032,0.00228567501968764,0.4646680942184187,1065.65625,0.06106415902868706,0.05886204023330556,high_flow,6893620.csv
6893620,2021-01-23,daytime,6,0.03296902366978892,0.9505643824429632,0.10909090909089653,1063.796875,0.06130222592548506,0.05908423600365035,high_flow,6893620.csv
6893620,2021-01-23,nighttime,6,0.9761214407801084,8.484707804332334e-4,0.3879310344827663,1063.796875,0.06130222592548506,0.05908423600365035,high_flow,6893620.csv
6893620,2021-01-24,daytime,6,0.7123395514406677,0.1122210603421326,1.5482758620689554,1062.484375,0.06154029282228306,0.05857635995714796,high_flow,6893620.csv
6893620,2021-01-24,nighttime,6,-0.9829948792595602,4.313024765856952e-4,-1.7873134328358429,1062.484375,0.06154029282228306,0.05857635995714796,high_flow,6893620.csv
6893620,2021-01-25,daytime,6,3.916492294334235e-15,0.999999999999994,-4.005714388874728e-15,1054.515625,0.06237352696107606,0.05753680117446336,high_flow,6893620.csv
6893620,2021-01-25,nighttime,6,0.5184500390649711,0.29200214924104095,1.2857142857143165,1054.515625,0.06237352696107606,0.05753680117446336,high_flow,6893620.csv
6893620,2021-01-26,daytime,6,-0.4342154709483528,0.3896109536758467,-3.753246753246731,1108.921875,0.05731460540411855,0.05629885331111375,high_flow,6893620.csv
6893620,2021-01-26,nighttime,6,0.8724234158836888,0.02337547270693808,0.3962008141112735,1108.921875,0.05731460540411855,0.05629885331111375,high_flow,6893620.csv
6893620,2021-01-27,daytime,6,0.93843840585629,0.0055680908259988,4.026315789473708,1113.3125,0.05695750505892155,0.05512835773519025,high_flow,6893620.csv
6893620,2021-01-27,nighttime,6,0.966479908531388,0.00166656326883186,0.7808641975308678,1113.3125,0.05695750505892155,0.05512835773519025,high_flow,6893620.csv
6893620,2021-01-28,daytime,6,0.9856666336676182,3.0669572360630286e-4,1.8293363078639,1103.3125,0.05808832281871206,0.05416021902154505,high_flow,6893620.csv
6893620,2021-01-28,nighttime,6,0.905670765023612,0.01292733587483564,0.7709090909091073,1103.3125,0.05808832281871206,0.05416021902154505,high_flow,6893620.csv
6893620,2021-01-29,daytime,6,0.8989221043429055,0.01480876814580475,0.7807671816728715,1091.453125,0.05886204023330556,0.05337856604372495,high_flow,6893620.csv
6893620,2021-01-29,nighttime,6,0.9805032039665372,5.664819730178469e-4,1.9372128637059696,1091.453125,0.05886204023330556,0.05337856604372495,high_flow,6893620.csv
6893620,2021-01-30,daytime,6,-0.9099881022521028,0.01178856802751895,-0.2132560325916651,1086.484375,0.05933817402690156,0.05262071975558465,high_flow,6893620.csv
6893620,2021-01-30,nighttime,6,-0.8911018460310808,0.01714251076040636,-4.812500000000074,1086.484375,0.05933817402690156,0.05262071975558465,high_flow,6893620.csv
6893620,2021-01-31,daytime,6,-0.913607140564477,0.01087318291960351,-1.604999999999979,1203.40625,0.04892274729198905,0.05191842241003055,high_flow,6893620.csv
6893620,2021-01-31,nighttime,6,0.1729441686101156,0.7431700999271367,0.01983805668016371,1203.40625,0.04892274729198905,0.05191842241003055,high_flow,6893620.csv
6893620,2021-02-01,daytime,6,0.9854083641324316,3.1782036075346916e-4,1.8665036674816635,1324.875,0.04148315676705154,0.05137483632900845,high_flow,6893620.csv
6893620,2021-02-01,nighttime,6,0.5629716863888048,0.2447557827882431,0.24509803921571136,1324.875,0.04148315676705154,0.05137483632900845,high_flow,6893620.csv
6893620,2021-02-02,daytime,6,0.9653137203403472,0.00178384080443138,0.702054794520537,1407.28125,0.03922152124747054,0.05102567154703805,high_flow,6893620.csv
6893620,2021-02-02,nighttime,6,0.9895490885113182,1.6326159403560474e-4,1.0651865847898048,1407.28125,0.03922152124747054,0.05102567154703805,high_flow,6893620.csv
6893620,2021-02-03,daytime,6,0.869797793978014,0.02432528777967765,0.4567180392423088,1337.5,0.04106653969765504,0.05115264055866365,high_flow,6893620.csv
6893620,2021-02-03,nighttime,6,0.9703180459398892,0.00130845242144943,0.899733806566107,1337.5,0.04106653969765504,0.05115264055866365,high_flow,6893620.csv
6893620,2021-02-04,daytime,6,0.0163911273204761,0.9754155109136282,0.03947368421051908,1259.9375,0.04487561004642304,0.05138277189223505,high_flow,6893620.csv
6893620,2021-02-04,nighttime,6,0.37448265050682816,0.4645342338152125,5.400000000000145,1259.9375,0.04487561004642304,0.05138277189223505,high_flow,6893620.csv
6893620,2021-02-05,daytime,6,0.9752839318733064,9.087767098920888e-4,1.6932630786601384,1211.90625,0.04826806332579455,0.05166051660516605,high_flow,6893620.csv
6893620,2021-02-05,nighttime,6,0.997930155073014,6.421953157789199e-6,0.8656361474435224,1211.90625,0.04826806332579455,0.05166051660516605,high_flow,6893620.csv
6893620,2021-02-06,daytime,6,-0.8685399883697815,0.02478667346717227,-2.0219123505976073,1190.9375,0.04969646470658255,0.05194619688132365,high_flow,6893620.csv
6893620,2021-02-06,nighttime,6,0.9872677220448928,2.421343323577266e-4,1.4586583463338545,1190.9375,0.04969646470658255,0.05194619688132365,high_flow,6893620.csv
6893620,2021-02-07,daytime,6,0.8968009454220169,0.01542553001800298,3.5346534653465307,1176.03125,0.05076776574217355,0.05226361941038765,high_flow,6893620.csv
6893620,2021-02-07,nighttime,6,0.8414536018330749,0.03571275329365842,1.6908517350157786,1176.03125,0.05076776574217355,0.05226361941038765,high_flow,6893620.csv
6893620,2021-02-08,daytime,6,-0.20428620116287763,0.6978334211535948,-1.700000000000165,1142,0.05338650160695155,0.05333888822759195,high_flow,6893620.csv
6893620,2021-02-08,nighttime,6,-0.6743086892153065,0.14183841968191735,-1.2871287128712916,1142,0.05338650160695155,0.05333888822759195,high_flow,6893620.csv
6893620,2021-02-09,daytime,6,0.7883492302231511,0.06245351346288326,1.922535211267579,1111.46875,0.05713605523152006,0.05496171090743165,high_flow,6893620.csv
6893620,2021-02-09,nighttime,6,NA,NA,NA,1111.46875,0.05713605523152006,0.05496171090743165,high_flow,6893620.csv
6893620,2021-02-10,daytime,6,0.3109668187893149,0.5485850738498044,0.92857142857137,1087.375,0.05921914057850256,0.05680672935761616,high_flow,6893620.csv
6893620,2021-02-10,nighttime,6,-0.6178229934782847,0.19117865026572364,-0.6753246753245842,1087.375,0.05921914057850256,0.05680672935761616,high_flow,6893620.csv
6893620,2021-02-11,daytime,6,0.7918758775749035,0.06046595964618016,2.223048327137497,1069.25,0.06040947506249256,0.05858429552037456,high_flow,6893620.csv
6893620,2021-02-11,nighttime,6,-0.6324555320336759,0.17780780835622115,-1.0666666666665297,1069.25,0.06040947506249256,0.05858429552037456,high_flow,6893620.csv
6893620,2021-02-12,daytime,6,0.8758808882982355,0.02215226900242506,2.406593406593387,1055.625,0.06225449351267706,0.06013569813117486,high_flow,6893620.csv
6893620,2021-02-12,nighttime,6,-0.9852906621382604,3.229556403453207e-4,-1.0240963855421577,1055.625,0.06225449351267706,0.06013569813117486,high_flow,6893620.csv
6893620,2021-02-13,daytime,6,0.8371026356695139,0.03764204127434149,2.5657894736841884,1045.03125,0.06314724437566957,0.06148871166131016,high_flow,6893620.csv
6893620,2021-02-13,nighttime,6,-0.5784924073369802,0.2290586333905192,-0.38613861386137854,1045.03125,0.06314724437566957,0.06148871166131016,high_flow,6893620.csv
6893620,2021-02-14,daytime,6,NA,NA,NA,1036.3125,0.06409951196286157,0.06277030512240607,high_flow,6893620.csv
6893620,2021-02-14,nighttime,6,0.7926239891045969,0.06004813187967674,1.4444444444444595,1036.3125,0.06409951196286157,0.06277030512240607,high_flow,6893620.csv
6893620,2021-02-15,daytime,6,0.6787421090247225,0.1382319762227895,4.463414634146337,1028.65625,0.06505177955005356,0.06369479823830497,high_flow,6893620.csv
6893620,2021-02-15,nighttime,6,NA,NA,NA,1028.65625,0.06505177955005356,0.06369479823830497,high_flow,6893620.csv
6893620,2021-02-16,daytime,6,-0.4465974166484186,0.3746406354995884,-2.4375000000000218,1022.1875,0.06582549696464707,0.06427409435384676,high_flow,6893620.csv
6893620,2021-02-16,nighttime,6,NA,NA,-0,1022.1875,0.06582549696464707,0.06427409435384676,high_flow,6893620.csv
6893620,2021-02-17,daytime,6,-0.8958929380492545,0.01569324976020928,-2.1304347826087033,1016.90625,0.06689679800023807,0.06448438677935167,high_flow,6893620.csv
6893620,2021-02-17,nighttime,6,-0.8270572341978858,0.04227751045842588,-1.3076923076922802,1016.90625,0.06689679800023807,0.06448438677935167,high_flow,6893620.csv
6893620,2021-02-18,daytime,6,-0.07277781371744849,0.8910260172779518,-0.17857142857145916,1012.4375,0.06773003213903107,0.06443280561837876,high_flow,6893620.csv
6893620,2021-02-18,nighttime,6,1.2820533698077387e-16,0.9999999999999998,-3.5108334685767e-15,1012.4375,0.06773003213903107,0.06443280561837876,high_flow,6893620.csv
6893620,2021-02-19,daytime,6,0.5335487932252108,0.2756206287112767,0.8658088235294101,1008.25,0.06814664920842757,0.06385350950283697,high_flow,6893620.csv
6893620,2021-02-19,nighttime,6,-1.5547773810495103e-16,0.9999999999999998,-1.0499993317447744e-14,1008.25,0.06814664920842757,0.06385350950283697,high_flow,6893620.csv
6893620,2021-02-20,daytime,6,0.8500666661575589,0.03203475587864436,1.1544084056646704,1004.46875,0.06856326627782407,0.06305598539856366,high_flow,6893620.csv
6893620,2021-02-20,nighttime,6,0.4579845903794763,0.3610542220184569,0.5579710144928715,1004.46875,0.06856326627782407,0.06305598539856366,high_flow,6893620.csv
6893620,2021-02-21,daytime,6,0.9426376141719482,0.00484129112254325,2.037278657968301,1001.15625,0.06892036662302106,0.06225846129429036,high_flow,6893620.csv
6893620,2021-02-21,nighttime,6,0.5831133278944717,0.2244654412474947,5.024390243902416,1001.15625,0.06892036662302106,0.06225846129429036,high_flow,6893620.csv
6893620,2021-02-22,daytime,6,0.837957463033236,0.03725923672998286,1.4453870625662706,1030.53125,0.06463516248065707,0.06138554933936436,high_flow,6893620.csv
6893620,2021-02-22,nighttime,6,0.9634946682455356,0.00197463465085395,3.724409448818907,1030.53125,0.06463516248065707,0.06138554933936436,high_flow,6893620.csv
6893620,2021-02-23,daytime,6,0.326153998880612,0.5281165508554178,0.3812858052196056,1059.40625,0.06207594334007856,0.06039757171765266,high_flow,6893620.csv
6893620,2021-02-23,nighttime,6,0.8917471512398699,0.01694372868997125,6.600000000000068,1059.40625,0.06207594334007856,0.06039757171765266,high_flow,6893620.csv
6893620,2021-02-24,daytime,6,0.3228904271720754,0.5324963511228882,0.4963459196102219,1071.75,0.06029044161409356,0.05939769075110106,high_flow,6893620.csv
6893620,2021-02-24,nighttime,6,0.7748610636442838,0.07032544149935423,5.124223602484487,1071.75,0.06029044161409356,0.05939769075110106,high_flow,6893620.csv
6893620,2021-02-25,daytime,6,0.991185741919161,1.1619432336986916e-4,1.852134831460653,1097.5625,0.05844542316390905,0.05852874657778836,high_flow,6893620.csv
6893620,2021-02-25,nighttime,6,0.9423288923141312,0.00489302919017448,2.7503448275862183,1097.5625,0.05844542316390905,0.05852874657778836,high_flow,6893620.csv
6893620,2021-02-26,daytime,6,0.8142670667571585,0.04854149500872676,0.8295454545454484,1160.5,0.05172003332936555,0.05791770820934015,high_flow,6893620.csv
6893620,2021-02-26,nighttime,6,0.893577035335744,0.01638610598265081,2.4872727272727424,1160.5,0.05172003332936555,0.05791770820934015,high_flow,6893620.csv
6893620,2021-02-27,daytime,6,0.940023052170234,0.00528797584036085,0.6919170545916171,1182.59375,0.05029163194857755,0.05748125223187716,high_flow,6893620.csv
6893620,2021-02-27,nighttime,6,0.8336090315102137,0.03922558520978211,2.9612903225806537,1182.59375,0.05029163194857755,0.05748125223187716,high_flow,6893620.csv
6893620,2021-02-28,daytime,6,0.9804649143045155,5.687018741627932e-4,1.092283098386859,1171.125,0.05118438281157005,0.05716779748442646,high_flow,6893620.csv
6893620,2021-02-28,nighttime,6,-0.8416186061778196,0.03564052668846484,-8.730769230769218,1171.125,0.05118438281157005,0.05716779748442646,high_flow,6893620.csv
6893620,2021-03-01,daytime,6,0.7858280325808634,0.06389245281697595,0.804483017836401,1172,0.05100583263897155,0.05698924731182796,high_flow,6893620.csv
6893620,2021-03-01,nighttime,6,0.9981324368019404,5.228431611850628e-6,0.6150496818131066,1172,0.05100583263897155,0.05698924731182796,high_flow,6893620.csv
6893620,2021-03-02,daytime,6,0.47163706307843056,0.34500023780978023,0.6634208298052486,1183.46875,0.05023211522437805,0.05721937864539936,high_flow,6893620.csv
6893620,2021-03-02,nighttime,6,0.99549307085888,3.0422842127698393e-5,0.3637702503681904,1183.46875,0.05023211522437805,0.05721937864539936,high_flow,6893620.csv
6893620,2021-03-03,daytime,6,0.22039517286757673,0.6747599818130028,0.2856496664028004,1175.90625,0.05082728246637305,0.05766773796770225,high_flow,6893620.csv
6893620,2021-03-03,nighttime,6,0.9974299483199324,9.899260648805734e-6,0.7644341801385661,1175.90625,0.05082728246637305,0.05766773796770225,high_flow,6893620.csv
6893620,2021-03-04,daytime,6,0.12712022325517705,0.8103467679928441,0.165825579561578,1140.09375,0.05386263540054755,0.05825100186485735,high_flow,6893620.csv
6893620,2021-03-04,nighttime,6,0.9710481320565236,0.00124518210399356,0.4374768089053838,1140.09375,0.05386263540054755,0.05825100186485735,high_flow,6893620.csv
6893620,2021-03-05,daytime,6,0.49347869718079607,0.3198682225474536,1.048009723488299,1096.59375,0.05856445661230806,0.05883426576201246,high_flow,6893620.csv
6893620,2021-03-05,nighttime,6,0.9938026946293896,5.7490882089709266e-5,0.664278187565863,1096.59375,0.05856445661230806,0.05883426576201246,high_flow,6893620.csv
6893620,2021-03-06,daytime,6,0.1862531423100607,0.7238508689886651,0.2666073018699892,1062.46875,0.06159980954648256,0.05962385430305916,high_flow,6893620.csv
6893620,2021-03-06,nighttime,6,0.9766510382319972,8.113963998413916e-4,0.3830263812842245,1062.46875,0.06159980954648256,0.05962385430305916,high_flow,6893620.csv
6893620,2021-03-07,daytime,6,0.4371826856890326,0.38600505080122,0.7449748743718598,1038.15625,0.06386144506606356,0.06031821608538666,high_flow,6893620.csv
6893620,2021-03-07,nighttime,6,0.9867302957149044,2.6295927943752694e-4,0.840047044986774,1038.15625,0.06386144506606356,0.06031821608538666,high_flow,6893620.csv
6893620,2021-03-08,daytime,6,0.35527749613656906,0.48950569148643386,0.5694559973382108,1020.75,0.06624211403404356,0.06007618140697536,high_flow,6893620.csv
6893620,2021-03-08,nighttime,6,0.9928836689110146,7.578305903421491e-5,0.9952426260704084,1020.75,0.06624211403404356,0.06007618140697536,high_flow,6893620.csv
6893620,2021-03-09,daytime,6,0.19879510611446016,0.705735481851346,0.3207490184234343,1008.625,0.06808713248422807,0.05788993373804706,high_flow,6893620.csv
6893620,2021-03-09,nighttime,6,0.99391207336571,5.5481458098773805e-5,0.8681204569055001,1008.625,0.06808713248422807,0.05788993373804706,high_flow,6893620.csv
6893620,2021-03-10,daytime,6,0.656518688558144,0.1567072555048087,1.0915989451590271,1002.3125,0.06880133317462207,0.05539816688489465,high_flow,6893620.csv
6893620,2021-03-10,nighttime,6,NA,NA,NA,1002.3125,0.06880133317462207,0.05539816688489465,high_flow,6893620.csv
6893620,2021-03-11,daytime,6,0.8979986270460115,0.01507579470013962,0.7909090909090867,1000.59375,0.06903940007142007,0.05281514105463635,high_flow,6893620.csv
6893620,2021-03-11,nighttime,6,0.9912794200033588,1.1374117963530048e-4,0.6734509643003679,1000.59375,0.06903940007142007,0.05281514105463635,high_flow,6893620.csv
6893620,2021-03-12,daytime,6,-0.8952619293762454,0.01588060351742247,-1.8103579588728105,1014.40625,0.06719438162123556,0.05008927508629925,high_flow,6893620.csv
6893620,2021-03-12,nighttime,6,0.9874506436753184,2.3524134012115107e-4,0.46816901408451034,1014.40625,0.06719438162123556,0.05008927508629925,high_flow,6893620.csv
6893620,2021-03-13,daytime,6,0.9781031599909016,7.139579470929176e-4,2.268805309734508,1040.21875,0.06356386144506607,0.04712137443955085,high_flow,6893620.csv
6893620,2021-03-13,nighttime,6,0.8904931013065898,0.01733105102126806,0.2127501853224732,1040.21875,0.06356386144506607,0.04712137443955085,high_flow,6893620.csv
6893620,2021-03-15,daytime,6,0.9021917186575876,0.01388185034810089,0.5275301520713157,1226.25,0.04755386263540055,0.04105860413442844,high_flow,6893620.csv
6893620,2021-03-15,nighttime,6,0.3731636249172075,0.4662362835625954,0.4740259740259634,1226.25,0.04755386263540055,0.04105860413442844,high_flow,6893620.csv
6893620,2021-03-16,daytime,6,0.996216375128914,2.1446642906713507e-5,2.510080645161303,1915.9375,0.01821211760504702,0.03804309010832044,high_flow,6893620.csv
6893620,2021-03-16,nighttime,6,0.9195908585146848,0.00943849717149407,1.3314447592068237,1915.9375,0.01821211760504702,0.03804309010832044,high_flow,6893620.csv
6893620,2021-03-17,daytime,6,-0.9842762065637402,3.689127629340553e-4,-0.8607594936709146,2229.375,0.01285561242709201,0.03502757608221243,high_flow,6893620.csv
6893620,2021-03-17,nighttime,6,0.7863073770567909,0.06361771829629231,0.9498886414253986,2229.375,0.01285561242709201,0.03502757608221243,high_flow,6893620.csv
6893620,2021-03-18,daytime,6,0.7368018528463983,0.0947935995440672,0.24209378407850632,2268.4375,0.01208189501249851,0.03178986628575963,high_flow,6893620.csv
6893620,2021-03-18,nighttime,6,-0.9924925854056992,8.433034711100076e-5,-0.4491844416562083,2268.4375,0.01208189501249851,0.03178986628575963,high_flow,6893620.csv
6893620,2021-03-19,daytime,6,0.14073292067492124,0.7902942798585836,0.02063099475176204,2222.0625,0.01297464587549101,0.02831012181089553,high_flow,6893620.csv
6893620,2021-03-19,nighttime,6,-0.7272700585090219,0.10142938390879512,-0.11575443786981916,2222.0625,0.01297464587549101,0.02831012181089553,high_flow,6893620.csv
6893620,2021-03-20,daytime,6,0.6693526758358381,0.1459170315083971,0.12356545961002602,2146.5625,0.01404594691108201,0.02485418402571122,high_flow,6893620.csv
6893620,2021-03-20,nighttime,6,-0.577971977960367,0.2295782671676036,-0.06241303915722253,2146.5625,0.01404594691108201,0.02485418402571122,high_flow,6893620.csv
6893620,2021-03-21,daytime,6,0.8939163403633529,0.01628369515021655,0.31951935812042764,2037.75,0.01600999880966551,0.02164821648216482,high_flow,6893620.csv
6893620,2021-03-21,nighttime,6,0.9613279232206804,0.00221437666737988,0.26918995401486245,2037.75,0.01600999880966551,0.02164821648216482,high_flow,6893620.csv
6893620,2021-03-22,daytime,6,0.9875643854206227,2.310052151888438e-4,1.446137339055792,1896.65625,0.01850970122604452,0.01868031583541642,high_flow,6893620.csv
6893620,2021-03-22,nighttime,6,0.986040105243829,2.909577496019515e-4,0.780923076923072,1896.65625,0.01850970122604452,0.01868031583541642,high_flow,6893620.csv
6893620,2021-03-23,daytime,6,0.7524374600962919,0.08434460791572784,2.665529010238971,1754.84375,0.02100940364242352,0.01663690830456691,high_flow,6893620.csv
6893620,2021-03-23,nighttime,6,0.9767648753230816,8.035345429128304e-4,1.6151839290373018,1754.84375,0.02100940364242352,0.01663690830456691,high_flow,6893620.csv
6893620,2021-03-24,daytime,6,NA,NA,NA,1702.625,0.02285442209260802,0.01662897274134031,high_flow,6893620.csv
6893620,2021-03-24,nighttime,6,0.987916698830252,2.181271324930426e-4,0.8779552715654889,1702.625,0.02285442209260802,0.01662897274134031,high_flow,6893620.csv
6893620,2021-03-25,daytime,6,-0.5309213563267551,0.2784453542627116,-0.7630484988452656,1787,0.02023568622783002,0.01706939650041662,high_flow,6893620.csv
6893620,2021-03-25,nighttime,6,0.9849085513657594,3.3990918035925574e-4,2.422907488986774,1787,0.02023568622783002,0.01706939650041662,high_flow,6893620.csv
6893620,2021-03-26,daytime,6,0.9406751776082436,0.0051747569128673,0.3928591912819035,2005.875,0.01684323294845851,0.01779550053565052,high_flow,6893620.csv
6893620,2021-03-26,nighttime,6,0.6088833705844329,0.19954333759695608,0.10651828298887094,2005.875,0.01684323294845851,0.01779550053565052,high_flow,6893620.csv
6893620,2021-03-27,daytime,6,0.9271520416452438,0.00776694187005857,1.1696943791408418,2076.5625,0.01535531484347101,0.01875967146768242,high_flow,6893620.csv
6893620,2021-03-27,nighttime,6,0.93285709484195245,0.00661090876385358,1.1273187183811115,2076.5625,0.01535531484347101,0.01875967146768242,high_flow,6893620.csv
6893620,2021-03-28,daytime,6,0.9929524898385328,7.432608346272721e-5,1.0843335818920898,2072.75,0.01547434829187001,0.01999761933103202,high_flow,6893620.csv
6893620,2021-03-28,nighttime,6,0.9601660894031312,0.00234850761187597,0.5391517128874398,2072.75,0.01547434829187001,0.01999761933103202,high_flow,6893620.csv
6893620,2021-03-29,daytime,6,0.973288993703944,0.00106068793025205,0.89365662582347,2033.3125,0.01618854898226401,0.02148553743601952,high_flow,6893620.csv
6893620,2021-03-29,nighttime,6,0.9862236653245032,2.8337380828718156e-4,1.058983050847459,2033.3125,0.01618854898226401,0.02148553743601952,high_flow,6893620.csv
6893620,2021-03-30,daytime,6,0.9645897064051072,0.00185863305180578,2.2382632806100027,2002.46875,0.01690274967265801,0.02292584216164742,high_flow,6893620.csv
6893620,2021-03-30,nighttime,6,0.9872116926836316,2.4426550099654717e-4,1.2214738510301104,2002.46875,0.01690274967265801,0.02292584216164742,high_flow,6893620.csv
6893620,2021-03-31,daytime,6,0.9943362667079038,4.802597194226571e-5,1.4682438804379063,1920.53125,0.01809308415664802,0.02429869459984922,high_flow,6893620.csv
6893620,2021-03-31,nighttime,6,0.9816186530382014,5.0370558535417e-4,1.3496651392315826,1920.53125,0.01809308415664802,0.02429869459984922,high_flow,6893620.csv
6893620,2021-04-01,daytime,6,0.9967451729734116,1.5873607805167594e-5,1.056071619004852,1810.5,0.01946196881323652,0.02558822362417172,high_flow,6893620.csv
6893620,2021-04-01,nighttime,6,0.9808877204969008,5.444281823576352e-4,1.3591578947368417,1810.5,0.01946196881323652,0.02558822362417172,high_flow,6893620.csv
6893620,2021-04-02,daytime,6,0.9401755218169542,0.00526139733261413,0.6455890228813089,1698.71875,0.02297345554100702,0.02662381462524302,high_flow,6893620.csv
6893620,2021-04-02,nighttime,6,0.9540760490200658,0.00311508689116241,1.7662337662337662,1698.71875,0.02297345554100702,0.02662381462524302,high_flow,6893620.csv
6893620,2021-04-03,daytime,6,0.9642194901817904,0.0018974634169762,0.7833665338645402,1606,0.02743720985596953,0.02704836725786612,high_flow,6893620.csv
6893620,2021-04-03,nighttime,6,0.9704918187878304,0.00129325226766349,3.30667372881355,1606,0.02743720985596953,0.02704836725786612,high_flow,6893620.csv
6893620,2021-04-04,daytime,6,0.9108441901519154,0.0115687986469598,0.7352132049518552,1534.21875,0.03261516486132603,0.02724675633853112,high_flow,6893620.csv
6893620,2021-04-04,nighttime,6,0.97930945181133,6.377193772579776e-4,3.8660508083140703,1534.21875,0.03261516486132603,0.02724675633853112,high_flow,6893620.csv
6893620,2021-04-05,daytime,6,0.8929489549910459,0.01657649081653823,0.9450207468879652,1445.21875,0.03832877038447804,0.02738562869499663,high_flow,6893620.csv
6893620,2021-04-05,nighttime,6,0.9880488962254356,2.133898407536232e-4,4.287956061200454,1445.21875,0.03832877038447804,0.02738562869499663,high_flow,6893620.csv
6893620,2021-04-06,daytime,6,0.5638468699095729,0.2438597218676839,1.012842677204255,1375.75,0.04011427211046304,0.02746895210887592,high_flow,6893620.csv
6893620,2021-04-06,nighttime,6,0.9977251551557396,7.756492529209571e-6,2.6003074558032133,1375.75,0.04011427211046304,0.02746895210887592,high_flow,6893620.csv
6893620,2021-04-07,daytime,6,0.6808809742523979,0.13650637434268123,0.8653846153846262,1321.46875,0.04160219021545054,0.02757211443082172,high_flow,6893620.csv
6893620,2021-04-07,nighttime,6,0.9385224744885146,0.00555305248663424,2.0192802056555226,1321.46875,0.04160219021545054,0.02757211443082172,high_flow,6893620.csv
6893620,2021-04-08,daytime,6,0.5533879831531862,0.2546523117749653,16.068965517241026,1311.46875,0.04219735745744554,0.02767130897115423,high_flow,6893620.csv
6893620,2021-04-08,nighttime,6,0.9546070288300574,0.00304401614340362,0.22184822521420075,1311.46875,0.04219735745744554,0.02767130897115423,high_flow,6893620.csv
6893620,2021-04-09,daytime,6,0.9879718940168134,2.1614291519165085e-4,1.200558841889361,1486.5,0.03576955124389953,0.02786969805181922,high_flow,6893620.csv
6893620,2021-04-09,nighttime,6,0.9786959465221764,6.759594843204331e-4,0.7505438723712808,1486.5,0.03576955124389953,0.02786969805181922,high_flow,6893620.csv
6893620,2021-04-10,daytime,6,0.45293090685958104,0.3670622136529246,0.06033717834959624,1696.09375,0.02321152243780502,0.02804824822441773,high_flow,6893620.csv
6893620,2021-04-10,nighttime,6,0.8451641010200073,0.03410520345110566,1.1166785969935578,1696.09375,0.02321152243780502,0.02804824822441773,high_flow,6893620.csv
6893620,2021-04-11,daytime,6,0.711070697874772,0.11316028290911671,0.2384042344638297,1902.75,0.01833115105344602,0.02823870174185613,high_flow,6893620.csv
6893620,2021-04-11,nighttime,6,-0.7860440067141198,0.0637686009700381,-0.07648122540154803,1902.75,0.01833115105344602,0.02823870174185613,high_flow,6893620.csv
6893620,2021-04-12,daytime,6,0.9724866630537768,0.00112506199093774,1.9405469678953664,1958,0.01755743363885251,0.02835376740864182,high_flow,6893620.csv
6893620,2021-04-12,nighttime,6,0.7549712323034102,0.08270299252273457,0.1904879861283157,1958,0.01755743363885251,0.02835376740864182,high_flow,6893620.csv
6893620,2021-04-13,daytime,6,0.9875175572839674,2.327446109498471e-4,1.0821764651076091,1966.46875,0.01743840019045351,0.02828234733960243,high_flow,6893620.csv
6893620,2021-04-13,nighttime,6,0.9606532319195612,0.00229179453082517,1.037645060854797,1966.46875,0.01743840019045351,0.02828234733960243,high_flow,6893620.csv
6893620,2021-04-14,daytime,6,0.9930184114966696,7.294371673355575e-5,1.3317285110380448,1898.34375,0.01845018450184502,0.02819505614410982,high_flow,6893620.csv
6893620,2021-04-14,nighttime,6,0.9876790859544146,2.267721966745685e-4,1.188967328845837,1898.34375,0.01845018450184502,0.02819505614410982,high_flow,6893620.csv
6893620,2021-04-15,daytime,6,0.9956877428857293,2.7853247708355254e-5,1.2766236606166677,1809.46875,0.01958100226163552,0.02809189382216402,high_flow,6893620.csv
6893620,2021-04-15,nighttime,6,0.9915166087558156,1.0764662446196164e-4,1.072937394765038,1809.46875,0.01958100226163552,0.02809189382216402,high_flow,6893620.csv
6893620,2021-04-16,daytime,6,NA,NA,NA,1712.4375,0.02243780502321152,0.02801253818989802,high_flow,6893620.csv
6893620,2021-04-16,nighttime,6,0.9886599750841096,1.921651057813969e-4,1.843652132016382,1712.4375,0.02243780502321152,0.02801253818989802,high_flow,6893620.csv
6893620,2021-04-17,daytime,6,0.9965269873996,1.807177936342116e-5,2.7121141253508014,1642.1875,0.02565170812998452,0.02841725191445462,high_flow,6893620.csv
6893620,2021-04-17,nighttime,6,0.9672078825543003,0.00159535339135288,1.0566037735849012,1642.1875,0.02565170812998452,0.02841725191445462,high_flow,6893620.csv
6893620,2021-04-18,daytime,6,0.9991048485539492,1.201585526363848e-6,2.3701727149233505,1567.625,0.03029401261754553,0.02971868428361703,high_flow,6893620.csv
6893620,2021-04-18,nighttime,6,0.983828210967668,3.901754629607753e-4,3.3994762874599864,1567.625,0.03029401261754553,0.02971868428361703,high_flow,6893620.csv
6893620,2021-04-19,daytime,6,0.9929997064965604,7.333464212804162e-5,1.4640495467888115,1512.5625,0.03434114986311153,0.03142879815894933,high_flow,6893620.csv
6893620,2021-04-19,nighttime,6,0.990669447692762,1.3018265429778447e-4,2.5508427894678807,1512.5625,0.03434114986311153,0.03142879815894933,high_flow,6893620.csv
6893620,2021-04-20,daytime,6,0.9865214768209886,2.712815550212228e-4,2.618848025959984,1463.96875,0.03725746934888704,0.03334523667817323,high_flow,6893620.csv
6893620,2021-04-20,nighttime,6,0.97274985452565,0.00110373806646078,1.6720009210223368,1463.96875,0.03725746934888704,0.03334523667817323,high_flow,6893620.csv
6893620,2021-04-21,daytime,6,0.9723136321337016,0.00113919116392162,2.2250978031898883,1429.34375,0.03880490417807403,0.03543228980676903,high_flow,6893620.csv
6893620,2021-04-21,nighttime,6,0.9971876245205556,1.185306157624424e-5,1.9626234132581133,1429.34375,0.03880490417807403,0.03543228980676903,high_flow,6893620.csv
6893620,2021-04-22,daytime,6,0.9821529791692344,4.749319465960766e-4,0.9758538177071968,1379.9375,0.04005475538626354,0.03722572709598064,high_flow,6893620.csv
6893620,2021-04-22,nighttime,6,0.9981648497282336,5.0485745919490226e-06,1.909693035124592,1379.9375,0.04005475538626354,0.03722572709598064,high_flow,6893620.csv
6893620,2021-04-23,daytime,6,0.8273106469804413,0.04215748147252472,1.7633410672853933,1337.6875,0.04100702297345554,0.03879300083323413,high_flow,6893620.csv
6893620,2021-04-23,nighttime,6,0.9620150413074972,0.00213688219688471,8.804999999999943,1337.6875,0.04100702297345554,0.03879300083323413,high_flow,6893620.csv
6893620,2021-04-24,daytime,6,0.9842144131214416,3.7181036586632983e-4,1.1647656250000022,1316.34375,0.04184025711224854,0.04028091893822164,high_flow,6893620.csv
6893620,2021-04-24,nighttime,6,0.9638726159725364,0.00193420530317755,10.616161616161271,1316.34375,0.04184025711224854,0.04028091893822164,high_flow,6893620.csv
6893620,2021-04-25,daytime,6,0.984398508193136,3.6321106727820634e-4,0.9935392975747184,1297.21875,0.04273300797524104,0.04166964250287664,high_flow,6893620.csv
6893620,2021-04-25,nighttime,6,0.988169763149646,2.091039084382919e-4,2.3926615553121504,1297.21875,0.04273300797524104,0.04166964250287664,high_flow,6893620.csv
6893620,2021-04-26,daytime,6,0.9774961049178316,7.539396699637645e-4,0.8698194182406264,1271.59375,0.04398285918343054,0.04282823473396024,high_flow,6893620.csv
6893620,2021-04-26,nighttime,6,0.9941983994165164,5.039021720768454e-5,4.459591041869484,1271.59375,0.04398285918343054,0.04282823473396024,high_flow,6893620.csv
6893620,2021-04-27,daytime,6,0.9420728035682588,0.00493615103552938,0.9943712421645112,1242.375,0.04630401142721104,0.04367733999920644,high_flow,6893620.csv
6893620,2021-04-27,nighttime,6,0.9993967391674682,5.457756776637926e-7,3.383961647417714,1242.375,0.04630401142721104,0.04367733999920644,high_flow,6893620.csv
6893620,2021-04-29,daytime,6,0.8689910240169643,0.02462075111108611,0.4298099366455489,1256.34375,0.04535174384001905,0.04458596198865215,high_flow,6893620.csv
6893620,2021-04-29,nighttime,6,0.92817758447605,0.00755244255131373,0.9044075558099526,1256.34375,0.04535174384001905,0.04458596198865215,high_flow,6893620.csv
6893620,2021-04-30,daytime,6,0.9091621986681682,0.01200248488799457,0.4563554482966668,1294.25,0.04309010832043804,0.04488751339126294,high_flow,6893620.csv
6893620,2021-04-30,nighttime,6,0.9058240777097007,0.01288602846832486,0.28151638200923784,1294.25,0.04309010832043804,0.04488751339126294,high_flow,6893620.csv
6893620,2021-05-01,daytime,6,0.9258842204296855,0.00803615866986168,0.3870622205663194,1261.71875,0.04475657659802404,0.04520890370194024,high_flow,6893620.csv
6893620,2021-05-01,nighttime,6,0.9504333121035448,0.00362439570265097,0.5935870698644428,1261.71875,0.04475657659802404,0.04520890370194024,high_flow,6893620.csv
6893620,2021-05-02,daytime,6,0.9498780255340192,0.00370535996556507,0.6593863754550185,1239.625,0.04648256159980955,0.04544300281712495,high_flow,6893620.csv
6893620,2021-05-02,nighttime,6,0.9823470054556096,4.646917389745602e-4,0.9278350515463932,1239.625,0.04648256159980955,0.04544300281712495,high_flow,6893620.csv
6893620,2021-05-03,daytime,6,0.9555677663554584,0.00291747550257378,1.8262195121951244,1224.34375,0.04767289608379955,0.04475657659802404,high_flow,6893620.csv
6893620,2021-05-03,nighttime,6,0.981530214106817,5.08549159758152e-4,0.9162169838114136,1224.34375,0.04767289608379955,0.04475657659802404,high_flow,6893620.csv
6893620,2021-05-04,daytime,6,0.9986968092780404,2.54635247835324e-6,0.8219056099732837,1232.65625,0.04707772884180455,0.04326469071142324,high_flow,6893620.csv
6893620,2021-05-04,nighttime,6,0.9852362289032436,3.253443837501134e-4,0.3435519528371429,1232.65625,0.04707772884180455,0.04326469071142324,high_flow,6893620.csv
6893620,2021-05-05,daytime,6,0.989134670899382,1.7644170943840798e-4,0.4454446686326242,1249.4375,0.04576836090941554,0.04183232154902194,high_flow,6893620.csv
6893620,2021-05-05,nighttime,6,0.8955422330090259,0.0157972460775903,0.22640293795503083,1249.4375,0.04576836090941554,0.04183232154902194,high_flow,6893620.csv
6893620,2021-05-06,daytime,6,0.9722069817715828,0.00114794340902372,0.3725083494462974,1272.8125,0.04392334245923104,0.04057453477760584,high_flow,6893620.csv
6893620,2021-05-06,nighttime,6,0.9876161331515176,2.290906412923987e-4,0.9488510007412796,1272.8125,0.04392334245923104,0.04057453477760584,high_flow,6893620.csv
6893620,2021-05-07,daytime,6,0.9930452045201424,7.238557137217966e-5,1.302788844621528,1263.96875,0.04457802642542554,0.03989207634011824,high_flow,6893620.csv
6893620,2021-05-07,nighttime,6,0.9947750754768316,4.087843461719897e-5,0.410540915395284,1263.96875,0.04457802642542554,0.03989207634011824,high_flow,6893620.csv
6893620,2021-05-08,daytime,6,0.9148284857368808,0.01057235522377415,0.3635761589403953,1248.6875,0.04582787763361504,0.03959846050073404,high_flow,6893620.csv
6893620,2021-05-08,nighttime,6,0.9473613741676316,0.0040833111859241,1.7499999999999492,1248.6875,0.04582787763361504,0.03959846050073404,high_flow,6893620.csv
6893620,2021-05-09,daytime,6,-0.9183816539915416,0.00972047908153752,-0.8867924528301971,1256.34375,0.04535174384001905,0.03913819783359124,high_flow,6893620.csv
6893620,2021-05-09,nighttime,6,-0.9935148955835024,6.294849828525569e-5,-0.94145405102775,1256.34375,0.04535174384001905,0.03913819783359124,high_flow,6893620.csv
6893620,2021-05-10,daytime,6,0.856887192405683,0.02925634711219874,0.1861396482674539,1536.75,0.03243661468872753,0.03829702813157164,high_flow,6893620.csv
6893620,2021-05-10,nighttime,6,-0.8263839243117623,0.04259719770221906,-0.12058687666350656,1536.75,0.03243661468872753,0.03829702813157164,high_flow,6893620.csv
6893620,2021-05-11,daytime,6,0.93800682610697,0.00564560576899673,0.4297637390857679,1737.875,0.02160457088441852,0.03680911002658414,high_flow,6893620.csv
6893620,2021-05-11,nighttime,6,0.9402329619872792,0.005251401365858,0.34678827867262646,1737.875,0.02160457088441852,0.03680911002658414,high_flow,6893620.csv
6893620,2021-05-13,daytime,6,0.9235993490710948,0.0085326116223231,0.30701672428291055,1572.1875,0.02987739554814903,0.03326191326429393,high_flow,6893620.csv
6893620,2021-05-13,nighttime,6,0.9688312781824996,0.00144209379098576,0.2461012232593187,1572.1875,0.02987739554814903,0.03326191326429393,high_flow,6893620.csv
6893620,2021-05-14,daytime,6,0.9926529946248372,8.076944185332907e-5,0.6227938415321121,1498.6875,0.03511486727770503,0.03153196048089513,high_flow,6893620.csv
6893620,2021-05-14,nighttime,6,0.9723390347851476,0.00113711139164575,0.9949409780775756,1498.6875,0.03511486727770503,0.03153196048089513,high_flow,6893620.csv
6893620,2021-05-15,daytime,6,0.9773079117822536,7.665538731852376e-4,1.474772814539864,1434.28125,0.03868587072967504,0.02969090981232393,high_flow,6893620.csv
6893620,2021-05-15,nighttime,6,0.9645262220481248,0.00186526347866717,2.6792452830188846,1434.28125,0.03868587072967504,0.02969090981232393,high_flow,6893620.csv
6893620,2021-05-16,daytime,6,-0.3485968851138691,0.49828538217166807,-0.12264150943396825,1452.09375,0.03785263659088204,0.02769114787922072,high_flow,6893620.csv
6893620,2021-05-16,nighttime,6,0.985540169255076,3.1211837857386866e-4,1.7475490196078407,1452.09375,0.03785263659088204,0.02769114787922072,high_flow,6893620.csv
6893620,2021-05-17,daytime,6,-0.872963596896259,0.02318229909934183,-0.4008695652174036,1520.5625,0.03386501606951554,0.02578264492322342,high_flow,6893620.csv
6893620,2021-05-17,nighttime,6,0.7410417377873247,0.09190628189433292,0.04428571428572162,1520.5625,0.03386501606951554,0.02578264492322342,high_flow,6893620.csv
6893620,2021-05-18,daytime,6,-0.8218094831628412,0.04479885023817067,-0.1733143399810095,1648.15625,0.02535412450898702,0.02483831289925802,high_flow,6893620.csv
6893620,2021-05-18,nighttime,6,0.9185735888496316,0.00967545149322451,0.4869109947643808,1648.15625,0.02535412450898702,0.02483831289925802,high_flow,6893620.csv
6893620,2021-05-19,daytime,6,-0.24195515817508345,0.6441495682922946,-0.0359470254362078,1763.125,0.02059278657302702,0.02472324723247232,high_flow,6893620.csv
6893620,2021-05-19,nighttime,6,-0.662576629282823,0.1515732068305831,-0.1363525091799218,1763.125,0.02059278657302702,0.02472324723247232,high_flow,6893620.csv
6893620,2021-05-20,daytime,6,-0.666264843838337,0.1484831619342354,-0.09750598844582302,1840.09375,0.01904535174384002,0.02454469705987382,high_flow,6893620.csv
6893620,2021-05-20,nighttime,6,-0.90134338854177,0.01411957181304243,-0.5856980703745598,1840.09375,0.01904535174384002,0.02454469705987382,high_flow,6893620.csv
6893620,2021-05-21,daytime,6,-0.19486464838825293,0.7114027501574429,-0.02576687116564833,1931.09375,0.01797405070824901,0.02405269213982462,high_flow,6893620.csv
6893620,2021-05-21,nighttime,6,-0.6750337525314639,0.14124587760201943,-0.08100810081007442,1931.09375,0.01797405070824901,0.02405269213982462,high_flow,6893620.csv
6893620,2021-05-22,daytime,6,0.8519142717468257,0.03127036004905616,0.3758389261744987,1994.40625,0.01696226639685751,0.02296948775939372,high_flow,6893620.csv
6893620,2021-05-22,nighttime,6,-0.19044358666884817,0.7177881963376909,-0.04252199413489088,1994.40625,0.01696226639685751,0.02296948775939372,high_flow,6893620.csv
6893620,2021-05-23,daytime,6,0.6706242746323007,0.14486583516426496,0.12797391967815722,2047.46875,0.01583144863706701,0.02153711859699242,high_flow,6893620.csv
6893620,2021-05-23,nighttime,6,-0.5918696246243703,0.21586438434286115,-0.08425168858868623,2047.46875,0.01583144863706701,0.02153711859699242,high_flow,6893620.csv
6893620,2021-05-24,daytime,6,0.7986872026514301,0.05671097756122014,0.16781765751194103,2006.84375,0.01672419950005951,0.02015633059556402,high_flow,6893620.csv
6893620,2021-05-24,nighttime,6,0.7467286566323437,0.0880963409789351,0.20276497695852283,2006.84375,0.01672419950005951,0.02015633059556402,high_flow,6893620.csv
6893620,2021-05-25,daytime,6,0.8743022844433229,0.02270686688975278,0.23455699252951903,1904.65625,0.01827163432924651,0.01900964170932032,high_flow,6893620.csv
6893620,2021-05-25,nighttime,6,0.4011572663156957,0.43054264877636195,0.0298013245033159,1904.65625,0.01827163432924651,0.01900964170932032,high_flow,6893620.csv
6893620,2021-05-26,daytime,6,0.5374203078342668,0.271478562709078,0.0816013628620092,1799.625,0.01987858588263302,0.01836289330635241,high_flow,6893620.csv
6893620,2021-05-26,nighttime,6,0.8460591751027925,0.03372263864136836,0.2317880794702062,1799.625,0.01987858588263302,0.01836289330635241,high_flow,6893620.csv
6893620,2021-05-27,daytime,6,-0.9714084728085218,0.00121452670525981,-0.4597651152675112,1719.125,0.02214022140221402,0.01803753521406181,high_flow,6893620.csv
6893620,2021-05-27,nighttime,6,0.957470055601462,0.00267473025553335,0.22109826589595297,1719.125,0.02214022140221402,0.01803753521406181,high_flow,6893620.csv
6893620,2021-05-28,daytime,6,-0.9442646220922476,0.00457307943527942,-3.343347639484786,1712.03125,0.02249732174741102,0.01783121057017021,high_flow,6893620.csv
6893620,2021-05-28,nighttime,6,-0.9003017404285852,0.01441412690542596,-0.14421827631008954,1712.03125,0.02249732174741102,0.01783121057017021,high_flow,6893620.csv
6893620,2021-05-29,daytime,6,0.3737083734450484,0.4655331121968587,0.0643627590122052,1848.3125,0.01886680157124152,0.01778359719081061,high_flow,6893620.csv
6893620,2021-05-29,nighttime,6,0.8020006292244662,0.05492446724331731,0.09598214285714304,1848.3125,0.01886680157124152,0.01778359719081061,high_flow,6893620.csv
6893620,2021-05-30,daytime,6,0.942362217824901,0.00488743126145001,0.37027546444586745,1984.5,0.01720033329365551,0.01787882394952981,high_flow,6893620.csv
6893620,2021-05-30,nighttime,6,0.6899613548904588,0.129284870805019,0.04667124227865842,1984.5,0.01720033329365551,0.01787882394952981,high_flow,6893620.csv
6893620,2021-05-31,daytime,6,0.9974873149818204,9.462446974399793e-6,1.3634388677678313,1986.4375,0.01714081656945601,0.01809705193826132,high_flow,6893620.csv
6893620,2021-05-31,nighttime,6,0.9949644460008404,3.7971363339586275e-5,0.9079341317365291,1986.4375,0.01714081656945601,0.01809705193826132,high_flow,6893620.csv
6893620,2021-06-01,daytime,6,0.9825213918524468,4.555827415383793e-4,0.8575177523927194,2015.15625,0.01666468277586001,0.01828353767408641,high_flow,6893620.csv
6893620,2021-06-01,nighttime,6,0.9786561529037664,6.784780138492734e-4,2.1219512195122063,2015.15625,0.01666468277586001,0.01828353767408641,high_flow,6893620.csv
6893620,2021-06-03,daytime,6,0.9714140409025178,0.0012140559771731,0.42659193523275696,2065.4375,0.01571241518866801,0.01832321549021941,high_flow,6893620.csv
6893620,2021-06-03,nighttime,6,0.9851772942762864,3.27940539814079e-4,0.6081321022727284,2065.4375,0.01571241518866801,0.01832321549021941,high_flow,6893620.csv
6893620,2021-06-04,daytime,6,0.92895470935906,0.00739185179969826,0.35354832337399195,2039.90625,0.01595048208546601,0.01816450422568741,high_flow,6893620.csv
6893620,2021-06-04,nighttime,6,0.9705350428423684,0.00128948505268444,0.745274527452747,2039.90625,0.01595048208546601,0.01816450422568741,high_flow,6893620.csv
6893620,2021-06-05,daytime,6,0.99361383056669,6.104451596142344e-5,0.5586711368485245,1978.96875,0.01725985001785501,0.01800182517954211,high_flow,6893620.csv
6893620,2021-06-05,nighttime,6,0.9894642072779692,1.6591964050043776e-4,1.0124309392265087,1978.96875,0.01725985001785501,0.01800182517954211,high_flow,6893620.csv
6893620,2021-06-06,daytime,6,0.9249564392210016,0.0082359987639993,0.6627047863796972,1900.40625,0.01839066777764551,0.01809705193826132,high_flow,6893620.csv
6893620,2021-06-06,nighttime,6,0.9986342650138604,2.796574372212868e-6,1.031944444444432,1900.40625,0.01839066777764551,0.01809705193826132,high_flow,6893620.csv
6893620,2021-06-07,daytime,6,0.972805068240882,0.00109929026955766,0.5418181818181806,1838.75,0.01910486846803951,0.01835495774312582,high_flow,6893620.csv
6893620,2021-06-07,nighttime,6,0.9901546584905964,1.4491896598969314e-4,1.062005277044845,1838.75,0.01910486846803951,0.01835495774312582,high_flow,6893620.csv
6893620,2021-06-08,daytime,6,0.9883034963258046,2.0441220850424285e-4,0.5936012049363412,1810,0.01952148553743602,0.01868428361702972,high_flow,6893620.csv
6893620,2021-06-08,nighttime,6,0.990105435275795,1.4636926575067362e-4,0.708665423096491,1810,0.01952148553743602,0.01868428361702972,high_flow,6893620.csv
6893620,2021-06-09,daytime,6,0.9979168134354992,6.504979226547844e-6,0.7928344791115857,1815,0.01940245208903701,0.01911280403126612,high_flow,6893620.csv
6893620,2021-06-09,nighttime,6,0.9974750600711728,9.554933814188765e-6,0.796189791516891,1815,0.01940245208903701,0.01911280403126612,high_flow,6893620.csv
6893620,2021-06-10,daytime,6,0.9912697422097344,1.1399340284695312e-4,1.108912188728711,1825.78125,0.01934293536483752,0.01965639011228822,high_flow,6893620.csv
6893620,2021-06-10,nighttime,6,0.9973368175558583,1.0629366731196097e-5,0.8364329444380243,1825.78125,0.01934293536483752,0.01965639011228822,high_flow,6893620.csv
6893620,2021-06-11,daytime,6,0.8389975347904348,0.03679595435282251,0.44138750514144554,1804.59375,0.01975955243423402,0.02025552513589652,high_flow,6893620.csv
6893620,2021-06-11,nighttime,6,0.9987016413067108,2.527508600121068e-6,0.7753995157384942,1804.59375,0.01975955243423402,0.02025552513589652,high_flow,6893620.csv
6893620,2021-06-12,daytime,6,0.9690935602571004,0.00141805098685355,0.48869565217391625,1793.875,0.02005713605523152,0.02092608022854422,high_flow,6893620.csv
6893620,2021-06-12,nighttime,6,0.566764985090885,0.24088136876982968,0.16759437303916805,1793.875,0.02005713605523152,0.02092608022854422,high_flow,6893620.csv
6893620,2021-06-13,daytime,6,0.9978858823924734,6.699515370483369e-6,0.5752299605781851,1783.28125,0.02029520295202952,0.02163234535571162,high_flow,6893620.csv
6893620,2021-06-13,nighttime,6,0.9972894661653258,1.101053336590945e-5,0.4245185338579406,1783.28125,0.02029520295202952,0.02163234535571162,high_flow,6893620.csv
6893620,2021-06-14,daytime,6,0.9491354037359904,0.00381501210600416,0.33875116495806334,1753.125,0.02106892036662302,0.02234257826449232,high_flow,6893620.csv
6893620,2021-06-14,nighttime,6,0.9875174874089973,2.3274721125704308e-4,0.4294936610406804,1753.125,0.02106892036662302,0.02234257826449232,high_flow,6893620.csv
6893620,2021-06-15,daytime,6,0.8331054871518184,0.03945634623815169,0.28089782118707696,1720.59375,0.02208070467801452,0.02286632543744792,high_flow,6893620.csv
6893620,2021-06-15,nighttime,6,0.9983392033187964,4.135077981862252e-6,0.4149398564641687,1720.59375,0.02208070467801452,0.02286632543744792,high_flow,6893620.csv
6893620,2021-06-16,daytime,6,0.4686996345618737,0.3484323630897818,0.11925228031980288,1697,0.02309248898940602,0.02345752489782962,high_flow,6893620.csv
6893620,2021-06-16,nighttime,6,0.9651329458161751,0.00180237306238277,0.4564007421150314,1697,0.02309248898940602,0.02345752489782962,high_flow,6893620.csv
6893620,2021-06-17,daytime,6,0.3274617437615803,0.5263644411830575,0.09685398134085392,1678.0625,0.02380668967980002,0.02427885569178272,high_flow,6893620.csv
6893620,2021-06-17,nighttime,6,0.9454370908933172,0.00438444665546036,0.4136253041362541,1678.0625,0.02380668967980002,0.02427885569178272,high_flow,6893620.csv
6893620,2021-06-18,daytime,6,0.49090645233780184,0.3227918845921954,0.09933244325767458,1657.96875,0.02469944054279252,0.02497321747411022,high_flow,6893620.csv
6893620,2021-06-18,nighttime,6,0.9754923709869078,8.935758861532352e-4,0.3731707317073145,1657.96875,0.02469944054279252,0.02497321747411022,high_flow,6893620.csv
6893620,2021-06-19,daytime,6,0.9414159929446216,0.00504759615221456,0.4012066365007504,1630.90625,0.02600880847518152,0.02479069951989842,high_flow,6893620.csv
6893620,2021-06-19,nighttime,6,0.940387095742024,0.00522462439123444,0.285429864253393,1630.90625,0.02600880847518152,0.02479069951989842,high_flow,6893620.csv
6893620,2021-06-20,daytime,6,-0.15173427086916746,0.7741453046776383,-0.03205065757428294,1600.40625,0.02785382692536603,0.02395349759949212,high_flow,6893620.csv
6893620,2021-06-20,nighttime,6,0.8802512811038067,0.02065104983009997,0.339686098654709,1600.40625,0.02785382692536603,0.02395349759949212,high_flow,6893620.csv
6893620,2021-06-21,daytime,6,0.590784967360326,0.21692246522231784,0.5109935986640642,1581.96875,0.02904416140935603,0.02309248898940602,high_flow,6893620.csv
6893620,2021-06-21,nighttime,6,0.9929463588845976,7.445530656580869e-5,0.32008516678495597,1581.96875,0.02904416140935603,0.02309248898940602,high_flow,6893620.csv
6893620,2021-06-22,daytime,6,0.9857984275723372,3.0109486947809235e-4,0.47296739579034514,1610.90625,0.02696107606237352,0.02236241717255882,high_flow,6893620.csv
6893620,2021-06-22,nighttime,6,0.8768694651536446,0.02180829397991707,0.16495433789954309,1610.90625,0.02696107606237352,0.02236241717255882,high_flow,6893620.csv
6893620,2021-06-23,daytime,6,0.3948865119284528,0.4384586167731741,0.10776102735901535,1593.4375,0.02838947744316152,0.02166408760861802,high_flow,6893620.csv
6893620,2021-06-23,nighttime,6,0.9505737836922946,0.00360405337896355,0.4644230769230752,1593.4375,0.02838947744316152,0.02166408760861802,high_flow,6893620.csv
6893620,2021-06-24,daytime,6,0.7577379598663669,0.08092705602258292,0.3248344370860927,1549.71875,0.03172241399833353,0.02087053128595802,high_flow,6893620.csv
6893620,2021-06-24,nighttime,6,0.9567213223349568,0.00276903447817679,0.5465116279069815,1549.71875,0.03172241399833353,0.02087053128595802,high_flow,6893620.csv
6893620,2021-06-25,daytime,6,-0.890588446812663,0.0173014552333362,-0.4565502756629083,1573.53125,0.02975836209975003,0.02009681387136452,high_flow,6893620.csv
6893620,2021-06-25,nighttime,6,-0.7988897848441565,0.05660099459317293,-0.6243278888099785,1573.53125,0.02975836209975003,0.02009681387136452,high_flow,6893620.csv
6893620,2021-06-26,daytime,6,-0.6299631088656261,0.1800568748507894,-0.09708737864077864,1989.34375,0.01702178312105701,0.01921993413482521,high_flow,6893620.csv
6893620,2021-06-26,nighttime,6,-0.8456014998035327,0.03391800033339131,-0.29184340449203555,1989.34375,0.01702178312105701,0.01921993413482521,high_flow,6893620.csv
6893620,2021-06-27,daytime,6,0.8846791624633695,0.01918152346749393,0.6902173913043402,2580.46875,0.007499107249137,0.01823989207634012,high_flow,6893620.csv
6893620,2021-06-27,nighttime,6,0.9723419921805474,0.00113686938535178,0.40378548895898875,2580.46875,0.007499107249137,0.01823989207634012,high_flow,6893620.csv
6893620,2021-06-28,daytime,6,0.8001736102161132,0.05590628665452377,0.6970297029702932,2587.9375,0.007380073800738,0.01722810776494861,high_flow,6893620.csv
6893620,2021-06-28,nighttime,6,0.9943237470508616,4.823832731158634e-5,0.8766375545851397,2587.9375,0.007380073800738,0.01722810776494861,high_flow,6893620.csv
6893620,2021-06-29,daytime,6,-0.9654438419121922,0.0017705598536442,-0.5837950138504286,2365.140625,0.01011784311391501,0.01622029123517041,high_flow,6893620.csv
6893620,2021-06-29,nighttime,6,0.9907270284544484,1.2858331978233333e-4,0.4199101796407104,2365.140625,0.01011784311391501,0.01622029123517041,high_flow,6893620.csv
6893620,2021-06-30,daytime,6,-0.6298366572977794,0.18017129318677688,-0.2727272727272935,2275.59375,0.01160576121890251,0.01539499265960401,high_flow,6893620.csv
6893620,2021-06-30,nighttime,6,0.9617629933735438,0.00216515044880596,0.4414715719063593,2275.59375,0.01160576121890251,0.01539499265960401,high_flow,6893620.csv
6893620,2021-07-01,daytime,6,-0.5210944921073394,0.28910712286539986,-0.09220183486238592,2297.109375,0.01118914414950601,0.01452208070467801,high_flow,6893620.csv
6893620,2021-07-01,nighttime,6,-0.6913066443918904,0.12822944169581432,-0.11378687537627638,2297.109375,0.01118914414950601,0.01452208070467801,high_flow,6893620.csv
6893620,2021-07-02,daytime,6,-0.5387320239160025,0.2700806526558659,-0.10635838150289235,2257.890625,0.01220092846089751,0.01349839304844661,high_flow,6893620.csv
6893620,2021-07-02,nighttime,6,0.06430192303778032,0.9036800512233568,0.00468603561387646,2257.890625,0.01220092846089751,0.01349839304844661,high_flow,6893620.csv
6893620,2021-07-03,daytime,6,0.491753666995806,0.32182784575212875,0.08646429460064706,2279.734375,0.01154624449470301,0.01266912669126691,high_flow,6893620.csv
6893620,2021-07-03,nighttime,6,0.25414416557723596,0.6269912430338106,0.02205486820871785,2279.734375,0.01154624449470301,0.01266912669126691,high_flow,6893620.csv
6893620,2021-07-04,daytime,6,0.9636004915100984,0.00196327303229326,0.2599456627207438,2294.578125,0.01130817759790501,0.01259373884061421,high_flow,6893620.csv
6893620,2021-07-04,nighttime,6,-0.5631125384729698,0.24461148329763047,-0.09331674369000992,2294.578125,0.01130817759790501,0.01259373884061421,high_flow,6893620.csv
6893620,2021-07-05,daytime,6,0.992625800405669,8.136772935062035e-5,0.5304075235109723,2237.25,0.01267706225449351,0.01313335714002301,high_flow,6893620.csv
6893620,2021-07-05,nighttime,6,0.971363186112113,0.00121835860987691,0.332811101163831,2237.25,0.01267706225449351,0.01313335714002301,high_flow,6893620.csv
6893620,2021-07-06,daytime,6,0.7793317679038936,0.06766904182899576,0.6307353865493401,2151.109375,0.01392691346268301,0.01381581557751061,high_flow,6893620.csv
6893620,2021-07-06,nighttime,6,0.9722645150959006,0.00114321782463898,1.0069078947368362,2151.109375,0.01392691346268301,0.01381581557751061,high_flow,6893620.csv
6893620,2021-07-08,daytime,6,0.9906924053574174,1.2954381245015642e-4,0.647904191616764,2078.890625,0.01529579811927151,0.01534341149863111,high_flow,6893620.csv
6893620,2021-07-08,nighttime,6,0.5883496987878641,0.21930565508526437,0.13247921493798728,2078.890625,0.01529579811927151,0.01534341149863111,high_flow,6893620.csv
6893620,2021-07-09,daytime,6,0.941602910364104,0.00501575665312941,0.47586736653437595,2030.125,0.01636709915486251,0.01633932468356941,high_flow,6893620.csv
6893620,2021-07-09,nighttime,6,0.8880720794255197,0.01809068048001406,0.9522024367385138,2030.125,0.01636709915486251,0.01633932468356941,high_flow,6893620.csv
6893620,2021-07-10,daytime,6,0.9103132626325484,0.01170485919776421,0.20950579333175537,1978.140625,0.01731936674205451,0.01740269015593381,high_flow,6893620.csv
6893620,2021-07-10,nighttime,6,0.728533730655095,0.10053819423094996,0.5557710960232799,1978.140625,0.01731936674205451,0.01740269015593381,high_flow,6893620.csv
6893620,2021-07-11,daytime,6,-0.9776116894411055,7.462437558727968e-4,-2.352112676056211,2042.5,0.01589096536126651,0.01854541126056421,high_flow,6893620.csv
6893620,2021-07-11,nighttime,6,0.9258211279126396,0.00804967278657253,0.15648320895522658,2042.5,0.01589096536126651,0.01854541126056421,high_flow,6893620.csv
6893620,2021-07-12,daytime,6,0.9695835884855404,0.0013736671395436,1.052919708029199,2069.390625,0.01559338174026901,0.02002539380232512,high_flow,6893620.csv
6893620,2021-07-12,nighttime,6,0.9207898775142166,0.00916287345808205,0.22872340425531443,2069.390625,0.01559338174026901,0.02002539380232512,high_flow,6893620.csv
6893620,2021-07-13,daytime,6,0.9305492796114015,0.00706760945239815,0.29388615600843215,1952.421875,0.01761695036305202,0.02169582986152442,high_flow,6893620.csv
6893620,2021-07-13,nighttime,6,0.9758511265447288,8.677107075439356e-4,0.5709677419354715,1952.421875,0.01761695036305202,0.02169582986152442,high_flow,6893620.csv
6893620,2021-07-14,daytime,6,0.97919182839468355,6.449652472057978e-4,0.523087071240108,1797.296875,0.01999761933103202,0.02341387930008332,high_flow,6893620.csv
6893620,2021-07-14,nighttime,6,0.9940788695079056,5.248588267175123e-5,1.111767378464334,1797.296875,0.01999761933103202,0.02341387930008332,high_flow,6893620.csv
6893620,2021-07-15,daytime,6,0.913698954619448,0.01085042614851724,0.7163247100802852,1660.078125,0.02463992381859302,0.02519144546284172,high_flow,6893620.csv
6893620,2021-07-15,nighttime,6,0.9863392021604686,2.7865142514775943e-4,1.0498374864571711,1660.078125,0.02463992381859302,0.02519144546284172,high_flow,6893620.csv
6893620,2021-07-16,daytime,6,0.9838456121129612,3.893385131639048e-4,0.6112340098105213,1629.96875,0.02612784192358052,0.02708010951077252,high_flow,6893620.csv
6893620,2021-07-16,nighttime,6,0.9594559063360032,0.00243241162894774,0.5137825421133129,1629.96875,0.02612784192358052,0.02708010951077252,high_flow,6893620.csv
6893620,2021-07-17,daytime,6,0.9850932225245096,3.3166178952789827e-4,0.7617866004962822,1597.71875,0.02815141054636353,0.02913145260484862,high_flow,6893620.csv
6893620,2021-07-17,nighttime,6,0.9986227958208764,2.8437309608656317e-6,1.0482315112540197,1597.71875,0.02815141054636353,0.02913145260484862,high_flow,6893620.csv
6893620,2021-07-18,daytime,6,0.9839391021776605,3.848571844076784e-4,0.9229665071770392,1588.53125,0.02868706106415903,0.03133357140023013,high_flow,6893620.csv
6893620,2021-07-18,nighttime,6,0.9740941006960876,9.979805012964276e-4,0.6810154525386224,1588.53125,0.02868706106415903,0.03133357140023013,high_flow,6893620.csv
6893620,2021-07-19,daytime,6,0.9515713514261062,0.00346121032593813,0.5597601598934092,1525.75,0.03350791572431853,0.03382533825338253,high_flow,6893620.csv
6893620,2021-07-19,nighttime,6,0.9944528351286288,4.607121115442942e-5,0.4515366430260053,1525.75,0.03350791572431853,0.03382533825338253,high_flow,6893620.csv
6893620,2021-07-20,daytime,6,0.8907597303253878,0.01724834886615561,0.5215807685303214,1453.21875,0.03773360314248304,0.03665436654366544,high_flow,6893620.csv
6893620,2021-07-20,nighttime,6,0.9888129259078836,1.870259054467319e-4,0.4202940748289428,1453.21875,0.03773360314248304,0.03665436654366544,high_flow,6893620.csv
6893620,2021-07-21,daytime,6,0.9404493384660534,0.0052138302353194,0.5284355771023714,1388.84375,0.03969765504106654,0.03951513708685474,high_flow,6893620.csv
6893620,2021-07-21,nighttime,6,0.9989410601885474,1.6814365634739968e-6,0.4347112371287885,1388.84375,0.03969765504106654,0.03951513708685474,high_flow,6893620.csv
6893620,2021-07-22,daytime,6,0.7585728188294267,0.08039458254074779,0.3228602383531965,1334.296875,0.04124508987025354,0.04239971431972384,high_flow,6893620.csv
6893620,2021-07-22,nighttime,6,0.9870628116517104,2.4997360948288003e-4,0.44164989939637656,1334.296875,0.04124508987025354,0.04239971431972384,high_flow,6893620.csv
6893620,2021-07-23,daytime,6,0.7658337817513688,0.07583061278376343,0.2856408352138005,1283.578125,0.04362575883823354,0.04512954806967424,high_flow,6893620.csv
6893620,2021-07-23,nighttime,6,0.9849911451227108,3.362080968056613e-4,0.48134328358208334,1283.578125,0.04362575883823354,0.04512954806967424,high_flow,6893620.csv
6893620,2021-07-24,daytime,6,0.7554143554484014,0.0824173882491014,0.3813370473537616,1232.40625,0.04713724556600405,0.04789112407253105,high_flow,6893620.csv
6893620,2021-07-24,nighttime,6,0.9947908834794802,4.0631667971812185e-5,0.5642430278884455,1232.40625,0.04713724556600405,0.04789112407253105,high_flow,6893620.csv
6893620,2021-07-25,daytime,6,-0.520268434694294,0.29001028128484035,-0.433136094674569,1181.8125,0.05035114867277705,0.05049002102924255,high_flow,6893620.csv
6893620,2021-07-25,nighttime,6,0.7441321968459701,0.08982687980541908,0.15939222404290446,1181.8125,0.05035114867277705,0.05049002102924255,high_flow,6893620.csv
6893620,2021-07-26,daytime,6,0.9832831448982452,4.1684407704165033e-4,0.7181573896353213,1143.171875,0.05326746815855255,0.05302146569852795,high_flow,6893620.csv
6893620,2021-07-26,nighttime,6,0.9634316006784548,0.00198142123710969,0.29056709713643997,1143.171875,0.05326746815855255,0.05302146569852795,high_flow,6893620.csv
6893620,2021-07-27,daytime,6,0.8719060172334523,0.02356121521471919,0.5222999562745952,1103.5,0.05802880609451256,0.05519581002261635,high_flow,6893620.csv
6893620,2021-07-27,nighttime,6,0.9924174697953596,8.60241685629555e-5,0.371298405466968,1103.5,0.05802880609451256,0.05519581002261635,high_flow,6893620.csv
6893620,2021-07-28,daytime,6,0.8071432596099325,0.05220405344660858,0.32952989502510227,1068.671875,0.06052850851089156,0.05708447407054715,high_flow,6893620.csv
6893620,2021-07-28,nighttime,6,0.9625909937688076,0.0020729749079234,0.345319551608677,1068.671875,0.06052850851089156,0.05708447407054715,high_flow,6893620.csv
6893620,2021-07-29,daytime,6,0.7490855936309393,0.08653851945379434,0.33362286797220386,1043.15625,0.06326627782406856,0.05888187914137206,high_flow,6893620.csv
6893620,2021-07-29,nighttime,6,0.04478610775480674,0.93286575425332,0.01693063899508237,1043.15625,0.06326627782406856,0.05888187914137206,high_flow,6893620.csv
6893620,2021-07-30,daytime,6,0.9766324185387704,8.126859327917188e-4,0.487966697020946,1024.734375,0.06558743006784906,0.06059596079831766,high_flow,6893620.csv
6893620,2021-07-30,nighttime,6,0.7694373283587901,0.07361046102091313,0.4805630026809655,1024.734375,0.06558743006784906,0.06059596079831766,high_flow,6893620.csv
6893620,2021-07-31,daytime,6,0.7855706594067816,0.06404018882757849,0.6002108592514492,1012.5625,0.06755148196643257,0.06218704122525096,high_flow,6893620.csv
6893620,2021-07-31,nighttime,6,0.9458393509688016,0.00432062708382847,0.3994015138179898,1012.5625,0.06755148196643257,0.06218704122525096,high_flow,6893620.csv
6893620,2021-08-01,daytime,6,0.9844171410229878,3.6234628313246e-4,0.9775176267127864,1014.453125,0.06713486489703607,0.06361941038765226,high_flow,6893620.csv
6893620,2021-08-01,nighttime,6,0.5162117015064887,0.294461080628245,0.22810218978102356,1014.453125,0.06713486489703607,0.06361941038765226,high_flow,6893620.csv
6893620,2021-08-02,daytime,6,0.8869027800004871,0.01846315955163927,0.5404371584699504,1018.390625,0.06665873110344006,0.06488513272229496,high_flow,6893620.csv
6893620,2021-08-02,nighttime,6,0.9725827671039516,0.00111725215865254,0.6419613921375127,1018.390625,0.06665873110344006,0.06488513272229496,high_flow,6893620.csv
6893620,2021-08-03,daytime,6,0.952111502907914,0.00338505069018231,0.27302234999536384,1021.140625,0.06612308058564456,0.06565091457366186,high_flow,6893620.csv
6893620,2021-08-03,nighttime,6,0.8766269555719333,0.02189243725207362,0.3659938510894275,1021.140625,0.06612308058564456,0.06565091457366186,high_flow,6893620.csv
6893620,2021-08-04,daytime,6,0.8608863431375442,0.02768280814799579,0.2721817006739918,1021.1875,0.06606356386144506,0.06606753164305837,high_flow,6893620.csv
6893620,2021-08-04,nighttime,6,0.9235872099084792,0.00853528786072926,0.5677130044843016,1021.1875,0.06606356386144506,0.06606753164305837,high_flow,6893620.csv
6893620,2021-08-05,daytime,6,-0.07187919722100566,0.8923668903812783,-0.26562499999953515,1018.390625,0.06665873110344006,0.06661111772408046,high_flow,6893620.csv
6893620,2021-08-05,nighttime,6,0.9398061137494887,0.00532590554024316,2.1511555277951264,1018.390625,0.06665873110344006,0.06661111772408046,high_flow,6893620.csv
6893620,2021-08-06,daytime,6,0.1489466978990393,0.7782321532464392,0.03687884571748742,1015.984375,0.06695631472443757,0.06713089711542276,high_flow,6893620.csv
6893620,2021-08-06,nighttime,6,0.9319107356759972,0.00679638592382078,0.6889763779527588,1015.984375,0.06695631472443757,0.06713089711542276,high_flow,6893620.csv
6893620,2021-08-07,daytime,6,-0.06533691168980502,0.9021340912294228,-0.02644273718063462,1013.03125,0.06749196524223307,0.06705154148315677,high_flow,6893620.csv
6893620,2021-08-07,nighttime,6,0.9778303845867904,7.317896787347597e-4,0.953403380539064,1013.03125,0.06749196524223307,0.06705154148315677,high_flow,6893620.csv
6893620,2021-08-08,daytime,6,0.8777679016546212,0.02149791310681662,0.7883228133453548,1003.671875,0.06862278300202357,0.06690473356346467,high_flow,6893620.csv
6893620,2021-08-08,nighttime,6,0.8016389516982795,0.05511819167937764,0.20572041473006877,1003.671875,0.06862278300202357,0.06690473356346467,high_flow,6893620.csv
6893620,2021-08-09,daytime,6,0.21551139071908695,0.6817376443825747,0.06749272767956942,999.34375,0.06933698369241757,0.06699599254057056,high_flow,6893620.csv
6893620,2021-08-09,nighttime,6,0.5736031823498461,0.2339588611825522,1.5882352941176905,999.34375,0.06933698369241757,0.06699599254057056,high_flow,6893620.csv
6893620,2021-08-10,daytime,6,0.7283901400909336,0.1006392841147663,0.38199159392175847,1030.140625,0.06475419592905607,0.06723405943736857,high_flow,6893620.csv
6893620,2021-08-10,nighttime,6,0.9335160604637236,0.00648323802124612,1.2124380847550746,1030.140625,0.06475419592905607,0.06723405943736857,high_flow,6893620.csv
6893620,2021-08-11,daytime,6,0.6197288174277589,0.1894144783694242,0.23112290337437807,1033.0625,0.06427806213546007,0.06749593302384636,high_flow,6893620.csv
6893620,2021-08-11,nighttime,6,0.3498671143443812,0.49661242001379846,0.3603053435114615,1033.0625,0.06427806213546007,0.06749593302384636,high_flow,6893620.csv
6893620,2021-08-12,daytime,6,0.8892522706798026,0.01771842557682309,0.4108221352930599,1003.390625,0.06868229972622307,0.06783319446097687,high_flow,6893620.csv
6893620,2021-08-12,nighttime,6,0.6503354837178966,0.16202199698384304,0.24573378839590415,1003.390625,0.06868229972622307,0.06783319446097687,high_flow,6893620.csv
6893620,2021-08-13,daytime,6,-0.8218735905973026,0.0447676385892805,-0.41580916744622065,986.75,0.07106296869420307,0.06821013371424037,high_flow,6893620.csv
6893620,2021-08-13,nighttime,6,-0.7647241114278136,0.07652029735468693,-0.13389971373164494,986.75,0.07106296869420307,0.06821013371424037,high_flow,6893620.csv
6893620,2021-08-14,daytime,6,0.8797672881085162,0.02081482118214512,0.2517113519680543,1031.4375,0.06439709558385906,0.06863468634686347,high_flow,6893620.csv
6893620,2021-08-14,nighttime,6,0.9073666223340876,0.01247397313571879,0.2771552709810202,1031.4375,0.06439709558385906,0.06863468634686347,high_flow,6893620.csv
6893620,2021-08-15,daytime,6,0.9637707212505046,0.00194506439543526,0.5292307692307748,1026.515625,0.06534936317105107,0.06867039638138317,high_flow,6893620.csv
6893620,2021-08-15,nighttime,6,0.993883838154727,5.599675861082677e-5,0.4122657580919914,1026.515625,0.06534936317105107,0.06867039638138317,high_flow,6893620.csv
6893620,2021-08-16,daytime,6,0.8686848719200485,0.02473331739529262,0.31757727296909083,1004.53125,0.06850374955362457,0.06860294409395708,high_flow,6893620.csv
6893620,2021-08-16,nighttime,6,0.9905964728010722,1.3222372600107487e-4,0.3757589643716357,1004.53125,0.06850374955362457,0.06860294409395708,high_flow,6893620.csv
6893620,2021-08-17,daytime,6,0.8957213567597706,0.01574408832312723,0.46428571428571447,990.78125,0.07022973455541007,0.06863071856525017,high_flow,6893620.csv
6893620,2021-08-17,nighttime,6,0.9792234893185846,6.430108645625793e-4,0.40406222990492646,990.78125,0.07022973455541007,0.06863071856525017,high_flow,6893620.csv
6893620,2021-08-18,daytime,6,0.9572273861580988,0.00270511856875255,0.6084298812993156,991.5625,0.07005118438281158,0.06908304566916637,high_flow,6893620.csv
6893620,2021-08-18,nighttime,6,0.9941570755941864,5.110991038322607e-5,0.41827053402006326,991.5625,0.07005118438281158,0.06908304566916637,high_flow,6893620.csv
6893620,2021-08-19,daytime,6,0.6617129186002185,0.1523007503752133,0.3667889813427071,986,0.07112248541840258,0.06957505058921556,high_flow,6893620.csv
6893620,2021-08-19,nighttime,6,0.9459046481455454,0.00431031083249094,0.4174584323040394,986,0.07112248541840258,0.06957505058921556,high_flow,6893620.csv
6893620,2021-08-20,daytime,6,0.523389912297123,0.28660306283382464,0.43767178658043016,976.296875,0.07231281990239258,0.06965043843986828,high_flow,6893620.csv
6893620,2021-08-20,nighttime,6,0.8614794904527214,0.02745293631906902,0.5364431486880453,976.296875,0.07231281990239258,0.06965043843986828,high_flow,6893620.csv
6893620,2021-08-21,daytime,6,-0.7542540162196756,0.0831661990833146,-0.1831566099626245,970.859375,0.07332460421378408,0.06967027734793477,high_flow,6893620.csv
6893620,2021-08-21,nighttime,6,-0.9219010258833396,0.00891099425272129,-0.3807963709677381,970.859375,0.07332460421378408,0.06967027734793477,high_flow,6893620.csv
6893620,2021-08-22,daytime,6,0.5846241308443242,0.2229717924453742,0.18036167512690152,1009.078125,0.06802761576002857,0.07028131571638298,high_flow,6893620.csv
6893620,2021-08-22,nighttime,6,0.8671016562832167,0.02531933137987943,0.19756006473297885,1009.078125,0.06802761576002857,0.07028131571638298,high_flow,6893620.csv
6893620,2021-08-23,daytime,6,0.4054220355109464,0.42518595403742815,0.16094521514225046,1012.53125,0.06761099869063207,0.07091219299289767,high_flow,6893620.csv
6893620,2021-08-23,nighttime,6,0.9346650712326292,0.00626353330842247,0.4244604316546779,1012.53125,0.06761099869063207,0.07091219299289767,high_flow,6893620.csv
6893620,2021-08-24,daytime,6,0.6312005070967373,0.1789388240703708,0.2382566585956419,993.78125,0.06975360076181407,0.07130103559100107,high_flow,6893620.csv
6893620,2021-08-24,nighttime,6,0.9823833489030658,4.6278596171904377e-4,0.25047801147227167,993.78125,0.06975360076181407,0.07130103559100107,high_flow,6893620.csv
6893620,2021-08-25,daytime,6,0.49182872065902145,0.3217424938157836,0.26443609182825467,982.375,0.07153910248779907,0.07149545689005277,high_flow,6893620.csv
6893620,2021-08-25,nighttime,6,0.8444417014284049,0.03441544664032923,0.37536023054754586,982.375,0.07153910248779907,0.07149545689005277,high_flow,6893620.csv
6893620,2021-08-26,daytime,6,0.8968894873361508,0.01539954270183564,0.4503984348904881,981.90625,0.07165813593619808,0.07148355354521287,high_flow,6893620.csv
6893620,2021-08-26,nighttime,6,0.8252344038955959,0.04314558638487376,0.3306836248012624,981.90625,0.07165813593619808,0.07148355354521287,high_flow,6893620.csv
6893620,2021-08-27,daytime,6,0.8537198949970862,0.03053176240866371,0.3605786618444886,993.21875,0.06981311748601357,0.07126135777486807,high_flow,6893620.csv
6893620,2021-08-27,nighttime,6,0.8637561038273949,0.02657909206876055,0.21329494896623696,993.21875,0.06981311748601357,0.07126135777486807,high_flow,6893620.csv
6893620,2021-08-28,daytime,6,0.6531897119889495,0.1595593481220642,0.2783478870546227,983.734375,0.07136055231520057,0.07038447803832877,high_flow,6893620.csv
6893620,2021-08-28,nighttime,6,0.9353869028385474,0.0061274034177446,0.3895098882201198,983.734375,0.07136055231520057,0.07038447803832877,high_flow,6893620.csv
6893620,2021-08-31,daytime,6,0.6977754117665848,0.12320700072649812,0.7202406532015494,960.5859375,0.07433638852517557,0.06634924413760267,high_flow,6893620.csv
6893620,2021-08-31,nighttime,6,0.957608568278546,0.00265746081398581,0.36558704453441015,960.5859375,0.07433638852517557,0.06634924413760267,high_flow,6893620.csv
6893620,2021-09-01,daytime,6,0.9660334497959472,0.00171099574404822,0.4615501289246154,971.7421875,0.07314605404118557,0.06544855771138357,high_flow,6893620.csv
6893620,2021-09-01,nighttime,6,0.9928840783101204,7.577435012437591e-5,0.4236410698878383,971.7421875,0.07314605404118557,0.06544855771138357,high_flow,6893620.csv
6893620,2021-09-02,daytime,6,0.6989747307044096,0.12228543420824166,0.5682319571383547,992.9921875,0.06987263421021307,0.06445264452644527,high_flow,6893620.csv
6893620,2021-09-02,nighttime,6,0.95917476028522,0.00246602857910057,0.4973201692524652,992.9921875,0.06987263421021307,0.06445264452644527,high_flow,6893620.csv
6893620,2021-09-03,daytime,6,-0.9887379226904184,1.895373686639527e-4,-0.30721282279608897,1012.3125,0.06778954886323056,0.06337737570924096,high_flow,6893620.csv
6893620,2021-09-03,nighttime,6,-0.3569898942446423,0.48726287323510253,-0.1152073732718848,1012.3125,0.06778954886323056,0.06337737570924096,high_flow,6893620.csv
6893620,2021-09-04,daytime,6,-0.3528856782115003,0.492643609816673,-0.20000000000003643,1088.46875,0.05915962385430306,0.06239733365075586,high_flow,6893620.csv
6893620,2021-09-04,nighttime,6,-0.7844568762559012,0.06468131573518614,-0.2583045442466102,1088.46875,0.05915962385430306,0.06239733365075586,high_flow,6893620.csv
6893620,2021-09-05,daytime,6,0.3781268735522384,0.4598419671005619,0.09780039992728656,1240.84375,0.04642304487561004,0.06126651589096536,high_flow,6893620.csv
6893620,2021-09-05,nighttime,6,NA,NA,4.2926319671722265e-15,1240.84375,0.04642304487561004,0.06126651589096536,high_flow,6893620.csv
6893620,2021-09-06,daytime,6,0.553409346265316,0.25463008078903726,0.14151055959909506,1199.234375,0.04922033091298655,0.05993730905050986,high_flow,6893620.csv
6893620,2021-09-06,nighttime,6,0.9313170236828032,0.00691402599207911,0.29370629370629303,1199.234375,0.04922033091298655,0.05993730905050986,high_flow,6893620.csv
6893620,2021-09-07,daytime,6,0.8210001795785338,0.04519374269718076,0.32555736010630365,1147.15625,0.05279133436495655,0.05844145538229576,high_flow,6893620.csv
6893620,2021-09-07,nighttime,6,0.9617891901055,0.00216220383714839,0.8906077348066072,1147.15625,0.05279133436495655,0.05844145538229576,high_flow,6893620.csv
6893620,2021-09-08,daytime,6,0.9789305586746432,6.612054491437487e-4,0.6331658291457276,1122.21875,0.05624330436852756,0.05691385946117525,high_flow,6893620.csv
6893620,2021-09-08,nighttime,6,0.980072758192074,5.916859454025244e-4,0.2782239870047819,1122.21875,0.05624330436852756,0.05691385946117525,high_flow,6893620.csv
6893620,2021-09-09,daytime,6,0.712655996464343,0.111987359245957,0.29891304347825715,1119.625,0.05660040471372456,0.05546958695393406,high_flow,6893620.csv
6893620,2021-09-09,nighttime,6,0.9707799888445188,0.00126823942287869,0.3951048951048965,1119.625,0.05660040471372456,0.05546958695393406,high_flow,6893620.csv
6893620,2021-09-10,daytime,6,0.7033769740697842,0.11892860824360472,0.24035149384885615,1125.875,0.05552910367813355,0.05437844701027655,high_flow,6893620.csv
6893620,2021-09-10,nighttime,6,0.9960650885796788,2.3194828673308154e-5,0.42914979757085303,1125.875,0.05552910367813355,0.05437844701027655,high_flow,6893620.csv
6893620,2021-09-11,daytime,6,0.5492536841069847,0.25896879230983777,0.29540598290598463,1131.453125,0.05511248660873705,0.05369598857278895,high_flow,6893620.csv
6893620,2021-09-11,nighttime,6,0.991317264054266,1.1275755994246512e-4,0.543542074363994,1131.453125,0.05511248660873705,0.05369598857278895,high_flow,6893620.csv
6893620,2021-09-12,daytime,6,0.6033761867516692,0.204769138733645,0.3334309991210076,1135.078125,0.05439828591834305,0.05379121533150815,high_flow,6893620.csv
6893620,2021-09-12,nighttime,6,0.9866146501823478,2.6755227417904747e-4,0.6551462210406342,1135.078125,0.05439828591834305,0.05379121533150815,high_flow,6893620.csv
6893620,2021-09-13,daytime,6,0.7491799707853511,0.0864764004003018,0.4094079771060671,1141.1640625,0.05362456850374955,0.05499345316033805,high_flow,6893620.csv
6893620,2021-09-13,nighttime,6,0.9640760183355628,0.00191261815574968,0.4079348931841273,1141.1640625,0.05362456850374955,0.05499345316033805,high_flow,6893620.csv
6893620,2021-09-14,daytime,6,0.23683311977830512,0.6513922964877825,0.2577203818079624,1153.8046875,0.05237471729556005,0.05619965877078126,high_flow,6893620.csv
6893620,2021-09-14,nighttime,6,0.98051439112832,5.658341944336334e-4,0.6360946745562095,1153.8046875,0.05237471729556005,0.05619965877078126,high_flow,6893620.csv
6893620,2021-09-15,daytime,6,0.9551190899723982,0.00297624240668072,0.501192799826503,1167.1328125,0.05142244970836805,0.05737015434670475,high_flow,6893620.csv
6893620,2021-09-15,nighttime,6,0.9794281965930084,6.304456588274183e-4,0.3416262135922302,1167.1328125,0.05142244970836805,0.05737015434670475,high_flow,6893620.csv
6893620,2021-09-16,daytime,6,0.9009145347614012,0.01424048708011735,0.3755089730055785,1165.015625,0.05148196643256755,0.05846526207197555,high_flow,6893620.csv
6893620,2021-09-16,nighttime,6,0.967948320499596,0.00152450173021629,0.33152693656359833,1165.015625,0.05148196643256755,0.05846526207197555,high_flow,6893620.csv
6893620,2021-09-17,daytime,6,0.457991867037361,0.36104559648523743,0.2610135970333739,1141.8125,0.05350553505535055,0.05958417648692616,high_flow,6893620.csv
6893620,2021-09-17,nighttime,6,0.9663071579194864,0.00168368722587022,0.4549418604651166,1141.8125,0.05350553505535055,0.05958417648692616,high_flow,6893620.csv
6893620,2021-09-18,daytime,6,0.7774323432080392,0.06879194678333456,0.3765915017640746,1106.53125,0.05755267230091655,0.06076260762607626,high_flow,6893620.csv
6893620,2021-09-18,nighttime,6,0.9662937671705268,0.00168501820102492,0.32317481580710067,1106.53125,0.05755267230091655,0.06076260762607626,high_flow,6893620.csv
6893620,2021-09-19,daytime,6,0.750500048421365,0.08560962459047403,0.3052880820836605,1068.4296875,0.06058802523509106,0.06192516763877316,high_flow,6893620.csv
6893620,2021-09-19,nighttime,6,0.9960062291940932,2.389345714313324e-5,0.37236596425713026,1068.4296875,0.06058802523509106,0.06192516763877316,high_flow,6893620.csv
6893620,2021-09-20,daytime,6,0.6129609923783094,0.19570972454911967,0.3465703971119119,1031.40625,0.06445661230805856,0.06315914772050946,high_flow,6893620.csv
6893620,2021-09-20,nighttime,6,0.9725286588213704,0.00112164591771147,0.4253355704697971,1031.40625,0.06445661230805856,0.06315914772050946,high_flow,6893620.csv
6893620,2021-09-21,daytime,6,0.6108213730271591,0.19771750739953067,0.25514874141875127,1014.03125,0.06731341506963456,0.06450819346903146,high_flow,6893620.csv
6893620,2021-09-21,nighttime,6,0.9674634516437284,0.00157071843446424,0.2847822935292121,1014.03125,0.06731341506963456,0.06450819346903146,high_flow,6893620.csv
6893620,2021-09-22,daytime,6,0.9853357416521706,3.209840048129617e-4,0.6119873817034684,990.359375,0.07034876800380907,0.06601595048208547,high_flow,6893620.csv
6893620,2021-09-22,nighttime,6,-0.7628204829677967,0.07771002205180574,-0.06096043791987728,990.359375,0.07034876800380907,0.06601595048208547,high_flow,6893620.csv
6893620,2021-09-23,daytime,6,0.859976407533282,0.02803721593551328,0.3430005945695964,974.375,0.07266992024758957,0.06756735309288577,high_flow,6893620.csv
6893620,2021-09-23,nighttime,6,0.3955775872108381,0.43758393150908226,0.11260053619303156,974.375,0.07266992024758957,0.06756735309288577,high_flow,6893620.csv
6893620,2021-09-24,daytime,6,0.4525339660709234,0.36753558538716863,0.21489161168708615,970.109375,0.07338412093798358,0.06900765781851367,high_flow,6893620.csv
6893620,2021-09-24,nighttime,6,0.9884154993137202,2.0052366042898876e-4,0.3946680606377482,970.109375,0.07338412093798358,0.06900765781851367,high_flow,6893620.csv
6893620,2021-09-25,daytime,6,0.776628701765632,0.06926957923695531,0.3663101604278072,971.5390625,0.07320557076538507,0.06996786096893227,high_flow,6893620.csv
6893620,2021-09-25,nighttime,6,0.9232476577353858,0.00861031203220348,0.16466552315609118,971.5390625,0.07320557076538507,0.06996786096893227,high_flow,6893620.csv
6893620,2021-09-26,daytime,6,0.34532365223016603,0.502604172440267,0.10108971646212368,974.7890625,0.07255088679919057,0.07032496131412927,high_flow,6893620.csv
6893620,2021-09-26,nighttime,6,0.908847231706974,0.01208455445243095,0.2988271290158085,974.7890625,0.07255088679919057,0.07032496131412927,high_flow,6893620.csv
6893620,2021-09-27,daytime,6,0.43249664599236787,0.3917050039991111,0.1480455075845979,972.9765625,0.07290798714438758,0.07054715708447407,high_flow,6893620.csv
6893620,2021-09-27,nighttime,6,0.8109963415448268,0.05020774383484929,0.16765285996055168,972.9765625,0.07290798714438758,0.07054715708447407,high_flow,6893620.csv
6893620,2021-09-28,daytime,6,0.39761663394421337,0.4350064427212682,0.1235869478072633,965.140625,0.07386025473157957,0.07067015831448636,high_flow,6893620.csv
6893620,2021-09-28,nighttime,6,0.8733294114607028,0.023051914463866,0.2961876832844573,965.140625,0.07386025473157957,0.07067015831448636,high_flow,6893620.csv
6893620,2021-09-29,daytime,6,0.2972948347931278,0.5671958336727493,0.15208455666470205,957.03125,0.07499107249137008,0.07065428718803317,high_flow,6893620.csv
6893620,2021-09-29,nighttime,6,0.8506871291214483,0.03177708465210759,0.2577903682719574,957.03125,0.07499107249137008,0.07065428718803317,high_flow,6893620.csv
6893620,2021-09-30,daytime,6,0.48400386610526824,0.33068551134048263,0.16246851385390224,958.9453125,0.07469348887037257,0.07038844581994207,high_flow,6893620.csv
6893620,2021-09-30,nighttime,6,0.968370708907919,0.00148479692043177,0.5652866242038176,958.9453125,0.07469348887037257,0.07038844581994207,high_flow,6893620.csv
6893620,2021-10-01,daytime,6,0.8420134459189033,0.03546797435866154,0.5821210438645188,971.8828125,0.07308653731698607,0.06989247311827956,high_flow,6893620.csv
6893620,2021-10-01,nighttime,6,0.9541919960110996,0.0030994986995383,0.9951783992285248,971.8828125,0.07308653731698607,0.06989247311827956,high_flow,6893620.csv
6893620,2021-10-02,daytime,6,0.14175436739567931,0.7887926763467557,0.20389805097451025,1011.375,0.06790858231162956,0.06936475816371067,high_flow,6893620.csv
6893620,2021-10-02,nighttime,6,0.9471087015695978,0.00412225274981202,0.800970873786397,1011.375,0.06790858231162956,0.06936475816371067,high_flow,6893620.csv
6893620,2021-10-03,daytime,6,0.9180267930604556,0.00980399613044966,0.8149565217391339,1048.453125,0.06290917747887156,0.06896798000238066,high_flow,6893620.csv
6893620,2021-10-03,nighttime,6,0.9871238358889918,2.4762599762893103e-4,0.5316351684469978,1048.453125,0.06290917747887156,0.06896798000238066,high_flow,6893620.csv
6893620,2021-10-04,daytime,6,0.985104990258107,3.311396595909199e-4,0.6834027055150897,1037.8125,0.06392096179026306,0.06874181645042257,high_flow,6893620.csv
6893620,2021-10-04,nighttime,6,0.9693267208675808,0.0013968456009583,0.42595337555585105,1037.8125,0.06392096179026306,0.06874181645042257,high_flow,6893620.csv
6893620,2021-10-05,daytime,6,0.8447026931997776,0.03430320799116584,0.5162799766036346,1020.1015625,0.06630163075824307,0.06740467404674047,high_flow,6893620.csv
6893620,2021-10-05,nighttime,6,0.9348846066773874,0.00622197656711465,0.2866347265818608,1020.1015625,0.06630163075824307,0.06740467404674047,high_flow,6893620.csv
6893620,2021-10-06,daytime,6,0.8145352861676142,0.04840601039023597,0.5817618186515088,1014.765625,0.06707534817283657,0.06618656509145736,high_flow,6893620.csv
6893620,2021-10-06,nighttime,6,0.9962419760159006,2.1157579591765015e-5,0.5411887382690266,1014.765625,0.06707534817283657,0.06618656509145736,high_flow,6893620.csv
6893620,2021-10-07,daytime,6,0.9719800262196956,0.00116667889004782,0.47556189796646187,1020.03125,0.06636114748244257,0.06496448835456096,high_flow,6893620.csv
6893620,2021-10-07,nighttime,6,NA,NA,NA,1020.03125,0.06636114748244257,0.06496448835456096,high_flow,6893620.csv
6893620,2021-10-08,daytime,6,0.8559266435054727,0.02964042323446172,0.29238711792182365,1027.1484375,0.06523032972265207,0.06386938062929017,high_flow,6893620.csv
6893620,2021-10-08,nighttime,6,0.8831872371185934,0.01967086434200515,0.13596673596673556,1027.1484375,0.06523032972265207,0.06386938062929017,high_flow,6893620.csv
6893620,2021-10-09,daytime,6,0.5621614661346526,0.2455864839429921,0.23746835443037775,1026.1171875,0.06546839661945006,0.06298059754791097,high_flow,6893620.csv
6893620,2021-10-09,nighttime,6,0.960653217309388,0.00229179622148628,0.5533175355450249,1026.1171875,0.06546839661945006,0.06298059754791097,high_flow,6893620.csv
6893620,2021-10-10,daytime,6,0.2185744728140794,0.6773594666589164,0.14432429166918248,1014.34375,0.06725389834543506,0.06268301392691346,high_flow,6893620.csv
6893620,2021-10-10,nighttime,6,0.9102053766487026,0.01173260121057347,0.4937027707808469,1014.34375,0.06725389834543506,0.06268301392691346,high_flow,6893620.csv
6893620,2021-10-14,daytime,6,0.7487957274667254,0.08672943453307605,0.36934673366834414,1119.4296875,0.05665992143792406,0.06365908820378527,high_flow,6893620.csv
6893620,2021-10-14,nighttime,6,0.9576831546985608,0.00264818438119754,0.19781818181818195,1119.4296875,0.05665992143792406,0.06365908820378527,high_flow,6893620.csv
6893620,2021-10-15,daytime,6,0.938046647711051,0.00563843155814178,1.1711409395973362,1101.6328125,0.05826687299131056,0.06378208943379757,high_flow,6893620.csv
6893620,2021-10-15,nighttime,6,0.7293719442382429,0.09994897907277916,0.16037735849056267,1101.6328125,0.05826687299131056,0.06378208943379757,high_flow,6893620.csv
6893620,2021-10-16,daytime,6,0.9358437225304416,0.00604200739287099,0.5163982146322552,1079.5078125,0.05975479109629806,0.06388921953735667,high_flow,6893620.csv
6893620,2021-10-16,nighttime,6,0.933949712935294,0.00639988380590064,0.15991471215352202,1079.5078125,0.05975479109629806,0.06388921953735667,high_flow,6893620.csv
6893620,2021-10-17,daytime,6,0.4504904732004627,0.3699759338736148,0.1605156723963579,1041.40625,0.06344482799666706,0.06385350950283697,high_flow,6893620.csv
6893620,2021-10-17,nighttime,6,0.6054792565721061,0.202767015967915,0.17322279061563017,1041.40625,0.06344482799666706,0.06385350950283697,high_flow,6893620.csv
6893620,2021-10-18,daytime,6,0.58230909217573,0.22526217456301825,0.23171275646744113,1014.921875,0.06701583144863707,0.06313137324921636,high_flow,6893620.csv
6893620,2021-10-18,nighttime,6,0.7858609943508019,0.06387354355268678,0.21117166212534097,1014.921875,0.06701583144863707,0.06313137324921636,high_flow,6893620.csv
6893620,2021-10-19,daytime,6,0.5508081035318491,0.25734256069449857,0.25171939477303795,1001.2265625,0.06886084989882157,0.06142522715549736,high_flow,6893620.csv
6893620,2021-10-19,nighttime,6,0.9508018992463456,0.00357113882847141,0.8057142857142797,1001.2265625,0.06886084989882157,0.06142522715549736,high_flow,6893620.csv
6893620,2021-10-20,daytime,6,0.6797284672521163,0.13743503920251707,0.5208952887775896,995.9765625,0.06957505058921556,0.06060389636154426,high_flow,6893620.csv
6893620,2021-10-20,nighttime,6,0.8959570883229978,0.01567426271899524,0.9975786924939544,995.9765625,0.06957505058921556,0.06060389636154426,high_flow,6893620.csv
6893620,2021-10-21,daytime,6,0.9810626572912888,5.345387404578063e-4,0.9044471153846126,998.3828125,0.06939650041661707,0.05943340078562076,high_flow,6893620.csv
6893620,2021-10-21,nighttime,6,0.9045473501613808,0.01323196805116628,0.17117278424350732,998.3828125,0.06939650041661707,0.05943340078562076,high_flow,6893620.csv
6893620,2021-10-23,daytime,6,0.5818711959118971,0.2256964610606784,0.3994899142128462,1017.3984375,0.06683728127603857,0.05509264770067056,high_flow,6893620.csv
6893620,2021-10-23,nighttime,6,-0.5281947245565486,0.2813883483358092,-0.20149253731342748,1017.3984375,0.06683728127603857,0.05509264770067056,high_flow,6893620.csv
6893620,2021-10-24,daytime,6,0.882989034054848,0.01973631753678663,0.9171597633136086,1029.1171875,0.06493274610165456,0.05254533190493195,high_flow,6893620.csv
6893620,2021-10-24,nighttime,6,-0.40021180832831976,0.4317331484287292,-0.3050847457627048,1029.1171875,0.06493274610165456,0.05254533190493195,high_flow,6893620.csv
6893620,2021-10-25,daytime,6,0.7212746669178062,0.1057049364119122,1.8571428571427844,1121.5859375,0.05642185454112605,0.04992262825854065,high_flow,6893620.csv
6893620,2021-10-25,nighttime,6,0.9332639660406846,0.00653193626481351,0.24519230769231143,1121.5859375,0.05642185454112605,0.04992262825854065,high_flow,6893620.csv
6893620,2021-10-26,daytime,6,0.5250337428650008,0.28481489966489926,0.4952215464813246,1284.109375,0.04356624211403404,0.04735944133634885,high_flow,6893620.csv
6893620,2021-10-26,nighttime,6,0.5280841535501235,0.2815079422788907,0.1465324384787613,1284.109375,0.04356624211403404,0.04735944133634885,high_flow,6893620.csv
6893620,2021-10-27,daytime,6,-0.22365301182461392,0.6701141189788248,-0.17886178861790356,1356.15625,0.04053088917985954,0.04502241796611514,high_flow,6893620.csv
6893620,2021-10-27,nighttime,6,-0.4902903378454567,0.3234936203767008,-0.2564102564102614,1356.15625,0.04053088917985954,0.04502241796611514,high_flow,6893620.csv
6893620,2021-10-28,daytime,6,-0.8554653527218921,0.02982571290725269,-0.8447304907481861,1449.6953125,0.03803118676348054,0.04291155814783954,high_flow,6893620.csv
6893620,2021-10-28,nighttime,6,-0.6072481014248232,0.2010892944984185,-1.996153846153834,1449.6953125,0.03803118676348054,0.04291155814783954,high_flow,6893620.csv
6893620,2021-10-29,daytime,6,0.44390845998962986,0.3778744388487411,0.21690383786112968,1598.203125,0.02809189382216402,0.04096337737570924,high_flow,6893620.csv
6893620,2021-10-29,nighttime,6,0.8669214468630114,0.02538644793661502,1.571428571428549,1598.203125,0.02809189382216402,0.04096337737570924,high_flow,6893620.csv
6893620,2021-10-30,daytime,6,0.7748189732702776,0.07035067191821998,0.2108458961474013,1729.171875,0.02172360433281752,0.03926913462683014,high_flow,6893620.csv
6893620,2021-10-30,nighttime,6,0.6552702789613069,0.15777427548730302,0.07051434931234998,1729.171875,0.02172360433281752,0.03926913462683014,high_flow,6893620.csv
6893620,2021-10-31,daytime,6,0.9786676495480758,6.777499161365065e-4,0.699999999999988,1742.1953125,0.02154505416021902,0.03797960560250764,high_flow,6893620.csv
6893620,2021-10-31,nighttime,6,0.8958178850426218,0.01571547780552624,1.2750929368029933,1742.1953125,0.02154505416021902,0.03797960560250764,high_flow,6893620.csv
6893620,2021-11-01,daytime,6,-0.3396314290030446,0.5101410155402626,-0.16243093922650623,1671.53125,0.02410427330079752,0.03706701583144863,high_flow,6893620.csv
6893620,2021-11-01,nighttime,6,0.6470411598908501,0.1648841181590425,0.22543352601158195,1671.53125,0.02410427330079752,0.03706701583144863,high_flow,6893620.csv
6893620,2021-11-02,daytime,6,0.760889904131035,0.07892505989441997,0.5644221285753043,1591.703125,0.02856802761576003,0.03705114470499544,high_flow,6893620.csv
6893620,2021-11-02,nighttime,6,0.3801429606348541,0.4572525359722028,0.1734104046242786,1591.703125,0.02856802761576003,0.03705114470499544,high_flow,6893620.csv
6893620,2021-11-03,daytime,6,0.2288038225236712,0.6627833423159684,0.09522240527182896,1521.921875,0.03380549934531603,0.03811054239574654,high_flow,6893620.csv
6893620,2021-11-03,nighttime,6,0.8253978549081742,0.04306741104659407,0.17032040472176113,1521.921875,0.03380549934531603,0.03811054239574654,high_flow,6893620.csv
6893620,2021-11-04,daytime,6,0.37335792857735767,0.4659854347035988,0.1461092715231812,1451.859375,0.03791215331508154,0.03899138991389914,high_flow,6893620.csv
6893620,2021-11-04,nighttime,6,0.7900416063162705,0.06149604232994329,0.27016129032259373,1451.859375,0.03791215331508154,0.03899138991389914,high_flow,6893620.csv
6893620,2021-11-05,daytime,6,0.17853952302275536,0.7350363106352895,0.07016107016106773,1374.5625,0.04017378883466254,0.03944371701781534,high_flow,6893620.csv
6893620,2021-11-05,nighttime,6,0.4220293926850971,0.404539487069634,0.07124352331606958,1374.5625,0.04017378883466254,0.03944371701781534,high_flow,6893620.csv
6893620,2021-11-06,daytime,6,0.33407146855612113,0.5175346108443558,0.12246248896734314,1296.7421875,0.04279252469944054,0.04056659921437924,high_flow,6893620.csv
6893620,2021-11-06,nighttime,6,0.8769042110715799,0.02179625089849545,0.6189198255618964,1296.7421875,0.04279252469944054,0.04056659921437924,high_flow,6893620.csv
6893620,2021-11-08,daytime,6,0.0108977121016952,0.9836540789543048,0.01956691886250692,1169.3203125,0.05124389953576955,0.04436376621830734,high_flow,6893620.csv
6893620,2021-11-08,nighttime,6,0.9346646078938414,0.00626362115859486,0.4918032786885284,1169.3203125,0.05124389953576955,0.04436376621830734,high_flow,6893620.csv
6893620,2021-11-09,daytime,6,-0.05193133804305255,0.9221730188100902,-0.08561643835616942,1122.3984375,0.05618378764432805,0.04661746617466175,high_flow,6893620.csv
6893620,2021-11-09,nighttime,6,0.9057148735229394,0.01291544507138381,0.4387755102040819,1122.3984375,0.05618378764432805,0.04661746617466175,high_flow,6893620.csv
6893620,2021-11-10,daytime,6,-0.3815533325115481,0.4554438302485304,-0.9663366336633856,1086.2265625,0.05945720747530056,0.04877197159068365,high_flow,6893620.csv
6893620,2021-11-10,nighttime,6,NA,NA,NA,1086.2265625,0.05945720747530056,0.04877197159068365,high_flow,6893620.csv
6893620,2021-11-11,daytime,6,-0.3446369103889444,0.503511690005345,-0.09515859766276698,1140.953125,0.05374360195214855,0.05076379796056025,high_flow,6893620.csv
6893620,2021-11-11,nighttime,6,0.9978350747593988,7.025278550627965e-6,0.4458245536209365,1140.953125,0.05374360195214855,0.05076379796056025,high_flow,6893620.csv
6893620,2021-11-12,daytime,6,-0.21691026487550857,0.679737423501514,-0.14750830564783982,1261.5859375,0.04481609332222355,0.05267626869817085,high_flow,6893620.csv
6893620,2021-11-12,nighttime,6,-0.942995398625231,0.00478166794023423,-0.11520522388059376,1261.5859375,0.04481609332222355,0.05267626869817085,high_flow,6893620.csv
6893620,2021-11-13,daytime,6,0.21723721916146535,0.6792701017009567,0.27714033539276484,1259.75,0.04493512677062254,0.05458080387255486,high_flow,6893620.csv
6893620,2021-11-13,nighttime,6,-0.9408537920271236,0.00514395605801878,-0.21895551257252657,1259.75,0.04493512677062254,0.05458080387255486,high_flow,6893620.csv
6893620,2021-11-14,daytime,6,0.05922158998401882,0.9112714659070512,0.10055248618785786,1216.7578125,0.04808951315319604,0.05642979010435266,high_flow,6893620.csv
6893620,2021-11-14,nighttime,6,-0.5976963914124807,0.21021623408311133,-0.3672883787661601,1216.7578125,0.04808951315319604,0.05642979010435266,high_flow,6893620.csv
6893620,2021-11-15,daytime,6,0.03490029183693084,0.9476708170522988,0.05895117540686665,1155.734375,0.05213665039876205,0.05807641947387216,high_flow,6893620.csv
6893620,2021-11-15,nighttime,6,0.7370948269423423,0.0945928066109012,0.747368421052628,1155.734375,0.05213665039876205,0.05807641947387216,high_flow,6893620.csv
6893620,2021-11-16,daytime,6,-0.5307352685206933,0.27864583260164366,-0.6404702970297091,1103.84375,0.05790977264611356,0.05957227314208626,high_flow,6893620.csv
6893620,2021-11-16,nighttime,6,NA,NA,9.225971961744724e-15,1103.84375,0.05790977264611356,0.05957227314208626,high_flow,6893620.csv
6893620,2021-11-17,daytime,6,0.9826177891857936,4.505859377084397e-4,2.16720219664656,1066.125,0.06088560885608856,0.06083005991350236,high_flow,6893620.csv
6893620,2021-11-17,nighttime,6,-0.2144182430350327,0.6833015944227233,-0.07572383073495483,1066.125,0.06088560885608856,0.06083005991350236,high_flow,6893620.csv
6893620,2021-11-18,daytime,6,0.9046051530425072,0.0132162102512619,1.076073619631901,1039.09375,0.06368289489346507,0.06192516763877316,high_flow,6893620.csv
6893620,2021-11-18,nighttime,6,-0.15819017150895287,0.7646940284734868,-0.01675435337543582,1039.09375,0.06368289489346507,0.06192516763877316,high_flow,6893620.csv
6893620,2021-11-19,daytime,6,-0.3005293735769091,0.5627775312480666,-0.6469933184855448,1018.8125,0.06659921437924057,0.06345673134150696,high_flow,6893620.csv
6893620,2021-11-19,nighttime,6,0.7790026174531914,0.06786302589508651,0.12456293706294094,1018.8125,0.06659921437924057,0.06345673134150696,high_flow,6893620.csv
6893620,2021-11-20,daytime,6,-0.15358503344038996,0.7714338595608592,-0.27615062761507553,1002.9296875,0.06874181645042257,0.06561917232075547,high_flow,6893620.csv
6893620,2021-11-20,nighttime,6,0.8109307588519308,0.05024142101852445,0.45833333333333987,1002.9296875,0.06874181645042257,0.06561917232075547,high_flow,6893620.csv
6893620,2021-11-21,daytime,6,0.5674922302436477,0.2401413621755258,1.3367496339677951,988.9765625,0.07052731817640757,0.06778954886323058,high_flow,6893620.csv
6893620,2021-11-21,nighttime,6,0.9236576592262944,0.00851976207120741,0.43318130969797913,988.9765625,0.07052731817640757,0.06778954886323058,high_flow,6893620.csv
6893620,2021-11-22,daytime,6,0.6117075380618087,0.1968849256187107,1.439102564102583,976.59375,0.07219378645399357,0.06976947188826726,high_flow,6893620.csv
6893620,2021-11-22,nighttime,6,0.9731333490588272,0.00107302899740382,0.3208128078817731,976.59375,0.07219378645399357,0.06976947188826726,high_flow,6893620.csv
6893620,2021-11-23,daytime,6,-0.10113891427410236,0.8488089076104741,-0.139027192646499,966.28125,0.07368170455898107,0.07150339245327937,high_flow,6893620.csv
6893620,2021-11-23,nighttime,6,0.6522467641132603,0.1603711680079195,0.09638554216868613,966.28125,0.07368170455898107,0.07150339245327937,high_flow,6893620.csv
6893620,2021-11-24,daytime,6,-0.7918334174223932,0.06048971394986809,-2.5515439429929043,957.015625,0.07505058921556958,0.07285640598341467,high_flow,6893620.csv
6893620,2021-11-24,nighttime,6,-0.8813102329847978,0.02029488434041605,-1.431578947368443,957.015625,0.07505058921556958,0.07285640598341467,high_flow,6893620.csv
6893620,2021-11-25,daytime,6,0.9116025196016208,0.01137579779269803,1.4330783938814524,948.2109375,0.07588382335436257,0.07404674046740467,high_flow,6893620.csv
6893620,2021-11-25,nighttime,6,-0.3866977472654483,0.4488658314858929,-0.03016937191248924,948.2109375,0.07588382335436257,0.07404674046740467,high_flow,6893620.csv
6893620,2021-11-26,daytime,6,-0.01225321591809936,0.9816210959797366,-0.02113352545630881,941.4375,0.07671705749315558,0.07508233146847597,high_flow,6893620.csv
6893620,2021-11-26,nighttime,6,0.26655699499159125,0.6096342954925775,0.01973684210528159,941.4375,0.07671705749315558,0.07508233146847597,high_flow,6893620.csv
6893620,2021-11-27,daytime,6,0.3840536651137196,0.4522429258528589,0.6590909090909025,937,0.07725270801095108,0.07595921120501528,high_flow,6893620.csv
6893620,2021-11-27,nighttime,6,0.7460038465922519,0.08857790916337965,0.5217391304348031,937,0.07725270801095108,0.07595921120501528,high_flow,6893620.csv
6893620,2021-11-28,daytime,6,0.05658560821966219,0.9152121792786924,0.11284046692605734,933.546875,0.07749077490774908,0.07672896083799548,high_flow,6893620.csv
6893620,2021-11-28,nighttime,6,-0.8352127290791903,0.03849488061459616,-0.16439790575916044,933.546875,0.07749077490774908,0.07672896083799548,high_flow,6893620.csv
6893620,2021-11-29,daytime,6,0.1686809058925223,0.7493784009864017,0.3447611710323584,930.75,0.07778835852874658,0.07740348371225647,high_flow,6893620.csv
6893620,2021-11-29,nighttime,6,0.8369052495455062,0.03773069460602185,0.7441860465116378,930.75,0.07778835852874658,0.07740348371225647,high_flow,6893620.csv
6893620,2021-11-30,daytime,6,-0.2964828348843003,0.5683064753311746,-0.9941569282137,928.6875,0.07814545887394357,0.07801452208070468,high_flow,6893620.csv
6893620,2021-11-30,nighttime,6,NA,NA,9.425703671448236e-15,928.6875,0.07814545887394357,0.07801452208070468,high_flow,6893620.csv
6893620,2021-12-01,daytime,6,0.2872740424662183,0.5809427790470498,0.6158049600672542,927.171875,0.07820497559814307,0.07854223703527358,high_flow,6893620.csv
6893620,2021-12-01,nighttime,6,0.8665069303180484,0.02554114955333913,1.0344827586207008,927.171875,0.07820497559814307,0.07854223703527358,high_flow,6893620.csv
6893620,2021-12-02,daytime,6,0.19613725424079564,0.7095668013170566,0.4558472553699306,925.0625,0.07874062611593857,0.07899456413918977,high_flow,6893620.csv
6893620,2021-12-02,nighttime,6,0.8375111166225316,0.03745888831173361,0.29533678756476395,925.0625,0.07874062611593857,0.07899456413918977,high_flow,6893620.csv
6893620,2021-12-03,daytime,6,0.37621086957179767,0.462307126570676,0.8372093023255777,921.46875,0.07921675990953458,0.07942308455342618,high_flow,6893620.csv
6893620,2021-12-03,nighttime,6,0.5721439006109058,0.23542941381828583,0.05845511482254834,921.46875,0.07921675990953458,0.07942308455342618,high_flow,6893620.csv
6893620,2021-12-04,daytime,6,0.7504931285020616,0.08561415805316495,2.0737114886265493,918.21875,0.07975241042733008,0.07980399158830298,high_flow,6893620.csv
6893620,2021-12-04,nighttime,6,-0.630451565038771,0.17961518442959537,-0.0681375730045365,918.21875,0.07975241042733008,0.07980399158830298,high_flow,6893620.csv
6893620,2021-12-05,daytime,6,0.5172837371657214,0.2932824229307792,1.2605485232067597,915.703125,0.08028806094512558,0.08016109193349998,high_flow,6893620.csv
6893620,2021-12-05,nighttime,6,-0.9036415480362108,0.01348008513206632,-1.3269230769230815,915.703125,0.08028806094512558,0.08016109193349998,high_flow,6893620.csv
6893620,2021-12-06,daytime,6,0.3235893695502092,0.5315574800749608,0.5460829493087507,912.890625,0.08064516129032258,0.08051422449708368,high_flow,6893620.csv
6893620,2021-12-06,nighttime,6,-0.511663673352934,0.29948119180551563,-0.02508260738960547,912.890625,0.08064516129032258,0.08051422449708368,high_flow,6893620.csv
6893620,2021-12-07,daytime,6,0.6080722580926116,0.20030954044635535,1.6466283324621145,910.0625,0.08135936198071658,0.08086338927905408,high_flow,6893620.csv
6893620,2021-12-07,nighttime,6,0.9523147113592928,0.0033566146560508,1.2701949860724184,910.0625,0.08135936198071658,0.08086338927905408,high_flow,6893620.csv
6893620,2021-12-08,daytime,6,0.5564375511014195,0.25148653525579384,0.7653770179143117,908,0.08159742887751459,0.08117684402650478,high_flow,6893620.csv
6893620,2021-12-08,nighttime,6,0.8210577479159662,0.0451655994275187,1.0844793713163068,908,0.08159742887751459,0.08117684402650478,high_flow,6893620.csv
6893620,2021-12-09,daytime,6,0.3690164349697492,0.47160040889775734,0.4792693185915079,906.703125,0.08183549577431258,0.08147839542911559,high_flow,6893620.csv
6893620,2021-12-09,nighttime,6,0.672860694616884,0.14302494299186477,5.100000000000252,906.703125,0.08183549577431258,0.08147839542911559,high_flow,6893620.csv
6893620,2021-12-10,daytime,6,-0.07999766298625174,0.8802594830859458,-0.06424550171100882,905.46875,0.08231162956790858,0.08164107447526088,high_flow,6893620.csv
6893620,2021-12-10,nighttime,6,-0.6017733356846043,0.2063004307786066,-0.07704918032786116,905.46875,0.08231162956790858,0.08164107447526088,high_flow,6893620.csv
6893620,2021-12-11,daytime,6,0.9595474855918096,0.00242151051584972,2.048013245033118,904.75,0.08243066301630758,0.08170455898107368,high_flow,6893620.csv
6893620,2021-12-11,nighttime,6,0.6501170443436798,0.16221112369498286,0.20328253223915915,904.75,0.08243066301630758,0.08170455898107368,high_flow,6893620.csv
6893620,2021-12-12,daytime,6,0.9502049585213728,0.00365758468194772,1.899702085402198,904.203125,0.08260921318890609,0.08174423679720669,high_flow,6893620.csv
6893620,2021-12-12,nighttime,6,0.9523564477355678,0.00335078886661972,0.5175438596491307,904.203125,0.08260921318890609,0.08174423679720669,high_flow,6893620.csv
6893620,2021-12-13,daytime,6,0.6002551585895506,0.20775510635765268,0.7962361759970317,903.359375,0.08278776336150458,0.08173233345236679,high_flow,6893620.csv
6893620,2021-12-13,nighttime,6,0.820122375563839,0.04562388306905352,0.3092417061611446,903.359375,0.08278776336150458,0.08173233345236679,high_flow,6893620.csv
6893620,2021-12-14,daytime,6,-0.1036470948330022,0.8450860836236525,-0.0786790780141873,902.953125,0.08302583025830258,0.08160933222235447,high_flow,6893620.csv
6893620,2021-12-14,nighttime,6,0.9748717449219338,9.392104478608048e-4,0.5201192250372645,902.953125,0.08302583025830258,0.08160933222235447,high_flow,6893620.csv
6893620,2021-12-15,daytime,6,-0.5045872555196302,0.3073551679899277,-0.6639133378469989,903.171875,0.08284728008570408,0.08131571638297028,high_flow,6893620.csv
6893620,2021-12-15,nighttime,6,-0.9952663382563404,3.3558295365687935e-5,-0.5825358851674666,903.171875,0.08284728008570408,0.08131571638297028,high_flow,6893620.csv
6893620,2021-12-16,daytime,6,0.932788506164014,0.00662426726169347,0.4524070021881826,903.375,0.08272824663730509,0.08091893822164029,high_flow,6893620.csv
6893620,2021-12-16,nighttime,6,0.99680035405891,1.5340222660242805e-5,0.4138936645403832,903.375,0.08272824663730509,0.08091893822164029,high_flow,6893620.csv
6893620,2021-12-17,daytime,6,0.6949107003838,0.12542044431660568,1.3393316195372715,910.59375,0.08118081180811808,0.08054199896837679,high_flow,6893620.csv
6893620,2021-12-17,nighttime,6,-0.5550065725472262,0.25297011547841225,-0.16024211532334803,910.59375,0.08118081180811808,0.08054199896837679,high_flow,6893620.csv
6893620,2021-12-18,daytime,6,0.6345447650272841,0.17593164412412607,0.37000000000000166,916.109375,0.08016902749672658,0.08020870531285958,high_flow,6893620.csv
6893620,2021-12-18,nighttime,6,-0.9794276059615162,6.304817354726736e-4,-0.5205175600739301,916.109375,0.08016902749672658,0.08020870531285958,high_flow,6893620.csv
6893620,2021-12-19,daytime,6,0.7245695586676415,0.10334554986239816,0.5654343388523393,915.609375,0.08034757766932508,0.07995476728960837,high_flow,6893620.csv
6893620,2021-12-19,nighttime,6,-0.9798018447684488,6.078281371426302e-4,-0.4415384615384551,915.609375,0.08034757766932508,0.07995476728960837,high_flow,6893620.csv
6893620,2021-12-20,daytime,6,0.35241069188467444,0.493267484815153,0.2545408678102881,916.53125,0.08010951077252708,0.07978018489862318,high_flow,6893620.csv
6893620,2021-12-20,nighttime,6,-0.3035417469436374,0.558671182422857,-0.2027027027026843,916.53125,0.08010951077252708,0.07978018489862318,high_flow,6893620.csv
6893620,2021-12-21,daytime,6,0.7562772965677992,0.08186247781282312,0.5634328358208919,924.96875,0.07880014284013807,0.07968099035829068,high_flow,6893620.csv
6893620,2021-12-21,nighttime,6,0.8044125190780494,0.05364064704397968,0.1789794364051825,924.96875,0.07880014284013807,0.07968099035829068,high_flow,6893620.csv
6893620,2021-12-22,daytime,6,0.6439972573703053,0.16754739975090455,0.5401692628480249,939.578125,0.07695512438995358,0.07940721342697298,high_flow,6893620.csv
6893620,2021-12-22,nighttime,6,0.7342844433374957,0.09652674441708851,0.23828647925033145,939.578125,0.07695512438995358,0.07940721342697298,high_flow,6893620.csv
6893620,2021-12-23,daytime,6,0.3890689157779546,0.4458442062111512,0.3170530646212351,948.734375,0.07564575645756458,0.07918104987501488,high_flow,6893620.csv
6893620,2021-12-23,nighttime,6,-0.948021436783534,0.00398243946282736,-1.3576158940397387,948.734375,0.07564575645756458,0.07918104987501488,high_flow,6893620.csv
6893620,2021-12-24,daytime,6,0.0420653801815278,0.936939146993106,0.03585510103499006,945.984375,0.07618140697536008,0.07905408086338928,high_flow,6893620.csv
6893620,2021-12-24,nighttime,6,0.9530421704798844,0.00325578473640931,0.9845094664371952,945.984375,0.07618140697536008,0.07905408086338928,high_flow,6893620.csv
6893620,2021-12-25,daytime,6,0.8011927170633634,0.05535764072293978,1.3689427312775353,936.21875,0.07731222473515058,0.07912153315081538,high_flow,6893620.csv
6893620,2021-12-25,nighttime,6,0.8264859814923848,0.0425486687064149,0.18963883331578785,936.21875,0.07731222473515058,0.07912153315081538,high_flow,6893620.csv
6893620,2021-12-26,daytime,6,-0.47106085157124367,0.34567252981948016,-0.44061220090537234,925.703125,0.07862159266753958,0.07932389001309367,high_flow,6893620.csv
6893620,2021-12-26,nighttime,6,0.9724302902284276,0.00112965563018919,0.23231511254019097,925.703125,0.07862159266753958,0.07932389001309367,high_flow,6893620.csv
6893620,2021-12-27,daytime,6,0.9687703581808804,0.00144770680529389,5.515738498789352,917.0625,0.07999047732412808,0.07953815022021188,high_flow,6893620.csv
6893620,2021-12-27,nighttime,6,0.837785665884425,0.03733602264391771,0.318380743982501,917.0625,0.07999047732412808,0.07953815022021188,high_flow,6893620.csv
6893620,2021-12-28,daytime,6,-0.8655987860799015,0.02588163877128342,-0.6667981850463732,910.109375,0.08129984525651708,0.07980399158830298,high_flow,6893620.csv
6893620,2021-12-28,nighttime,6,0.9572267672838028,0.00270519628357378,1.3125000000000149,910.109375,0.08129984525651708,0.07980399158830298,high_flow,6893620.csv
6893620,2021-12-29,daytime,6,0.9334256306695576,0.00650068629355917,1.120967741935481,924.515625,0.07891917628853708,0.07999444510574139,high_flow,6893620.csv
6893620,2021-12-29,nighttime,6,0.9137400379135364,0.01084025084270885,0.144098015909304,924.515625,0.07891917628853708,0.07999444510574139,high_flow,6893620.csv
6893620,2021-12-30,daytime,6,0.7159039834248305,0.1096010475536736,0.9153567110036226,920.265625,0.07945482680633258,0.08033170654287188,high_flow,6893620.csv
6893620,2021-12-30,nighttime,6,-0.7470756948899536,0.08786618323020577,-0.5169491525423594,920.265625,0.07945482680633258,0.08033170654287188,high_flow,6893620.csv
6893620,2021-12-31,daytime,6,-0.05085997645226038,0.9237758160182696,-0.03996062992126152,912.078125,0.08082371146292108,0.08082767924453438,high_flow,6893620.csv
6893620,2021-12-31,nighttime,6,-0.9786937849847634,6.760961681436099e-4,-0.3080495356037075,912.078125,0.08082371146292108,0.08082767924453438,high_flow,6893620.csv
6893620,2022-01-01,daytime,6,-0.766981610017915,0.07512018892595747,-0.6676067687348892,906.046875,0.08219259611950958,0.08132365194619688,high_flow,6893620.csv
6893620,2022-01-01,nighttime,6,0.5267865840075198,0.2829128437730148,0.04269293924466574,906.046875,0.08219259611950958,0.08132365194619688,high_flow,6893620.csv
6893620,2022-01-02,daytime,6,0.8962705365746458,0.01558164815140921,1.8795180722891256,902.0625,0.08320438043090109,0.08180772130301948,high_flow,6893620.csv
6893620,2022-01-02,nighttime,6,-0.685291005614576,0.13297796176779192,-0.7623762376237048,902.0625,0.08320438043090109,0.08180772130301948,high_flow,6893620.csv
6893620,2022-01-03,daytime,6,-0.01428006962708375,0.9785813515580478,-0.02227662178703383,898.796875,0.08356148077609808,0.08228782287822878,high_flow,6893620.csv
6893620,2022-01-03,nighttime,6,0.8384332394589942,0.03704697250254139,0.5000000000000085,898.796875,0.08356148077609808,0.08228782287822878,high_flow,6893620.csv
6893620,2022-01-04,daytime,6,0.8093265372335186,0.05106845668116307,1.4689964645091094,895.484375,0.08409713129389358,0.08274014998214498,high_flow,6893620.csv
6893620,2022-01-04,nighttime,6,0.7607497338023285,0.0790136096684404,0.5511811023622241,895.484375,0.08409713129389358,0.08274014998214498,high_flow,6893620.csv
6893620,2022-01-05,daytime,6,0.8934527584634318,0.01642369311152368,1.464259927797824,907.578125,0.08165694560171408,0.08299012022378288,high_flow,6893620.csv
6893620,2022-01-05,nighttime,6,-0.9909901781820376,1.2139963913346852e-4,-0.445660672400312,907.578125,0.08165694560171408,0.08299012022378288,high_flow,6893620.csv
6893620,2022-01-06,daytime,6,0.9491604765162917,0.00381128435318797,1.9589899713467216,906.5,0.08201404594691108,0.08342260841963259,high_flow,6893620.csv
6893620,2022-01-06,nighttime,6,NA,NA,8.128555338436511e-15,906.5,0.08201404594691108,0.08342260841963259,high_flow,6893620.csv
6893620,2022-01-07,daytime,6,0.8750095587320892,0.02245757712817259,2.14873646209387,902.75,0.08308534698250208,0.08383922548902908,high_flow,6893620.csv
6893620,2022-01-07,nighttime,6,-0.952907383401604,0.00327435281689194,-3.0236220472440984,902.75,0.08308534698250208,0.08383922548902908,high_flow,6893620.csv
6893620,2022-01-08,daytime,6,-0.43041534078751664,0.394245794889608,-0.6153846153846194,898.15625,0.08362099750029758,0.08411697020196009,high_flow,6893620.csv
6893620,2022-01-08,nighttime,6,-0.7824884252135746,0.06582155167828521,-3.1875,898.15625,0.08362099750029758,0.08411697020196009,high_flow,6893620.csv
6893620,2022-01-09,daytime,6,0.960369713422662,0.00232471855750409,1.7102888086642556,893.03125,0.08457326508748958,0.08431139150101179,high_flow,6893620.csv
6893620,2022-01-09,nighttime,6,0.6778246190300239,0.138975048994942,0.26954177897574894,893.03125,0.08457326508748958,0.08431139150101179,high_flow,6893620.csv
6893620,2022-01-10,daytime,6,0.873312319558332,0.02305799859996418,1.0366972477064167,887.3125,0.08582311629567908,0.08449787723683688,high_flow,6893620.csv
6893620,2022-01-10,nighttime,6,0.8667190566019203,0.02546192614050895,0.4807692307692424,887.3125,0.08582311629567908,0.08449787723683688,high_flow,6893620.csv
6893620,2022-01-11,daytime,6,0.5972594695426197,0.21063765840416715,0.7684113015284835,882.0625,0.0867753838828711,0.08472007300718168,high_flow,6893620.csv
6893620,2022-01-11,nighttime,6,0.8450929205541384,0.03413571401108228,0.4560439560439618,882.0625,0.0867753838828711,0.08472007300718168,high_flow,6893620.csv
6893620,2022-01-12,daytime,6,0.7576026150684786,0.0810135283013228,0.969942653747271,889.78125,0.08504939888108559,0.08440661825973099,high_flow,6893620.csv
6893620,2022-01-12,nighttime,6,0.8741068645048147,0.02277597706075725,0.2403100775193869,889.78125,0.08504939888108559,0.08440661825973099,high_flow,6893620.csv
6893620,2022-01-13,daytime,6,0.8627841304543312,0.02695052871824699,1.020098846787476,889.0625,0.08540649922628259,0.08419632583422608,high_flow,6893620.csv
6893620,2022-01-13,nighttime,6,0.5944420447258207,0.21336335299833065,0.17058823529412329,889.0625,0.08540649922628259,0.08419632583422608,high_flow,6893620.csv
6893620,2022-01-14,daytime,6,-0.10355321845581252,0.8452253868276611,-0.2790697674418672,887.46875,0.08570408284728008,0.08402967900646749,high_flow,6893620.csv
6893620,2022-01-14,nighttime,6,0.9555213921113496,0.00292352278911983,0.6441176470588226,887.46875,0.08570408284728008,0.08402967900646749,high_flow,6893620.csv
6893620,2022-01-15,daytime,6,0.1718587220128032,0.7447498767769686,1.482051282051091,889.96875,0.08498988215688609,0.08397413006388128,high_flow,6893620.csv
6893620,2022-01-15,nighttime,6,-0.8416394755878648,0.03563139651281195,-0.30015923566878483,889.96875,0.08498988215688609,0.08397413006388128,high_flow,6893620.csv
6893620,2022-01-16,daytime,6,0.7451833925535355,0.08912444243550585,1.2357827476038312,889.640625,0.08510891560528508,0.08401777566162759,high_flow,6893620.csv
6893620,2022-01-16,nighttime,6,-0.34924785946014286,0.4974278017734188,-2.35849056603775,889.640625,0.08510891560528508,0.08401777566162759,high_flow,6893620.csv
6893620,2022-01-17,daytime,6,0.6443445267652584,0.16724264801427047,0.9582645602452158,886.265625,0.08600166646827759,0.08412887354679999,high_flow,6893620.csv
6893620,2022-01-17,nighttime,6,0.8098097889149537,0.05081866434379229,0.5492957746478987,886.265625,0.08600166646827759,0.08412887354679999,high_flow,6893620.csv
6893620,2022-01-18,daytime,6,0.9223819145403284,0.00880304310011534,1.0449722081859467,881.453125,0.08689441733127008,0.08422013252390588,high_flow,6893620.csv
6893620,2022-01-18,nighttime,6,0.8740175211248464,0.02280760666534149,0.837368421052627,881.453125,0.08689441733127008,0.08422013252390588,high_flow,6893620.csv
6893620,2022-01-19,daytime,6,-0.02985012287373599,0.955238114364434,-0.07373271889401066,920.96875,0.07939531008213307,0.08425187477681229,high_flow,6893620.csv
6893620,2022-01-19,nighttime,6,0.961447516944914,0.00220079076341344,1.4820913956360653,920.96875,0.07939531008213307,0.08425187477681229,high_flow,6893620.csv
6893620,2022-01-20,daytime,6,0.907840728425343,0.0123486273911191,1.6374781085814123,926.671875,0.07850255921914058,0.08433916597230488,high_flow,6893620.csv
6893620,2022-01-20,nighttime,6,0.03724194613619288,0.9441629073880382,0.00970873786410328,926.671875,0.07850255921914058,0.08433916597230488,high_flow,6893620.csv
6893620,2022-01-21,daytime,6,0.7876276713671061,0.06286379993661569,1.7359999999999849,919.65625,0.07951434353053208,0.08436297266198468,high_flow,6893620.csv
6893620,2022-01-21,nighttime,6,0.8621849174384857,0.02718073474861185,0.3716814159292079,919.65625,0.07951434353053208,0.08436297266198468,high_flow,6893620.csv
6893620,2022-01-22,daytime,6,0.48898286069978,0.3249846461158855,0.9945602901178564,905.6875,0.08225211284370908,0.08437884378843788,high_flow,6893620.csv
6893620,2022-01-22,nighttime,6,0.5281619138643894,0.28142383446084396,6.200000000000063,905.6875,0.08225211284370908,0.08437884378843788,high_flow,6893620.csv
6893620,2022-01-23,daytime,6,0.8889186962716651,0.01782326484124161,1.5353377586880024,894.40625,0.08427568146649209,0.08449390945522359,high_flow,6893620.csv
6893620,2022-01-23,nighttime,6,0.8909974383860473,0.01717477750472941,1.1186440677966374,894.40625,0.08427568146649209,0.08449390945522359,high_flow,6893620.csv
6893620,2022-01-24,daytime,6,0.957158520005581,0.00271377314860128,1.6906318082788576,885.390625,0.08623973336507558,0.08466849184620878,high_flow,6893620.csv
6893620,2022-01-24,nighttime,6,0.7367784492810081,0.09480964761248344,2.3000000000007113,885.390625,0.08623973336507558,0.08466849184620878,high_flow,6893620.csv
6893620,2022-01-25,daytime,6,0.9549688193321454,0.00299605357159188,1.785868160275742,879.640625,0.08719200095226759,0.08485100980042058,high_flow,6893620.csv
6893620,2022-01-25,nighttime,6,-0.9473126727742556,0.00409080286504847,-0.2627372627372543,879.640625,0.08719200095226759,0.08485100980042058,high_flow,6893620.csv
6893620,2022-01-26,daytime,6,0.7757089117944614,0.06981808942753569,1.3861837371072163,879.578125,0.08725151767646709,0.08494623655913978,high_flow,6893620.csv
6893620,2022-01-26,nighttime,6,0.9307321502593068,0.00703087772756695,0.414062500000019,879.578125,0.08725151767646709,0.08494623655913978,high_flow,6893620.csv
6893620,2022-01-27,daytime,6,0.7218157438128892,0.10531587034239652,1.2550106609808132,884.671875,0.08635876681347458,0.08556124270920129,high_flow,6893620.csv
6893620,2022-01-27,nighttime,6,NA,NA,NA,884.671875,0.08635876681347458,0.08556124270920129,high_flow,6893620.csv
6893620,2022-01-28,daytime,6,0.9555019555350271,0.00292605918772713,1.5873544093177905,887.421875,0.08576359957147958,0.08631512121572829,high_flow,6893620.csv
6893620,2022-01-28,nighttime,6,0.7272727272727252,0.10142749812171438,0.2424242424242433,887.421875,0.08576359957147958,0.08631512121572829,high_flow,6893620.csv
6893620,2022-01-29,daytime,6,0.7698167135384113,0.07337846267567616,1.0673575129533697,886.84375,0.08594214974407809,0.08707693528548188,high_flow,6893620.csv
6893620,2022-01-29,nighttime,6,0.9046846744175688,0.01319454653177189,2.037174721189601,886.84375,0.08594214974407809,0.08707693528548188,high_flow,6893620.csv
6893620,2022-01-30,daytime,6,0.8080379479722811,0.05173729808440754,1.2815364469663808,882.703125,0.08671586715867159,0.08780303932071579,high_flow,6893620.csv
6893620,2022-01-30,nighttime,6,0.8846140865030067,0.01920274477227826,0.4016587677725219,882.703125,0.08671586715867159,0.08780303932071579,high_flow,6893620.csv
6893620,2022-01-31,daytime,6,0.8917240384138982,0.01695082921459703,0.8889612504070326,876.90625,0.08772765147006309,0.08831488314883149,high_flow,6893620.csv
6893620,2022-01-31,nighttime,6,0.9663403263627336,0.00168039268274887,0.38871667699939016,876.90625,0.08772765147006309,0.08831488314883149,high_flow,6893620.csv
6893620,2022-02-01,daytime,6,0.9564913831498636,0.00279831871012081,2.5240963855421863,870.953125,0.08873943578145459,0.08860849898821568,high_flow,6893620.csv
6893620,2022-02-01,nighttime,6,-0.9922494230258008,8.987437097634402e-5,-2.3698405092751433,870.953125,0.08873943578145459,0.08860849898821568,high_flow,6893620.csv
6893620,2022-02-02,daytime,6,0.8334205708007506,0.03931187752592056,2.385579937304074,872.640625,0.08832281871205809,0.08891798595405309,high_flow,6893620.csv
6893620,2022-02-02,nighttime,6,-0.9710730517891176,0.00124304992207895,-0.19285439877064817,872.640625,0.08832281871205809,0.08891798595405309,high_flow,6893620.csv
6893620,2022-02-03,daytime,6,0.9060222887568938,0.01283271866088117,3.3873239436619422,871.3125,0.08862040233305558,0.08935840971312939,high_flow,6893620.csv
6893620,2022-02-03,nighttime,6,0.8320502943378457,0.03994196807171787,0.750000000000023,871.3125,0.08862040233305558,0.08935840971312939,high_flow,6893620.csv
6893620,2022-02-04,daytime,6,0.749750538559064,0.08610127907273889,1.987499999999991,868.25,0.08981073681704559,0.08997738364480419,high_flow,6893620.csv
6893620,2022-02-04,nighttime,6,0.8706412546692147,0.024018203242569,1.2473684210526417,868.25,0.08981073681704559,0.08997738364480419,high_flow,6893620.csv
6893620,2022-02-05,daytime,6,0.6767656347195327,0.139834845585772,1.69941209937417,863.84375,0.09094155457683609,0.09068761655358488,high_flow,6893620.csv
6893620,2022-02-05,nighttime,6,0.9810878817218572,5.331201948303185e-4,1.1392097854577623,863.84375,0.09094155457683609,0.09068761655358488,high_flow,6893620.csv
6893620,2022-02-06,daytime,6,0.8298746695512856,0.04095200500902134,1.684019370460046,855.34375,0.0931436733722176,0.0914375272784986,high_flow,6893620.csv
6893620,2022-02-06,nighttime,6,0.9904446613003351,1.365205237979694e-4,0.739930955120839,855.34375,0.0931436733722176,0.0914375272784986,high_flow,6893620.csv
6893620,2022-02-07,daytime,6,0.8100833363594451,0.05067751937738243,1.3774578651685268,859.90625,0.0919533388882276,0.09215569575050588,high_flow,6893620.csv
6893620,2022-02-07,nighttime,6,0.9698686072878104,0.00134817308198661,0.561660561660568,859.90625,0.0919533388882276,0.09215569575050588,high_flow,6893620.csv
6893620,2022-02-08,daytime,6,0.9483074390158992,0.00393911690635794,1.557727775728507,864.75,0.0906439709558386,0.09281434749831367,high_flow,6893620.csv
6893620,2022-02-08,nighttime,6,0.9788797277870214,6.643883309264345e-4,1.312500000000011,864.75,0.0906439709558386,0.09281434749831367,high_flow,6893620.csv
6893620,2022-02-09,daytime,6,0.9258922251571802,0.00803444488573501,1.4926759556984603,860.359375,0.0918343054398286,0.0933579335793358,high_flow,6893620.csv
6893620,2022-02-09,nighttime,6,0.944379448351945,0.00455443350640681,0.7654818614877416,860.359375,0.0918343054398286,0.0933579335793358,high_flow,6893620.csv
6893620,2022-02-10,daytime,6,0.9646887618245916,0.00184831081136553,1.5894890510948858,853.015625,0.0938578740626116,0.0938300995913185,high_flow,6893620.csv
6893620,2022-02-10,nighttime,6,0.9729760309655906,0.00108557462014522,0.5451944891987057,853.015625,0.0938578740626116,0.0938300995913185,high_flow,6893620.csv
6893620,2022-02-11,daytime,6,0.9354906711600438,0.00610795397469247,2.0014216325079928,846.9375,0.0956433757885966,0.09430623338491448,high_flow,6893620.csv
6893620,2022-02-11,nighttime,6,-0.823274402329549,0.04408816395291413,-2.750000000000034,846.9375,0.0956433757885966,0.09430623338491448,high_flow,6893620.csv
6893620,2022-02-12,daytime,6,0.98798032961131,2.158404586067339e-4,2.0372164160081567,843.515625,0.0964170932031901,0.0947903027417371,high_flow,6893620.csv
6893620,2022-02-12,nighttime,6,0.8447800279086877,0.03426998360433388,0.15190708723769625,843.515625,0.0964170932031901,0.0947903027417371,high_flow,6893620.csv
6893620,2022-02-13,daytime,6,0.9924529936938292,8.52210277111344e-5,2.1233766233766236,841.546875,0.0971908106177836,0.0952704043169464,high_flow,6893620.csv
6893620,2022-02-13,nighttime,6,0.954658883962161,0.00303711869121385,1.33278553820872,841.546875,0.0971908106177836,0.0952704043169464,high_flow,6893620.csv
6893620,2022-02-14,daytime,6,0.9199001373401384,0.00936702211845431,1.4014186977082534,840.828125,0.0974883942387811,0.094722850454311,high_flow,6893620.csv
6893620,2022-02-14,nighttime,6,0.9545136549944512,0.00305645557659958,1.2768387391503009,840.828125,0.0974883942387811,0.094722850454311,high_flow,6893620.csv
6893620,2022-02-15,daytime,6,0.6921717891499436,0.1275526863698168,1.1324013157894743,840.5625,0.0976074276871801,0.09434591120104747,high_flow,6893620.csv
6893620,2022-02-15,nighttime,6,0.976097105083628,8.501941378664583e-4,1.0507577579985687,840.5625,0.0976074276871801,0.09434591120104747,high_flow,6893620.csv
6893620,2022-02-16,daytime,6,-0.5472527273142824,0.2610680503733495,-2.178925035360717,842.421875,0.0968932269967861,0.0942268777526485,high_flow,6893620.csv
6893620,2022-02-16,nighttime,6,-0.9942210820428355,4.9997343071286104e-5,-3.942003514938502,842.421875,0.0968932269967861,0.0942268777526485,high_flow,6893620.csv
6893620,2022-02-17,daytime,6,0.9759473835735852,8.608349751035107e-4,5.210450497642755,847.59375,0.0954053088917986,0.0941514899019958,high_flow,6893620.csv
6893620,2022-02-17,nighttime,6,0.9646226562692032,0.00185519630281513,0.3119741689026329,847.59375,0.0954053088917986,0.0941514899019958,high_flow,6893620.csv
6893620,2022-02-18,daytime,6,0.67638589224357,0.1401437159018267,0.857201901219247,846.828125,0.0957624092369956,0.0938539062809983,high_flow,6893620.csv
6893620,2022-02-18,nighttime,6,-0.2201551385500607,0.6751025631779403,-0.07578616352198721,846.828125,0.0957624092369956,0.0938539062809983,high_flow,6893620.csv
6893620,2022-02-19,daytime,6,0.9720401837425608,0.00116169817601954,1.6241855378867185,841.90625,0.0970717771693846,0.0934293536483752,high_flow,6893620.csv
6893620,2022-02-19,nighttime,6,0.9667049468376534,0.00164438605615116,1.6251559251559275,841.90625,0.0970717771693846,0.0934293536483752,high_flow,6893620.csv
6893620,2022-02-20,daytime,6,0.6475762379327819,0.1644178045283784,0.902515499180505,836.53125,0.0981430782049756,0.093096059992858,high_flow,6893620.csv
6893620,2022-02-20,nighttime,6,0.5178011313354771,0.2927142078689181,7.603773584905704,836.53125,0.0981430782049756,0.093096059992858,high_flow,6893620.csv
6893620,2022-02-21,daytime,6,0.7859628570969301,0.06381512387570454,0.7858472998137785,890.3125,0.08493036543268659,0.0928897353489664,high_flow,6893620.csv
6893620,2022-02-21,nighttime,6,0.9502955973715692,0.00364439341069597,1.3452865064695043,890.3125,0.08493036543268659,0.0928897353489664,high_flow,6893620.csv
6893620,2022-02-22,daytime,6,-0.7825058810562642,0.06581140027996085,-1.766336385300383,885.15625,0.08629925008927508,0.0928540253144467,high_flow,6893620.csv
6893620,2022-02-22,nighttime,6,0.9955733221257128,2.9349844071815084e-5,2.7168583820478966,885.15625,0.08629925008927508,0.0928540253144467,high_flow,6893620.csv
6893620,2022-02-23,daytime,6,0.9633559149736616,0.00198958081457903,2.77985876573532,870.65625,0.08885846922985359,0.0929135420386462,high_flow,6893620.csv
6893620,2022-02-23,nighttime,6,0.6677615524453686,0.14723694276369223,0.05981659024593624,870.65625,0.08885846922985359,0.0929135420386462,high_flow,6893620.csv
6893620,2022-02-24,daytime,6,0.104280130509614,0.8441467933257624,1.0330396475767656,864.65625,0.0907034876800381,0.093096059992858,high_flow,6893620.csv
6893620,2022-02-24,nighttime,6,0.9603415154857232,0.00232800575006577,0.6575342465753466,864.65625,0.0907034876800381,0.093096059992858,high_flow,6893620.csv
6893620,2022-02-25,daytime,6,0.8373829277099205,0.03751631998593496,2.128985840911721,869.25,0.08939411974764909,0.09343332142998848,high_flow,6893620.csv
6893620,2022-02-25,nighttime,6,0.972432434956493,0.00112948069358383,2.0217391304348338,869.25,0.08939411974764909,0.09343332142998848,high_flow,6893620.csv
6893620,2022-02-26,daytime,6,0.7337092720749365,0.09692468981383714,2.049382716049373,869.875,0.08927508629925009,0.0937785184303456,high_flow,6893620.csv
6893620,2022-02-26,nighttime,6,0.9907601408727584,1.27668068565693e-4,0.8831658291457269,869.875,0.08927508629925009,0.0937785184303456,high_flow,6893620.csv
6893620,2022-02-27,daytime,6,0.8588581285390553,0.02847569624107776,1.9129034921159025,862.5,0.09141768837043208,0.09402848867198348,high_flow,6893620.csv
6893620,2022-02-27,nighttime,6,0.9900875614495483,1.4689767657270698e-4,1.0916324352298028,862.5,0.09141768837043208,0.09402848867198348,high_flow,6893620.csv
6893620,2022-02-28,daytime,6,0.8029974109409623,0.054392192923777,1.2950006387599566,852.28125,0.0940959409594096,0.0938737451890648,high_flow,6893620.csv
6893620,2022-02-28,nighttime,6,0.9981161604152374,5.319934638133021e-6,1.1869390647141829,852.28125,0.0940959409594096,0.0938737451890648,high_flow,6893620.csv
6893620,2022-03-01,daytime,6,0.3885279871721448,0.44653294551104583,0.938857142857141,842.1875,0.0969527437209856,0.0941316509939293,high_flow,6893620.csv
6893620,2022-03-01,nighttime,6,0.9952441598023964,3.387324014290665e-5,1.1156373193166955,842.1875,0.0969527437209856,0.0941316509939293,high_flow,6893620.csv
6893620,2022-03-02,daytime,6,0.05312631489986423,0.9203854996475004,0.08670901378112306,833.53125,0.0985001785501726,0.0942903622584613,high_flow,6893620.csv
6893620,2022-03-02,nighttime,6,0.9919763147102794,9.63110079163474e-5,1.520166320166323,833.53125,0.0985001785501726,0.0942903622584613,high_flow,6893620.csv
6893620,2022-03-03,daytime,6,0.5003079137183721,0.3121536681895718,1.805660377358493,826.625,0.0996309963099631,0.0945204935920327,high_flow,6893620.csv
6893620,2022-03-03,nighttime,6,0.9846415515966606,3.5201151575496375e-4,1.437269372693729,826.625,0.0996309963099631,0.0945204935920327,high_flow,6893620.csv
6893620,2022-03-04,daytime,6,-0.2394203048338632,0.6477315779661835,-0.5842411038489567,822,0.1004642304487561,0.0948379161210967,high_flow,6893620.csv
6893620,2022-03-04,nighttime,6,0.9907815906312925,1.270769210001543e-4,1.5462142456533827,822,0.1004642304487561,0.0948379161210967,high_flow,6893620.csv
6893620,2022-03-05,daytime,6,0.7643476891077757,0.07675489400885259,1.7012036108324975,818.9375,0.1009403642423521,0.0953735666388922,high_flow,6893620.csv
6893620,2022-03-05,nighttime,6,0.9616098012637094,0.00218242115981209,8.603174603174525,818.9375,0.1009403642423521,0.0953735666388922,high_flow,6893620.csv
6893620,2022-03-06,daytime,6,0.9227896314353996,0.00871201899189319,4.076597744360912,819.25,0.1008213307939531,0.0959687338808872,high_flow,6893620.csv
6893620,2022-03-06,nighttime,6,0.9987454118574498,2.359999755663198e-6,0.35943498732343254,819.25,0.1008213307939531,0.0959687338808872,high_flow,6893620.csv
6893620,2022-03-07,daytime,6,0.951570197037101,0.00346137398319691,0.814876033057849,846.8125,0.0958219259611951,0.0957703448002222,high_flow,6893620.csv
6893620,2022-03-07,nighttime,6,0.4426677810487117,0.3793697587936293,0.09380351860501082,846.8125,0.0958219259611951,0.0957703448002222,high_flow,6893620.csv
6893620,2022-03-08,daytime,6,0.9733324197783793,0.00105725729634139,0.7767009624958455,870.84375,0.08879895250565409,0.09548863230567788,high_flow,6893620.csv
6893620,2022-03-08,nighttime,6,-0.788527727108288,0.06235220806550087,-0.12711864406779072,870.84375,0.08879895250565409,0.09548863230567788,high_flow,6893620.csv
6893620,2022-03-09,daytime,6,0.8883673685448679,0.0179971923665054,0.7741347905282309,871.1875,0.08867991905725509,0.0952465976272666,high_flow,6893620.csv
6893620,2022-03-09,nighttime,6,0.8816016542514468,0.02019738844683965,0.6588628762541832,871.1875,0.08867991905725509,0.0952465976272666,high_flow,6893620.csv
6893620,2022-03-10,daytime,6,0.9889008552965318,1.841028622822378e-4,2.7139240506329076,859.25,0.0923104392334246,0.09519501646629368,high_flow,6893620.csv
6893620,2022-03-10,nighttime,6,0.938158809838992,0.00561824855481664,0.19361147327249364,859.25,0.0923104392334246,0.09519501646629368,high_flow,6893620.csv
6893620,2022-03-11,daytime,6,0.8102229714723208,0.05060554057682307,0.6974900924702728,847.4375,0.09546482561599808,0.0950283696385351,high_flow,6893620.csv
6893620,2022-03-11,nighttime,6,0.9170884072931006,0.01002651739182765,0.48696947133283913,847.4375,0.09546482561599808,0.0950283696385351,high_flow,6893620.csv
6893620,2022-03-12,daytime,6,0.840099604865531,0.03630802699249843,0.6497465106089975,840.875,0.0974288775145816,0.093532515970321,high_flow,6893620.csv
6893620,2022-03-12,nighttime,6,0.9941708837777484,5.086886130639338e-5,1.2222222222222197,840.875,0.0974288775145816,0.093532515970321,high_flow,6893620.csv
6893620,2022-03-14,daytime,6,-0.40779333876128726,0.4222170715068214,-1.00795947901593,871.8125,0.0884418521604571,0.09008451374836328,high_flow,6893620.csv
6893620,2022-03-14,nighttime,6,0.9897390124370564,1.57391619909739e-4,1.4690599905526616,871.8125,0.0884418521604571,0.09008451374836328,high_flow,6893620.csv
6893620,2022-03-15,daytime,6,0.5288295138378064,0.2807021332771405,0.4125057159293735,867.96875,0.08987025354124509,0.088612466769828993,high_flow,6893620.csv
6893620,2022-03-15,nighttime,6,0.867466772270062,0.02518360786531819,1.2610364683301225,867.96875,0.08987025354124509,0.088612466769828993,high_flow,6893620.csv
6893620,2022-03-16,daytime,6,0.35669852643154915,0.4876442717513584,0.23717198438839615,854.875,0.09332222354481608,0.08668809268737848,high_flow,6893620.csv
6893620,2022-03-16,nighttime,6,0.9855179093049066,3.130777550251093e-4,0.48328396106644217,854.875,0.09332222354481608,0.08668809268737848,high_flow,6893620.csv
6893620,2022-03-17,daytime,6,0.4110441961105114,0.41815817101525865,0.2815120791087734,839.9375,0.0977264611355791,0.08393445224774829,high_flow,6893620.csv
6893620,2022-03-17,nighttime,6,0.995361382564264,3.22252535364534e-5,0.949094244439348,839.9375,0.0977264611355791,0.08393445224774829,high_flow,6893620.csv
6893620,2022-03-18,daytime,6,-0.936734836672289,0.00587711253268408,-1.3399153737658656,841.84375,0.0971312938935841,0.08048645002579058,high_flow,6893620.csv
6893620,2022-03-18,nighttime,6,0.9046373895879928,0.01320742609779739,0.4193142497640802,841.84375,0.0971312938935841,0.08048645002579058,high_flow,6893620.csv
6893620,2022-03-19,daytime,6,0.9836255360834516,3.999894170758985e-4,0.7006752194463206,928.9375,0.07802642542554458,0.07685196206800778,high_flow,6893620.csv
6893620,2022-03-19,nighttime,6,0.9722090099033496,0.00114777666126396,0.2512413108242281,928.9375,0.07802642542554458,0.07685196206800778,high_flow,6893620.csv
6893620,2022-03-20,daytime,6,0.9769626676112344,7.899648540263104e-4,0.6438218923933202,946.875,0.07606237352696107,0.07336031424830378,high_flow,6893620.csv
6893620,2022-03-20,nighttime,6,0.9951036849571684,3.590215961194301e-5,0.5361627322953292,946.875,0.07606237352696107,0.07336031424830378,high_flow,6893620.csv
6893620,2022-03-21,daytime,6,0.8699196382296503,0.02428081234700694,8.681159420289903,964.6875,0.07397928817997858,0.07020989564734358,high_flow,6893620.csv
6893620,2022-03-21,nighttime,6,0.9968964341678496,1.4433234351118956e-5,1.571696814170343,964.6875,0.07397928817997858,0.07020989564734358,high_flow,6893620.csv
6893620,2022-03-22,daytime,6,-0.0989767921371385,0.8520196201838729,-0.0180779027147948,965.375,0.07374122128318057,0.06819426258778717,high_flow,6893620.csv
6893620,2022-03-22,nighttime,6,-0.6067081384116466,0.20160083726383968,-0.43867924528300295,965.375,0.07374122128318057,0.06819426258778717,high_flow,6893620.csv
6893620,2022-03-23,daytime,6,-0.8595694432222517,0.0281964145765695,-0.3327688399661348,1075.59375,0.05993334126889656,0.06636511526405586,high_flow,6893620.csv
6893620,2022-03-23,nighttime,6,-0.993830655947199,5.6973803959047174e-5,-0.5466319675603685,1075.59375,0.05993334126889656,0.06636511526405586,high_flow,6893620.csv
6893620,2022-03-24,daytime,6,0.8242016726130786,0.04364104965108754,0.6400778210116591,1229.6875,0.04737531246280205,0.06393683291671627,high_flow,6893620.csv
6893620,2022-03-24,nighttime,6,0.8202425192861262,0.04556489837312258,0.48416289592759154,1229.6875,0.04737531246280205,0.06393683291671627,high_flow,6893620.csv
6893620,2022-03-25,daytime,6,0.7384971635823225,0.09363433005014604,0.2178082191780825,1353.6875,0.04059040590405904,0.06117922469547276,high_flow,6893620.csv
6893620,2022-03-25,nighttime,6,-0.366792365918373,0.4744849573108419,-0.02545287778032243,1353.6875,0.04059040590405904,0.06117922469547276,high_flow,6893620.csv
6893620,2022-03-26,daytime,6,0.923491227659426,0.00855646278936669,0.44789587852494583,1343.3125,0.04094750624925604,0.05854461770424156,high_flow,6893620.csv
6893620,2022-03-26,nighttime,6,0.7997415092584952,0.05613966517273287,0.15612738388539496,1343.3125,0.04094750624925604,0.05854461770424156,high_flow,6893620.csv
6893620,2022-03-27,daytime,6,0.9906818757472114,1.2983662495028137e-4,1.0291438979963643,1259.125,0.04505416021902155,0.05733047653057176,high_flow,6893620.csv
6893620,2022-03-27,nighttime,6,0.9541813659529104,0.0031009262277701,0.4538250040433462,1259.125,0.04505416021902155,0.05733047653057176,high_flow,6893620.csv
6893620,2022-03-28,daytime,6,0.9782118908038973,7.069109093677668e-4,0.6889821233126601,1172.84375,0.05094631591477205,0.05644566123080585,high_flow,6893620.csv
6893620,2022-03-28,nighttime,6,0.9803371116294592,5.76142645414079e-4,0.7957446808510645,1172.84375,0.05094631591477205,0.05644566123080585,high_flow,6893620.csv
6893620,2022-03-29,daytime,6,0.9487070561300448,0.00387897413825877,0.841414484869093,1102.875,0.05820735626711106,0.05579097726461136,high_flow,6893620.csv
6893620,2022-03-29,nighttime,6,0.956032182608963,0.0028572548391529,1.4017664578412226,1102.875,0.05820735626711106,0.05579097726461136,high_flow,6893620.csv
6893620,2022-03-30,daytime,6,-0.8814642210833944,0.02024333916024589,-0.232642019837686,1054.1875,0.06243304368527556,0.05524342340197595,high_flow,6893620.csv
6893620,2022-03-30,nighttime,6,-0.904225090090896,0.01331998640742514,-0.8278059928897835,1054.1875,0.06243304368527556,0.05524342340197595,high_flow,6893620.csv
6893620,2022-03-31,daytime,6,0.7986055185915071,0.05675535209882529,5.214285714285639,1114.75,0.05689798833472206,0.05580684839106455,high_flow,6893620.csv
6893620,2022-03-31,nighttime,6,-0.8896939671023741,0.01758006137573316,-0.19281476598549468,1114.75,0.05689798833472206,0.05580684839106455,high_flow,6893620.csv
6893620,2022-04-01,daytime,6,0.09796911499072712,0.853516478724672,0.01409553641346805,1121.9375,0.05636233781692656,0.05743363885251756,high_flow,6893620.csv
6893620,2022-04-01,nighttime,6,-0.6783032196719647,0.13858721785870962,-0.07334851936218677,1121.9375,0.05636233781692656,0.05743363885251756,high_flow,6893620.csv
6893620,2022-04-02,daytime,6,0.9193932301052684,0.00948430774624214,0.38280772894935994,1105.90625,0.05761218902511605,0.05967146768241876,high_flow,6893620.csv
6893620,2022-04-02,nighttime,6,0.9623007114796172,0.00210506473271427,0.698854337152207,1105.90625,0.05761218902511605,0.05967146768241876,high_flow,6893620.csv
6893620,2022-04-03,daytime,6,0.9593187201317992,0.00244878671924771,0.7255989352262644,1077.09375,0.05981430782049756,0.06204420108717216,high_flow,6893620.csv
6893620,2022-04-03,nighttime,6,0.9500092311508428,0.00368615006561981,0.2681787139211397,1077.09375,0.05981430782049756,0.06204420108717216,high_flow,6893620.csv
6893620,2022-04-04,daytime,6,0.9956012207102244,2.8981332299827533e-5,1.1618406143774418,1049.3125,0.06279014403047256,0.06427012657223347,high_flow,6893620.csv
6893620,2022-04-04,nighttime,6,0.9458147020770608,0.00432452448903951,1.1659867414584395,1049.3125,0.06279014403047256,0.06427012657223347,high_flow,6893620.csv
6893620,2022-04-05,daytime,6,0.9291313732408368,0.00735557942991274,0.8459748945863421,1036.125,0.06415902868706107,0.06625798516049676,high_flow,6893620.csv
6893620,2022-04-05,nighttime,6,0.9950486602606649,3.671295488020769e-5,1.3418899069734882,1036.125,0.06415902868706107,0.06625798516049676,high_flow,6893620.csv
6893620,2022-04-06,daytime,6,0.9965102736899484,1.824603530406385e-5,1.1808524764307513,1024.90625,0.06552791334364956,0.06792048565646946,high_flow,6893620.csv
6893620,2022-04-06,nighttime,6,0.7997652149616962,0.05612685006302997,0.6962807999600212,1024.90625,0.06552791334364956,0.06792048565646946,high_flow,6893620.csv
6893620,2022-04-07,daytime,6,0.9881915958184484,2.0833434142451717e-4,7.193670886075946,1006.625,0.06838471610522556,0.06919017577272547,high_flow,6893620.csv
6893620,2022-04-07,nighttime,6,0.9933432803859568,6.632038802973145e-5,1.3514374113057148,1006.625,0.06838471610522556,0.06919017577272547,high_flow,6893620.csv
6893620,2022-04-08,daytime,6,0.9972481531134496,1.1348572528332749e-5,2.9351145038167967,980.6875,0.07177716938459708,0.07071777169384597,high_flow,6893620.csv
6893620,2022-04-08,nighttime,6,0.9922288795682864,9.035081894959474e-5,2.0161166538756716,980.6875,0.07177716938459708,0.07071777169384597,high_flow,6893620.csv
6893620,2022-04-09,daytime,6,0.9946883788328804,4.22450499021661e-5,0.7749740304709107,960.96875,0.07415783835257707,0.07203507518946158,high_flow,6893620.csv
6893620,2022-04-09,nighttime,6,0.9955805437339778,2.9254231018871623e-5,2.1916859122401853,960.96875,0.07415783835257707,0.07203507518946158,high_flow,6893620.csv
6893620,2022-04-10,daytime,6,0.8792700314738721,0.02098372452210321,0.5479920250640825,943.6875,0.07653850732055707,0.07328095861603777,high_flow,6893620.csv
6893620,2022-04-10,nighttime,6,0.981852098343572,4.910310293520756e-4,9.748502994011956,943.6875,0.07653850732055707,0.07328095861603777,high_flow,6893620.csv
6893620,2022-04-11,daytime,6,0.9142704090211058,0.0107093066490652,0.9672507900028736,926.84375,0.07844304249494108,0.07432051739872238,high_flow,6893620.csv
6893620,2022-04-11,nighttime,6,0.9788967631057968,6.633207836411573e-4,4.945344129554578,926.84375,0.07844304249494108,0.07432051739872238,high_flow,6893620.csv
6893620,2022-04-12,daytime,6,0.7365872840856562,0.0949407769053564,0.4582757833146636,912.1875,0.08076419473872158,0.07525691385946118,high_flow,6893620.csv
6893620,2022-04-12,nighttime,6,0.9465192220020684,0.00421380773301156,2.271058315334733,912.1875,0.08076419473872158,0.07525691385946118,high_flow,6893620.csv
6893620,2022-04-13,daytime,6,-0.7821111741263193,0.06604111577875514,-3.0710937499999713,902.53125,0.08314486370670159,0.07620124588342658,high_flow,6893620.csv
6893620,2022-04-13,nighttime,6,0.9917126194224284,1.0273642380262516e-4,1.45199348525574,902.53125,0.08314486370670159,0.07620124588342658,high_flow,6893620.csv
6893620,2022-04-14,daytime,6,0.9238276318881442,0.00848235970874306,0.5719383862978438,908.875,0.08147839542911559,0.07711780343609888,high_flow,6893620.csv
6893620,2022-04-14,nighttime,6,0.9744151189856832,9.735054505669292e-4,0.4979538045363141,908.875,0.08147839542911559,0.07711780343609888,high_flow,6893620.csv
6893620,2022-04-15,daytime,6,0.6338464321076265,0.1765578349606548,0.4906008534194408,918.15625,0.07981192715152959,0.07787168194262588,high_flow,6893620.csv
6893620,2022-04-15,nighttime,6,0.9744842354031212,9.682752910433824e-4,0.9314173742651796,918.15625,0.07981192715152959,0.07787168194262588,high_flow,6893620.csv
6893620,2022-04-16,daytime,6,0.8978823698968346,0.01510957371358986,0.8755660563102986,946.5,0.07612189025116058,0.07835971908106178,high_flow,6893620.csv
6893620,2022-04-16,nighttime,6,0.9730642482209756,0.00107853067423678,0.5163710777626209,946.5,0.07612189025116058,0.07835971908106178,high_flow,6893620.csv
6893620,2022-04-17,daytime,6,-0.03450585253363507,0.9482617634627872,-0.01962077493816463,945.40625,0.07630044042375908,0.07843907471332778,high_flow,6893620.csv
6893620,2022-04-17,nighttime,6,0.948070101802584,0.00397505143996204,0.3063916131214117,945.40625,0.07630044042375908,0.07843907471332778,high_flow,6893620.csv
6893620,2022-04-18,daytime,6,0.8701660370372558,0.0241909905732819,0.5287589419027022,950.96875,0.07540768956076657,0.07801055429909137,high_flow,6893620.csv
6893620,2022-04-18,nighttime,6,0.9958508253903796,2.578775954286549e-5,1.0044709388971598,950.96875,0.07540768956076657,0.07801055429909137,high_flow,6893620.csv
6893620,2022-04-19,daytime,6,0.6143429679056445,0.1944173747889914,0.9628342363129564,940.9375,0.07683609094155458,0.07712177121771217,high_flow,6893620.csv
6893620,2022-04-19,nighttime,6,0.9667540133901736,0.00163957011670583,0.3959038290293889,940.9375,0.07683609094155458,0.07712177121771217,high_flow,6893620.csv
6893620,2022-04-20,daytime,6,-0.4395707974338545,0.3831112849662733,-1.152639087018599,927.15625,0.07832400904654208,0.07600682458437488,high_flow,6893620.csv
6893620,2022-04-20,nighttime,6,0.974047127488646,0.00100158708809271,2.723577235772279,927.15625,0.07832400904654208,0.07600682458437488,high_flow,6893620.csv
6893620,2022-04-21,daytime,6,0.1790883627138615,0.7342393743705649,0.1444474613087143,921.125,0.07927627663373409,0.07495933023846367,high_flow,6893620.csv
6893620,2022-04-21,nighttime,6,0.5211332011832265,0.2890648269857132,0.2679425837320696,921.125,0.07927627663373409,0.07495933023846367,high_flow,6893620.csv
6893620,2022-04-22,daytime,6,-0.06822953802523826,0.8978145064180785,-0.08150450730494621,918.28125,0.07969289370313058,0.07391977145577908,high_flow,6893620.csv
6893620,2022-04-22,nighttime,6,-0.9381375383259768,0.0056220735345819,-5.750000000000159,918.28125,0.07969289370313058,0.07391977145577908,high_flow,6893620.csv
6893620,2022-04-23,daytime,6,0.7771878398773153,0.06893710438256997,1.4048229861467425,922.78125,0.07909772646113558,0.07229298099432607,high_flow,6893620.csv
6893620,2022-04-23,nighttime,6,0.9950240013227628,3.707923998984185e-5,0.9554472676644572,922.78125,0.07909772646113558,0.07229298099432607,high_flow,6893620.csv
6893620,2022-04-24,daytime,6,0.96642142833322,0.0016723504492308,0.42889901344898,951.5,0.07534817283656707,0.07053922152124747,high_flow,6893620.csv
6893620,2022-04-24,nighttime,6,-0.5913810564378268,0.2163407232547698,-0.20608721986674008,951.5,0.07534817283656707,0.07053922152124747,high_flow,6893620.csv
6893620,2022-04-25,daytime,6,0.990970454629596,1.2193093283433656e-4,0.8262973352033656,991.4375,0.07011070110701106,0.06846010395587827,high_flow,6893620.csv
6893620,2022-04-25,nighttime,6,0.9957919923578816,2.652373618775374e-5,0.4614147909967845,991.4375,0.07011070110701106,0.06846010395587827,high_flow,6893620.csv
6893620,2022-04-27,daytime,6,0.9606315913819484,0.0022942994065064,0.499014824544943,1036.5625,0.06403999523866206,0.06334166567472127,high_flow,6893620.csv
6893620,2022-04-27,nighttime,6,0.996117188599166,2.2585067493728537e-5,0.9038658912076616,1036.5625,0.06403999523866206,0.06334166567472127,high_flow,6893620.csv
6893620,2022-04-28,daytime,6,0.8602982005249779,0.02791163759958567,0.5845192348296078,1013.21875,0.06743244851803357,0.05996508352180296,high_flow,6893620.csv
6893620,2022-04-28,nighttime,6,0.9984255786090562,3.716252734381651e-6,1.422381635581064,1013.21875,0.06743244851803357,0.05996508352180296,high_flow,6893620.csv
6893620,2022-04-29,daytime,6,0.6813232655408898,0.13615070587869188,0.8287931034482752,1022.03125,0.06588501368884657,0.05596159187398326,high_flow,6893620.csv
6893620,2022-04-29,nighttime,6,0.9222376488630264,0.0088353610639529,0.4734396996715267,1022.03125,0.06588501368884657,0.05596159187398326,high_flow,6893620.csv
6893620,2022-04-30,daytime,6,0.11869488458622078,0.8227937881149363,0.2197802197802405,1127.625,0.05541007022973455,0.05175574336388525,high_flow,6893620.csv
6893620,2022-04-30,nighttime,6,-0.6955526265445221,0.1249229647980354,-0.7837837837837839,1127.625,0.05541007022973455,0.05175574336388525,high_flow,6893620.csv
6893620,2022-05-01,daytime,6,0.775018180194162,0.07023129681166666,0.2709265890778875,1188.90625,0.04981549815498155,0.04741499027893504,high_flow,6893620.csv
6893620,2022-05-01,nighttime,6,-0.3954982857150999,0.4376842736432846,-0.04611192829006929,1188.90625,0.04981549815498155,0.04741499027893504,high_flow,6893620.csv
6893620,2022-05-02,daytime,6,-0.9784215749021918,6.934188804557093e-4,-2.7874999999999575,1259,0.04511367694322105,0.04325278736658334,high_flow,6893620.csv
6893620,2022-05-02,nighttime,6,0.9569626480333022,0.00273846331076401,0.4972467441657208,1259,0.04511367694322105,0.04325278736658334,high_flow,6893620.csv
6893620,2022-05-03,daytime,6,0.9966921463013504,1.6394747041775383e-5,1.061475409836066,1380.0625,0.03999523866206404,0.03931674800618974,high_flow,6893620.csv
6893620,2022-05-03,nighttime,6,0.94634890476501,0.00424044430005262,1.713004484304928,1380.0625,0.03999523866206404,0.03931674800618974,high_flow,6893620.csv
6893620,2022-05-04,daytime,6,NA,NA,NA,1491.96875,0.03547196762290203,0.03573384120937983,high_flow,6893620.csv
6893620,2022-05-04,nighttime,6,0.9397749854776372,0.0053313589203728504,0.9888392857142916,1491.96875,0.03547196762290203,0.03573384120937983,high_flow,6893620.csv
6893620,2022-05-05,daytime,6,0.9270262815815336,0.0077934468759235,0.6261152811216588,1603.09375,0.02767527675276752,0.03236122683807483,high_flow,6893620.csv
6893620,2022-05-05,nighttime,6,0.6667278933432605,0.14809712966647376,10.999999999998469,1603.09375,0.02767527675276752,0.03236122683807483,high_flow,6893620.csv
6893620,2022-05-06,daytime,6,0.9506303338863852,0.00359587997649041,0.42741935483871046,1833.5,0.01922390191643852,0.02885767567353092,high_flow,6893620.csv
6893620,2022-05-06,nighttime,6,-0.2933485408669903,0.5725990034388039,-0.39090909090907006,1833.5,0.01922390191643852,0.02885767567353092,high_flow,6893620.csv
6893620,2022-05-07,daytime,6,0.9382182605648464,0.00560756505676174,0.41878980891719625,2017.8125,0.01660516605166051,0.02555251358965202,high_flow,6893620.csv
6893620,2022-05-07,nighttime,6,0.9242884577176302,0.00838135817613367,0.6163145683233597,2017.8125,0.01660516605166051,0.02555251358965202,high_flow,6893620.csv
6893620,2022-05-08,daytime,6,0.9944990521881856,4.530740972808794e-5,1.1244136005893133,2147.15625,0.01398643018688251,0.02299726223068682,high_flow,6893620.csv
6893620,2022-05-08,nighttime,6,0.9863769360569576,2.771176690761505e-4,0.692421259842523,2147.15625,0.01398643018688251,0.02299726223068682,high_flow,6893620.csv
6893620,2022-05-09,daytime,6,0.97044255451184,0.00129755255415514,0.4516508518503009,2222.6875,0.01291512915129151,0.02077530452723882,high_flow,6893620.csv
6893620,2022-05-09,nighttime,6,0.9881984541140264,2.0809288903206883e-4,2.135010887974817,2222.6875,0.01291512915129151,0.02077530452723882,high_flow,6893620.csv
6893620,2022-05-10,daytime,6,0.9996609574839058,1.7240525513977585e-7,0.608387806531667,2302.5625,0.01107011070110701,0.01879538150220212,high_flow,6893620.csv
6893620,2022-05-10,nighttime,6,0.9739942227007066,0.00100565681992737,1.1054664539423928,2302.5625,0.01107011070110701,0.01879538150220212,high_flow,6893620.csv
6893620,2022-05-11,daytime,6,0.980089893762934,5.906721897512021e-4,0.44875234364282335,2294.21875,0.01136769432210451,0.01713288100622942,high_flow,6893620.csv
6893620,2022-05-11,nighttime,6,0.9770831375788952,7.81756106338879e-4,1.103809931506846,2294.21875,0.01136769432210451,0.01713288100622942,high_flow,6893620.csv
6893620,2022-05-12,daytime,6,0.9437172173581452,0.00466248249486575,0.34148546824542725,2199.59375,0.01345077966908701,0.01554973614252271,high_flow,6893620.csv
6893620,2022-05-12,nighttime,6,0.983521907695428,4.050541611786719e-4,0.7289259007477886,2199.59375,0.01345077966908701,0.01554973614252271,high_flow,6893620.csv
6893620,2022-05-13,daytime,6,-0.9364982898820688,0.00592066650063953,-0.4379043763893975,2097.0625,0.01487918104987501,0.01437130500337261,high_flow,6893620.csv
6893620,2022-05-13,nighttime,6,0.9874863529410484,2.3390727955125817e-4,0.4396351806478588,2097.0625,0.01487918104987501,0.01437130500337261,high_flow,6893620.csv
6893620,2022-05-14,daytime,6,0.8206222207292528,0.04537871705921639,0.21763619780659657,2031.5,0.01630758243066301,0.01374439550847121,high_flow,6893620.csv
6893620,2022-05-14,nighttime,6,-0.9217550179388088,0.00894389709109572,-0.22955469414767704,2031.5,0.01630758243066301,0.01374439550847121,high_flow,6893620.csv
6893620,2022-05-15,daytime,6,0.36939531297543704,0.4711095608795504,0.30963045912653164,1989.28125,0.01708129984525652,0.01334364956552791,high_flow,6893620.csv
6893620,2022-05-15,nighttime,6,0.993239556137394,6.840091351398869e-5,0.3005307386112339,1989.28125,0.01708129984525652,0.01334364956552791,high_flow,6893620.csv
6893620,2022-05-18,daytime,6,-0.6808126271811017,0.1365613712796681,-0.1553237632965018,2091.9375,0.01505773122247351,0.01333571400230131,high_flow,6893620.csv
6893620,2022-05-18,nighttime,6,0.26016178712770316,0.6185617347335909,0.14188883868052385,2091.9375,0.01505773122247351,0.01333571400230131,high_flow,6893620.csv
6893620,2022-05-19,daytime,6,0.8791916551969163,0.02101040613341193,0.28548062405636776,2272.8125,0.01172479466730151,0.01281990239257231,high_flow,6893620.csv
6893620,2022-05-19,nighttime,6,0.983292006080961,4.16403513960826e-4,0.3896081196033376,2272.8125,0.01172479466730151,0.01281990239257231,high_flow,6893620.csv
6893620,2022-05-20,daytime,6,0.9464579462172804,0.00422338140278712,2.1759259259259527,2370.6875,0.00999880966551601,0.01193905487441971,high_flow,6893620.csv
6893620,2022-05-20,nighttime,6,0.9955847275833156,2.91989087181124e-5,1.1962174940898105,2370.6875,0.00999880966551601,0.01193905487441971,high_flow,6893620.csv
6893620,2022-05-21,daytime,6,-0.3389868233998019,0.5109966030864761,-0.5449438202247913,2375.71875,0.00982025949291751,0.01097885172400111,high_flow,6893620.csv
6893620,2022-05-21,nighttime,6,-0.5114543707157643,0.2997129863227941,-0.02109561075195568,2375.71875,0.00982025949291751,0.01097885172400111,high_flow,6893620.csv
6893620,2022-05-22,daytime,6,0.3762844712398742,0.4622123529017835,0.05348955680081379,2340.3125,0.01059397690751101,0.00999087410228941,high_flow,6893620.csv
6893620,2022-05-22,nighttime,6,-0.8018809969117938,0.05498851077451397,-0.11658536585365452,2340.3125,0.01059397690751101,0.00999087410228941,high_flow,6893620.csv
6893620,2022-05-23,daytime,6,0.9957724493632336,2.677049879739415e-5,0.41256005490734265,2238.09375,0.01261754553029401,0.00907431654961711,high_flow,6893620.csv
6893620,2022-05-23,nighttime,6,0.9506100395792,0.00359881213636525,0.2135922330097101,2238.09375,0.01261754553029401,0.00907431654961711,high_flow,6893620.csv
6893620,2022-05-24,daytime,6,-0.9773280909916104,7.651963312797418e-4,-2.5465968586387135,2134.46875,0.01428401380788001,0.0082767924453438,high_flow,6893620.csv
6893620,2022-05-24,nighttime,6,0.9845284017390727,3.572038081546466e-4,0.6461974492205947,2134.46875,0.01428401380788001,0.0082767924453438,high_flow,6893620.csv
6893620,2022-05-25,daytime,6,0.7335589130504748,0.09702883922853615,0.09640609011132042,2313.78125,0.01095107725270801,0.007419751616871,high_flow,6893620.csv
6893620,2022-05-25,nighttime,6,-0.8177506307136346,0.04679555776128491,-3.0714285714289287,2313.78125,0.01095107725270801,0.007419751616871,high_flow,6893620.csv
6893620,2022-05-26,daytime,6,0.7861117120053465,0.06372979755117544,0.6363636363636274,3197.625,0.0036305201761695,0.0064238384319327,high_flow,6893620.csv
6893620,2022-05-26,nighttime,6,-0.14488617272348092,0.7841914664043791,-0.01682692307692182,3197.625,0.0036305201761695,0.0064238384319327,high_flow,6893620.csv
6893620,2022-05-27,daytime,6,0.4958991660836923,0.3171260163034215,0.05350949628406209,3941.375,2.3806689679800025e-4,0.0057056699599254,high_flow,6893620.csv
6893620,2022-05-27,nighttime,6,0.927000373807764,0.00779891262432631,0.1656457708849256,3941.375,2.3806689679800025e-4,0.0057056699599254,high_flow,6893620.csv
6893620,2022-05-28,daytime,6,0.8231085055331185,0.04416838065164828,0.26058676999723096,3841.84375,4.761337935960005e-4,0.005237471729556,high_flow,6893620.csv
6893620,2022-05-28,nighttime,6,0.9245562911923556,0.00832292631251689,0.1987839101964463,3841.84375,4.761337935960005e-4,0.005237471729556,high_flow,6893620.csv
6893620,2022-05-29,daytime,6,0.8470891843408936,0.03328491756760064,0.2964575102122788,3563.625,0.0014879181049875,0.0048645002579058,high_flow,6893620.csv
6893620,2022-05-29,nighttime,6,0.9361597064649224,0.00598328140793368,1.1375941053980398,3563.625,0.0014879181049875,0.0048645002579058,high_flow,6893620.csv
6893620,2022-05-30,daytime,6,0.930249197233735,0.00712808681679059,0.578429073856983,3247.8125,0.003332936555172,0.0045272388207753,high_flow,6893620.csv
6893620,2022-05-30,nighttime,6,0.985513899186543,3.132507419219337e-4,1.6864628820960468,3247.8125,0.003332936555172,0.0045272388207753,high_flow,6893620.csv
6893620,2022-05-31,daytime,6,-0.8711696681033597,0.02382676672736604,-0.5701754385965098,2959.46875,0.004523271039162,0.0041145895329921,high_flow,6893620.csv
6893620,2022-05-31,nighttime,6,-0.8751896944979453,0.02239429526048244,-0.6794348508634167,2959.46875,0.004523271039162,0.0041145895329921,high_flow,6893620.csv
6893620,2022-06-01,daytime,6,-0.20774394591888423,0.6928669406835037,-0.19112627986349143,3396.53125,0.0025592191405785,0.0035432289806769,high_flow,6893620.csv
6893620,2022-06-01,nighttime,6,-0.9120017856279578,0.01127481334043533,-0.1740047483783429,3396.53125,0.0025592191405785,0.0035432289806769,high_flow,6893620.csv
6893620,2022-06-02,daytime,6,-0.9026278595011094,0.0137603917372197,-0.24387512673456316,4000.84375,1.1903344839900012e-4,0.0031623219458001,high_flow,6893620.csv
6893620,2022-06-02,nighttime,6,-0.9752710546695144,9.097199742983984e-4,-0.19151908206534757,4000.84375,1.1903344839900012e-4,0.0031623219458001,high_flow,6893620.csv
6893620,2022-06-03,daytime,6,-0.6952916877103059,0.1251250833290489,-0.1479087109480728,3662.6875,9.52267587192001e-4,0.0032615164861326,high_flow,6893620.csv
6893620,2022-06-03,nighttime,6,-0.9391401366228348,0.00544317433246522,-0.19865763392296729,3662.6875,9.52267587192001e-4,0.0032615164861326,high_flow,6893620.csv
6893620,2022-06-04,daytime,6,-0.850984965962295,0.03165374534736326,-0.2396551724137977,3303.375,0.002975836209975,0.003610681268103,high_flow,6893620.csv
6893620,2022-06-04,nighttime,6,-0.6267911397484293,0.1829361093671006,-0.0185314685314669,3303.375,0.002975836209975,0.003610681268103,high_flow,6893620.csv
6893620,2022-06-05,daytime,6,0.3804183740012011,0.45689915861445257,0.05678751463923844,3026.375,0.0042256874181645,0.0040312661191128,high_flow,6893620.csv
6893620,2022-06-05,nighttime,6,0.9332029971510296,0.00654374062851877,0.2728019720624402,3026.375,0.0042256874181645,0.0040312661191128,high_flow,6893620.csv
6893620,2022-06-06,daytime,6,0.7712791924849582,0.07248725212074562,0.16060476394237636,2824.46875,0.0055350553505535,0.0044201087172162,high_flow,6893620.csv
6893620,2022-06-06,nighttime,6,0.9665134817787876,0.00166324535212662,0.3260869565217406,2824.46875,0.0055350553505535,0.0044201087172162,high_flow,6893620.csv
6893620,2022-06-07,daytime,6,0.9871579335161598,2.46319059090659e-4,0.453937947494036,2749.34375,0.006427806213546,0.0047494345911201,high_flow,6893620.csv
6893620,2022-06-07,nighttime,6,0.9558177537561529,0.00288498288650548,0.15121449573442172,2749.34375,0.006427806213546,0.0047494345911201,high_flow,6893620.csv
6893620,2022-06-08,daytime,6,0.9324322999331158,0.00669385454913384,0.2013383764911261,2803.1875,0.005713605523152,0.005118438281157,high_flow,6893620.csv
6893620,2022-06-08,nighttime,6,-0.9840366305322568,3.802097810913752e-4,-0.3932080089744017,2803.1875,0.005713605523152,0.005118438281157,high_flow,6893620.csv
6893620,2022-06-09,daytime,6,0.6970288316603382,0.12378219989870762,0.25359122271236123,2849.84375,0.005237471729556,0.0057651866841249,high_flow,6893620.csv
6893620,2022-06-09,nighttime,6,0.11300933665901482,0.8312076223559525,0.01106829548249829,2849.84375,0.005237471729556,0.0057651866841249,high_flow,6893620.csv
6893620,2022-06-10,daytime,6,0.7265496989538486,0.1019389684029516,0.22753209700427787,2858.34375,0.005118438281157,0.0066301630758243,high_flow,6893620.csv
6893620,2022-06-10,nighttime,6,0.9832504402696086,4.1847210108526665e-4,0.277749360613808,2858.34375,0.005118438281157,0.0066301630758243,high_flow,6893620.csv
6893620,2022-06-11,daytime,6,0.699960058515228,0.12153055691090692,0.09968559275013514,2825.96875,0.005475538626354,0.0074753005594572,high_flow,6893620.csv
6893620,2022-06-11,nighttime,6,0.9137267449795888,0.01084354266411569,0.30892018779342517,2825.96875,0.005475538626354,0.0074753005594572,high_flow,6893620.csv
6893620,2022-06-12,daytime,6,0.9582916700191116,0.00257309959647076,0.6048407014077533,2715.375,0.006784906558743,0.0082450501924374,high_flow,6893620.csv
6893620,2022-06-12,nighttime,6,0.9622640452176564,0.00210913538211569,0.7853658536585267,2715.375,0.006784906558743,0.0082450501924374,high_flow,6893620.csv
6893620,2022-06-13,daytime,6,0.2362727692946907,0.6521857886447602,0.05362382364315777,2603.9375,0.0073205570765385,0.00903463873348411,high_flow,6893620.csv
6893620,2022-06-13,nighttime,6,0.968329663731488,0.00148863246389369,1.0363636363636042,2603.9375,0.0073205570765385,0.00903463873348411,high_flow,6893620.csv
6893620,2022-06-14,daytime,6,0.6748524387132061,0.1413939525581536,0.21127359292636735,2492,0.0082728246637305,0.0098440661825973,high_flow,6893620.csv
6893620,2022-06-14,nighttime,6,0.9825387963679484,4.5467854352028745e-4,0.8091035764050203,2492,0.0082728246637305,0.0098440661825973,high_flow,6893620.csv
6893620,2022-06-15,daytime,6,0.9177452707033276,0.00987049954844995,0.2920386449798186,2366.75,0.01005832638971551,0.01066142919493711,high_flow,6893620.csv
6893620,2022-06-15,nighttime,6,0.9948420381550572,3.98382429113305e-5,0.4052277668233939,2366.75,0.01005832638971551,0.01066142919493711,high_flow,6893620.csv
6893620,2022-06-16,daytime,6,0.591622561626028,0.21610521019486617,0.18571799471298564,2254.71875,0.01226044518509701,0.01158989009244931,high_flow,6893620.csv
6893620,2022-06-16,nighttime,6,0.993177785349578,6.965515725740702e-5,0.4412084329493649,2254.71875,0.01226044518509701,0.01158989009244931,high_flow,6893620.csv
6893620,2022-06-17,daytime,6,0.9068361788575618,0.01261493877518795,0.34068394626136556,2209.65625,0.01309367932389001,0.01260167440384081,high_flow,6893620.csv
6893620,2022-06-17,nighttime,6,0.9463160115767124,0.00424559808103439,0.2923996940407466,2209.65625,0.01309367932389001,0.01260167440384081,high_flow,6893620.csv
6893620,2022-06-18,daytime,6,0.8773986600393872,0.02162521704093687,0.3107457898957519,2171.09375,0.01362932984168551,0.01372058881879141,high_flow,6893620.csv
6893620,2022-06-18,nighttime,6,0.9883531788956326,2.026827261881268e-4,0.3739206279982537,2171.09375,0.01362932984168551,0.01372058881879141,high_flow,6893620.csv
6893620,2022-06-19,daytime,6,0.8793632998951982,0.0209519942972809,0.3331198536139069,2115.28125,0.01452208070467801,0.01490695552116811,high_flow,6893620.csv
6893620,2022-06-19,nighttime,6,0.97951774497637,6.249877700891092e-4,0.2224986904138309,2115.28125,0.01452208070467801,0.01490695552116811,high_flow,6893620.csv
6893620,2022-06-20,daytime,6,0.7528512828740956,0.0840755032448561,0.267519900109257,2035.21875,0.01606951553386501,0.01605364440741181,high_flow,6893620.csv
6893620,2022-06-20,nighttime,6,0.9698722861462222,0.00134784556435122,0.2197879858657251,2035.21875,0.01606951553386501,0.01605364440741181,high_flow,6893620.csv
6893620,2022-06-21,daytime,6,0.5847753770992155,0.2228224837618336,0.18493013686887425,1947.28125,0.01767646708725151,0.01723207554656191,high_flow,6893620.csv
6893620,2022-06-21,nighttime,6,0.9551141154241416,0.00297689719857248,0.25063156495146943,1947.28125,0.01767646708725151,0.01723207554656191,high_flow,6893620.csv
6893620,2022-06-22,daytime,6,0.9699380824359732,0.00134199457008907,1.4519413521585485,1861.1875,0.01868825139864301,0.01841050668571202,high_flow,6893620.csv
6893620,2022-06-22,nighttime,6,-0.9636564801591508,0.00195727495647644,-1.0404307326418796,1861.1875,0.01868825139864301,0.01841050668571202,high_flow,6893620.csv
6893620,2022-06-23,daytime,6,0.4834671330332434,0.3313022175939055,0.55838000861695,1805.59375,0.01964051898583502,0.01956116335356902,high_flow,6893620.csv
6893620,2022-06-23,nighttime,6,0.8468399806582533,0.03339057406932064,0.06829885265155018,1805.59375,0.01964051898583502,0.01956116335356902,high_flow,6893620.csv
6893620,2022-06-24,daytime,6,0.8427826602511067,0.03513294443602809,0.1797782646219219,1764.8125,0.02041423640042852,0.02067610998690632,high_flow,6893620.csv
6893620,2022-06-24,nighttime,6,0.9892746385923664,1.7193317871366565e-4,0.7640276710222745,1764.8125,0.02041423640042852,0.02067610998690632,high_flow,6893620.csv
6893620,2022-06-25,daytime,6,0.9471989249499118,0.00410832681797458,0.3310643564356448,1727.3125,0.02190215450541602,0.02183073443637662,high_flow,6893620.csv
6893620,2022-06-25,nighttime,6,0.940109693514483,0.00527286447909185,0.8205128205128076,1727.3125,0.02190215450541602,0.02183073443637662,high_flow,6893620.csv
6893620,2022-06-26,daytime,6,0.9075767633006492,0.01241833985209043,0.4808829325975612,1696.0625,0.02327103916200452,0.02264412966710312,high_flow,6893620.csv
6893620,2022-06-26,nighttime,6,0.976312664404723,8.349894394084028e-4,0.1902623824891257,1696.0625,0.02327103916200452,0.02264412966710312,high_flow,6893620.csv
6893620,2022-06-27,daytime,6,0.9605077879840423,0.00230865550057973,0.5040758779800049,1672.65625,0.02398523985239852,0.02342181486330992,high_flow,6893620.csv
6893620,2022-06-27,nighttime,6,0.9735555008720358,0.00103972082956612,0.31892435285247445,1672.65625,0.02398523985239852,0.02342181486330992,high_flow,6893620.csv
6893620,2022-06-28,daytime,6,0.8975767093477566,0.01519855837643907,0.3426680244399182,1652.734375,0.02499702416379002,0.02421537118596992,high_flow,6893620.csv
6893620,2022-06-28,nighttime,6,0.9924953408581946,8.426853239267441e-5,0.3181326068076151,1652.734375,0.02499702416379002,0.02421537118596992,high_flow,6893620.csv
6893620,2022-06-29,daytime,6,0.67275875445548206,0.14310863490721437,0.1938100121189517,1632.796875,0.02594929175098202,0.02496131412927032,high_flow,6893620.csv
6893620,2022-06-29,nighttime,6,0.9267646171861998,0.00784873583792791,0.23397352362293009,1632.796875,0.02594929175098202,0.02496131412927032,high_flow,6893620.csv
6893620,2022-06-30,daytime,6,0.6303312235518829,0.1797239623070022,0.2261830083185597,1608.265625,0.02731817640757053,0.02571519263579732,high_flow,6893620.csv
6893620,2022-06-30,nighttime,6,0.916596579356316,0.01014411332039854,0.18264114984515056,1608.265625,0.02731817640757053,0.02571519263579732,high_flow,6893620.csv
6893620,2022-07-01,daytime,6,0.3705437306425235,0.4696227232859036,0.28633794713862853,1583.25,0.02898464468515653,0.02629448875133912,high_flow,6893620.csv
6893620,2022-07-01,nighttime,6,0.96433600701751,0.00188519971315375,0.2919876733436037,1583.25,0.02898464468515653,0.02629448875133912,high_flow,6893620.csv
6893620,2022-07-02,daytime,6,-0.936035502874153,0.00600633134752129,-0.21789779505678025,1565.125,0.03041304606594453,0.02645320001587112,high_flow,6893620.csv
6893620,2022-07-02,nighttime,6,0.9806019591784588,5.607763954941807e-4,0.3771491957848065,1565.125,0.03041304606594453,0.02645320001587112,high_flow,6893620.csv
6893620,2022-07-03,daytime,6,0.8475397677839568,0.03309428146111184,0.27221597300337286,1636.421875,0.02583025830258302,0.02641352219973812,high_flow,6893620.csv
6893620,2022-07-03,nighttime,6,0.9955259048114083,2.9981511472555234e-5,0.435672514619881,1636.421875,0.02583025830258302,0.02641352219973812,high_flow,6893620.csv
6893620,2022-07-04,daytime,6,0.5248245223132615,0.2850422542203247,0.1763118559769312,1629.140625,0.02618735864778002,0.02629448875133912,high_flow,6893620.csv
6893620,2022-07-04,nighttime,6,0.9920273535890812,9.509125316645982e-5,0.7158507360492953,1629.140625,0.02618735864778002,0.02629448875133912,high_flow,6893620.csv
6893620,2022-07-05,daytime,6,0.4335805833728163,0.39038399196415097,0.17196178626971603,1599.96875,0.02797286037376502,0.02620719755584652,high_flow,6893620.csv
6893620,2022-07-05,nighttime,6,0.9903804968503744,1.383571916719978e-4,0.3357988165680464,1599.96875,0.02797286037376502,0.02620719755584652,high_flow,6893620.csv
6893620,2022-07-06,daytime,6,0.8465401662881754,0.03351789739753962,0.4777031154551083,1585.59375,0.02886561123675753,0.02620322977423322,high_flow,6893620.csv
6893620,2022-07-06,nighttime,6,0.936462059586211,0.00592735125555175,0.23321714433255836,1585.59375,0.02886561123675753,0.02620322977423322,high_flow,6893620.csv
6893620,2022-07-07,daytime,6,0.9642595452309732,0.00189324308767499,0.9604370761115348,1571.171875,0.02999642899654803,0.02631432765940562,high_flow,6893620.csv
6893620,2022-07-07,nighttime,6,-0.35974626421763173,0.4836593121954897,-0.23362986728889437,1571.171875,0.02999642899654803,0.02631432765940562,high_flow,6893620.csv
6893620,2022-07-08,daytime,6,0.7823957331407628,0.06587546848693537,0.42651036970243666,1594.609375,0.02832996071896203,0.02654842677459032,high_flow,6893620.csv
6893620,2022-07-08,nighttime,6,0.9901917077201956,1.43832104572196e-4,0.5468833529348848,1594.609375,0.02832996071896203,0.02654842677459032,high_flow,6893620.csv
6893620,2022-07-09,daytime,6,0.6383301508700909,0.1725534929216189,0.2977567114779583,1703.390625,0.02279490536840852,0.02684204261397452,high_flow,6893620.csv
6893620,2022-07-09,nighttime,6,0.9904198393328976,1.372295865366975e-4,0.2439880276602316,1703.390625,0.02279490536840852,0.02684204261397452,high_flow,6893620.csv
6893620,2022-07-10,daytime,6,0.780167379428351,0.0671777141047027,0.3665800047270172,1746.21875,0.02130698726342102,0.02714756179819862,high_flow,6893620.csv
6893620,2022-07-10,nighttime,6,0.994016750048484,5.3591821953366985e-5,0.18522179661435753,1746.21875,0.02130698726342102,0.02714756179819862,high_flow,6893620.csv
6893620,2022-07-11,daytime,6,0.7201235786944321,0.10653474324551508,0.2413496057779614,1742.703125,0.02148553743601952,0.02770305122406062,high_flow,6893620.csv
6893620,2022-07-11,nighttime,6,0.911818181818182,0.01132119722013516,0.2507500000000003,1742.703125,0.02148553743601952,0.02770305122406062,high_flow,6893620.csv
6893620,2022-07-12,daytime,6,0.6819726229481636,0.13562924975869822,0.34360998958828787,1707.359375,0.02267587192000952,0.02827441177637582,high_flow,6893620.csv
6893620,2022-07-12,nighttime,6,0.9868953104455744,2.5647407938296523e-4,0.14429071907844093,1707.359375,0.02267587192000952,0.02827441177637582,high_flow,6893620.csv
6893620,2022-07-13,daytime,6,-0.6535378232460254,0.15926008604165737,-0.21981907039617513,1653.984375,0.02493750743959052,0.02886561123675753,high_flow,6893620.csv
6893620,2022-07-13,nighttime,6,0.9523485758573588,0.00335188728520348,0.13773623919606462,1653.984375,0.02493750743959052,0.02886561123675753,high_flow,6893620.csv
6893620,2022-07-14,daytime,6,0.521400135270044,0.2887732224283058,0.1988882025941933,1604.234375,0.02761576002856802,0.02950045629488553,high_flow,6893620.csv
6893620,2022-07-14,nighttime,6,0.9964635515295398,1.873758743689751e-5,0.25407697325505496,1604.234375,0.02761576002856802,0.02950045629488553,high_flow,6893620.csv
6893620,2022-07-15,daytime,6,0.2373065105756259,0.6507221186385173,0.091046785594075,1562.53125,0.03082966313534103,0.03007578462881403,high_flow,6893620.csv
6893620,2022-07-15,nighttime,6,0.9353845375991972,0.00612784709012625,0.4186725018234847,1562.53125,0.03082966313534103,0.03007578462881403,high_flow,6893620.csv
6893620,2022-07-16,daytime,6,0.5217848257883113,0.2883531742705592,0.4152660179451602,1526.578125,0.03338888227591953,0.03073443637662183,high_flow,6893620.csv
6893620,2022-07-16,nighttime,6,0.9123168952994206,0.01119542209082168,0.2333831217326374,1526.578125,0.03338888227591953,0.03073443637662183,high_flow,6893620.csv
6893620,2022-07-17,daytime,6,0.48329715425844744,0.33149761032896996,0.2509525019050028,1500.09375,0.03499583382930604,0.03169463952704043,high_flow,6893620.csv
6893620,2022-07-17,nighttime,6,0.3449173681634463,0.5031410109065305,0.09501289767842248,1500.09375,0.03499583382930604,0.03169463952704043,high_flow,6893620.csv
6893620,2022-07-18,daytime,6,0.8910572901531876,0.01715627700307576,0.4177177885182121,1516.3125,0.03416259969051304,0.03271435940165853,high_flow,6893620.csv
6893620,2022-07-18,nighttime,6,0.9978908581893132,6.668027529666264e-6,0.4335025380710637,1516.3125,0.03416259969051304,0.03271435940165853,high_flow,6893620.csv
6893620,2022-07-19,daytime,6,0.5102263217268672,0.30107435602169846,0.18428993271263225,1503.484375,0.03475776693250803,0.03317858985041463,high_flow,6893620.csv
6893620,2022-07-19,nighttime,6,0.8917747502698032,0.01693525182428593,0.18590998043053,1503.484375,0.03475776693250803,0.03317858985041463,high_flow,6893620.csv
6893620,2022-07-20,daytime,6,0.4991134867187948,0.3134979165223463,0.18273561776612043,1471.546875,0.03684085227949053,0.03353569019561163,high_flow,6893620.csv
6893620,2022-07-20,nighttime,6,0.9210785238936386,0.0090971139572116,0.2720507166482872,1471.546875,0.03684085227949053,0.03353569019561163,high_flow,6893620.csv
6893620,2022-07-21,daytime,6,0.5748338143292858,0.23272157211795289,0.17034627492130047,1443.453125,0.03838828710867754,0.03342856009205253,high_flow,6893620.csv
6893620,2022-07-21,nighttime,6,0.4061000984562436,0.4243363161618338,0.07082337605909246,1443.453125,0.03838828710867754,0.03342856009205253,high_flow,6893620.csv
6893620,2022-07-22,daytime,6,0.2214902466749557,0.6731975564265646,0.07435724013124612,1434.921875,0.03862635400547554,0.03331349442526683,high_flow,6893620.csv
6893620,2022-07-22,nighttime,6,0.9783162309939836,7.001810569055583e-4,0.39313304721029657,1434.921875,0.03862635400547554,0.03331349442526683,high_flow,6893620.csv
6893620,2022-07-23,daytime,6,-0.00601215713174802,0.990981872960194,-0.00213984517591037,1447.046875,0.03820973693607903,0.03322223544816093,high_flow,6893620.csv
6893620,2022-07-23,nighttime,6,0.9780275902218049,7.188761925826475e-4,0.7318327974276505,1447.046875,0.03820973693607903,0.03322223544816093,high_flow,6893620.csv
6893620,2022-07-24,daytime,6,0.8409710300723121,0.03592438163110448,1.0189447414680155,1464.828125,0.03719795262468754,0.03312304090782843,high_flow,6893620.csv
6893620,2022-07-24,nighttime,6,0.9795595317069876,6.224489719830015e-4,0.7769370460048396,1464.828125,0.03719795262468754,0.03312304090782843,high_flow,6893620.csv
6893620,2022-07-25,daytime,6,0.08552191226774511,0.8720298851236994,0.07692307692309161,1476.515625,0.03660278538269253,0.03303178193072253,high_flow,6893620.csv
6893620,2022-07-25,nighttime,6,0.5852000532773218,0.22240346255597013,0.08412582297000551,1476.515625,0.03660278538269253,0.03303178193072253,high_flow,6893620.csv
6893620,2022-07-26,daytime,6,0.03673631958364144,0.9449203095064048,0.01641961231470296,1592.0625,0.02844899416736103,0.03309923421814863,high_flow,6893620.csv
6893620,2022-07-26,nighttime,6,0.3682130790846751,0.4726417064730575,0.0807567707658376,1592.0625,0.02844899416736103,0.03309923421814863,high_flow,6893620.csv
6893620,2022-07-27,daytime,6,-0.9195801605631444,0.00944097421516077,-0.2464733542319784,1598.75,0.02803237709796453,0.03322620322977423,high_flow,6893620.csv
6893620,2022-07-27,nighttime,6,0.38196487630056014,0.4549164821699579,0.7047451669595608,1598.75,0.02803237709796453,0.03322620322977423,high_flow,6893620.csv
6893620,2022-07-28,daytime,6,0.9936795860066884,5.97952067808177e-5,1.2018393030009709,1694.09375,0.02333055588620402,0.03326984882752053,high_flow,6893620.csv
6893620,2022-07-28,nighttime,6,0.9942260795745788,4.991098968559275e-5,0.582336706531731,1694.09375,0.02333055588620402,0.03326984882752053,high_flow,6893620.csv
6893620,2022-07-29,daytime,6,0.6295367237744662,0.18044280560820752,0.4993377483443629,1633.671875,0.02588977502678252,0.03291274848232353,high_flow,6893620.csv
6893620,2022-07-29,nighttime,6,0.9906872770274348,1.2968638237159804e-4,0.29161256816411113,1633.671875,0.02588977502678252,0.03291274848232353,high_flow,6893620.csv
6893620,2022-07-30,daytime,6,0.18652064230146145,0.72346355845805,0.06110069858579145,1577.28125,0.02946077847875253,0.03275403721779153,high_flow,6893620.csv
6893620,2022-07-30,nighttime,6,0.9955033227828236,3.028469734823218e-5,0.5481343283582101,1577.28125,0.02946077847875253,0.03275403721779153,high_flow,6893620.csv
6893620,2022-07-31,daytime,6,0.7074233088096175,0.11587923408263227,0.20095677884455357,1546.953125,0.03190096417093203,0.03277784390747133,high_flow,6893620.csv
6893620,2022-07-31,nighttime,6,0.9688771295972298,0.00143787627253153,0.9552238805970044,1546.953125,0.03190096417093203,0.03277784390747133,high_flow,6893620.csv
6893620,2022-08-01,daytime,6,0.5223524079357047,0.28773384764608434,0.11651685393258256,1523.53125,0.03362694917271753,0.03292465182716343,high_flow,6893620.csv
6893620,2022-08-01,nighttime,6,0.988715231308252,1.9030047153749624e-4,0.47003277665054777,1523.53125,0.03362694917271753,0.03292465182716343,high_flow,6893620.csv
6893620,2022-08-02,daytime,6,0.5173644990510762,0.29319370086048147,0.14075406886398908,1498.53125,0.03517438400190453,0.03314287981589493,high_flow,6893620.csv
6893620,2022-08-02,nighttime,6,0.954985622516546,0.0029938350847738,0.24352702541462903,1498.53125,0.03517438400190453,0.03314287981589493,high_flow,6893620.csv
6893620,2022-08-03,daytime,6,0.419468430986941,0.4077008782999693,1.0581395348836864,1474.78125,0.03666230210689204,0.03394040392016823,high_flow,6893620.csv
6893620,2022-08-03,nighttime,6,0.901753956439068,0.01400427820307587,0.18952395164900987,1474.78125,0.03666230210689204,0.03394040392016823,high_flow,6893620.csv
6893620,2022-08-04,daytime,6,0.6964732169139193,0.12421102723631994,0.2398504172272872,1457.484375,0.03749553624568504,0.03487680038090703,high_flow,6893620.csv
6893620,2022-08-04,nighttime,6,0.9873276554351138,2.3986495991519045e-4,0.5968214136344431,1457.484375,0.03749553624568504,0.03487680038090703,high_flow,6893620.csv
6893620,2022-08-05,daytime,6,0.862209760933022,0.02717117190070245,0.28584112149532653,1531.234375,0.03303178193072253,0.03649565527913343,high_flow,6893620.csv
6893620,2022-08-05,nighttime,6,0.9899808054375692,1.500735048053932e-4,0.2921122994652378,1531.234375,0.03303178193072253,0.03649565527913343,high_flow,6893620.csv
6893620,2022-08-06,daytime,6,0.334525290301393,0.5169299537885557,0.124041366488495,1482.515625,0.03624568503749553,0.03829702813157164,high_flow,6893620.csv
6893620,2022-08-06,nighttime,6,0.9249348341493756,0.00824068087152847,0.5107758620689663,1482.515625,0.03624568503749553,0.03829702813157164,high_flow,6893620.csv
6893620,2022-08-07,daytime,6,0.4121704578378597,0.41675499649506176,0.14181350364124995,1435.90625,0.03856683728127604,0.04023330555886204,high_flow,6893620.csv
6893620,2022-08-07,nighttime,6,0.9428837851986088,0.00480022896148588,0.2633507853403155,1435.90625,0.03856683728127604,0.04023330555886204,high_flow,6893620.csv
6893620,2022-08-08,daytime,6,-0.6726545887870959,0.14319417560821715,-0.6423487544483943,1404.90625,0.03940007142006904,0.04214974407808594,high_flow,6893620.csv
6893620,2022-08-08,nighttime,6,0.7452297490325722,0.08909352262922092,0.21156852527358144,1404.90625,0.03940007142006904,0.04214974407808594,high_flow,6893620.csv
6893620,2022-08-11,daytime,6,0.5509973971954409,0.25714479439133703,0.1436042576755054,1313.0625,0.04207832400904654,0.04697456651985875,high_flow,6893620.csv
6893620,2022-08-11,nighttime,6,0.969360918762141,0.00139374867935346,0.2325581395348824,1313.0625,0.04207832400904654,0.04697456651985875,high_flow,6893620.csv
6893620,2022-08-12,daytime,6,0.5751123591400533,0.2324418827903463,0.1981383656903929,1225.703125,0.04761337935960005,0.04832361226838075,high_flow,6893620.csv
6893620,2022-08-12,nighttime,6,0.936471084862477,0.00592568568108178,0.1372422680412364,1225.703125,0.04761337935960005,0.04832361226838075,high_flow,6893620.csv
6893620,2022-08-13,daytime,6,0.2518574166839095,0.6302018047410696,0.08463989802421805,1145.8125,0.05291036781335555,0.05012895290243225,high_flow,6893620.csv
6893620,2022-08-13,nighttime,6,0.97987510009558,6.034419853279399e-4,0.3637413394919155,1145.8125,0.05291036781335555,0.05012895290243225,high_flow,6893620.csv
6893620,2022-08-14,daytime,6,0.5456864624654376,0.26271584896538996,0.19928132305827356,1096.703125,0.05850493988810856,0.05181129230647145,high_flow,6893620.csv
6893620,2022-08-14,nighttime,6,0.966659646941326,0.00164883849259078,0.4190106692531488,1096.703125,0.05850493988810856,0.05181129230647145,high_flow,6893620.csv
6893620,2022-08-15,daytime,6,0.6763038380169792,0.14021049462101262,0.26356914247875374,1068.171875,0.06064754195929056,0.05341824385985795,high_flow,6893620.csv
6893620,2022-08-15,nighttime,6,0.9258173593909848,0.00805048033588805,0.37955979682930535,1068.171875,0.06064754195929056,0.05341824385985795,high_flow,6893620.csv
6893620,2022-08-16,daytime,6,NA,NA,NA,1045.03125,0.06314724437566957,0.05508074435583066,high_flow,6893620.csv
6893620,2022-08-16,nighttime,6,-0.19532477477621055,0.7107388305466174,-0.06315584920326256,1045.03125,0.06314724437566957,0.05508074435583066,high_flow,6893620.csv
6893620,2022-08-17,daytime,6,0.8885041096772835,0.0179539790367612,0.19336791089193103,1093.5,0.05880252350910606,0.05701702178312105,high_flow,6893620.csv
6893620,2022-08-17,nighttime,6,0.928253120446082,0.00753675944172838,0.41790773701412853,1093.5,0.05880252350910606,0.05701702178312105,high_flow,6893620.csv
6893620,2022-08-18,daytime,6,0.9779240718883596,7.256405887099679e-4,0.27625772285966704,1123.296875,0.05588620402333055,0.05925881839463556,high_flow,6893620.csv
6893620,2022-08-18,nighttime,6,0.9961996397708784,2.1636663003330755e-5,0.3263724017636482,1123.296875,0.05588620402333055,0.05925881839463556,high_flow,6893620.csv
6893620,2022-08-19,daytime,6,0.749352496654217,0.08636289560308939,0.5033707865168513,1104.96875,0.05773122247351506,0.06164345514422886,high_flow,6893620.csv
6893620,2022-08-19,nighttime,6,0.988395108702801,2.012288173539311e-4,0.48082226121834504,1104.96875,0.05773122247351506,0.06164345514422886,high_flow,6893620.csv
6893620,2022-08-20,daytime,6,0.762510758089169,0.07790437804154206,0.2284160435078168,1073.15625,0.06011189144149506,0.06397254295123596,high_flow,6893620.csv
6893620,2022-08-20,nighttime,6,-0.8516402254354114,0.03138318855172732,-1.6718304117407314,1073.15625,0.06011189144149506,0.06397254295123596,high_flow,6893620.csv
6893620,2022-08-21,daytime,6,0.9133024153661442,0.01094887682382059,0.3592827386343059,1062.5,0.06148077609808356,0.06613498393048446,high_flow,6893620.csv
6893620,2022-08-21,nighttime,6,0.9940143777267444,5.3634285535401186e-5,0.4283965728274196,1062.5,0.06148077609808356,0.06613498393048446,high_flow,6893620.csv
6893620,2022-08-22,daytime,6,0.9637893624844348,0.00194307552404163,0.375207756232687,1050.96875,0.06267111058207356,0.06685315240249176,high_flow,6893620.csv
6893620,2022-08-22,nighttime,6,0.9648611931062636,0.00183041005433241,0.2908350775417369,1050.96875,0.06267111058207356,0.06685315240249176,high_flow,6893620.csv
6893620,2022-08-23,daytime,6,0.9379400142900438,0.00565765252712788,0.35004000872917607,1031.546875,0.06433757885965956,0.06761496647224537,high_flow,6893620.csv
6893620,2022-08-23,nighttime,6,0.9506836668764904,0.00358817992465353,0.21860189573459776,1031.546875,0.06433757885965956,0.06761496647224537,high_flow,6893620.csv
6893620,2022-08-24,daytime,6,0.6736312751466046,0.1423929824313316,0.2880593715141386,1001.15625,0.06892036662302106,0.06851565289846447,high_flow,6893620.csv
6893620,2022-08-24,nighttime,6,0.9619907464749786,0.00213959898227765,0.14792387543252622,1001.15625,0.06892036662302106,0.06851565289846447,high_flow,6893620.csv
6893620,2022-08-25,daytime,6,0.5472396446707924,0.2610817973851077,0.16975587703435946,964.625,0.07403880490417808,0.06990437646311946,high_flow,6893620.csv
6893620,2022-08-25,nighttime,6,0.8174238913695969,0.0469580539259003,0.19580419580419536,964.625,0.07403880490417808,0.06990437646311946,high_flow,6893620.csv
6893620,2022-08-26,daytime,6,0.8179391563768187,0.0467019180841713,0.30172695943474276,930.59375,0.07784787525294608,0.07165020037297147,high_flow,6893620.csv
6893620,2022-08-26,nighttime,6,0.9647381545968724,0.00184317436238812,0.2711496746203913,930.59375,0.07784787525294608,0.07165020037297147,high_flow,6893620.csv
6893620,2022-08-27,daytime,6,0.5847254140246162,0.22287180233585463,0.28302409304901616,904.6875,0.08254969646470658,0.07344363766218308,high_flow,6893620.csv
6893620,2022-08-27,nighttime,6,0.9740372136095076,0.00100234909635405,0.3940615835777111,904.6875,0.08254969646470658,0.07344363766218308,high_flow,6893620.csv
6893620,2022-08-28,daytime,6,-0.9784934419976724,6.888243196192221e-4,-0.45191612436732104,889.3125,0.08534698250208309,0.07524104273300797,high_flow,6893620.csv
6893620,2022-08-28,nighttime,6,-0.04106483766939042,0.9384373677427752,-0.01623083859332692,889.3125,0.08534698250208309,0.07524104273300797,high_flow,6893620.csv
6893620,2022-08-29,daytime,6,0.9367127390482388,0.00588117458020421,0.476698289592134,999.375,0.06927746696821807,0.07701860889576638,high_flow,6893620.csv
6893620,2022-08-29,nighttime,6,0.9713800465461976,0.00121693127677192,0.8606271777003507,999.375,0.06927746696821807,0.07701860889576638,high_flow,6893620.csv
6893620,2022-08-30,daytime,6,0.9834787874140408,4.071709616342674e-4,0.4610287707061892,977.625,0.07207475300559457,0.07882394952981787,high_flow,6893620.csv
6893620,2022-08-30,nighttime,6,0.9987108509852292,2.491786551712392e-6,0.4197324414715659,977.625,0.07207475300559457,0.07882394952981787,high_flow,6893620.csv
6893620,2022-08-31,daytime,6,0.5733580064217626,0.2342056748868847,0.14836220111712173,941.7265625,0.07665754076895608,0.08064516129032258,high_flow,6893620.csv
6893620,2022-08-31,nighttime,6,0.9287654003991388,0.00743081697766716,0.2257438551099598,941.7265625,0.07665754076895608,0.08064516129032258,high_flow,6893620.csv
6893620,2022-09-01,daytime,6,0.7941388614341627,0.0592061376862114,0.2951715215008362,918.5703125,0.07963337697893108,0.08230369400468199,high_flow,6893620.csv
6893620,2022-09-01,nighttime,6,0.9663202747686404,0.00168238397899258,0.34606021780909696,918.5703125,0.07963337697893108,0.08230369400468199,high_flow,6893620.csv
6893620,2022-09-02,daytime,6,0.4234800486366092,0.40275239875257574,0.16754329698524598,906.3359375,0.08207356267111059,0.08374796651192318,high_flow,6893620.csv
6893620,2022-09-02,nighttime,6,0.9793725704861228,6.338478812833954e-4,0.717022246997442,906.3359375,0.08207356267111059,0.08374796651192318,high_flow,6893620.csv
6893620,2022-09-03,daytime,6,0.5287884266406473,0.28074652970327946,0.3165821179454649,892.9375,0.08463278181168908,0.08504543109947228,high_flow,6893620.csv
6893620,2022-09-03,nighttime,6,0.981733149332946,4.974691283628433e-4,0.33665443104352577,892.9375,0.08463278181168908,0.08504543109947228,high_flow,6893620.csv
6893620,2022-09-04,daytime,6,0.8793016456949577,0.02097296668886374,0.6650231281451732,880.4609375,0.08707296750386859,0.08580724516922589,high_flow,6893620.csv
6893620,2022-09-04,nighttime,6,0.9441777536266458,0.00458721028702556,0.6130329847143919,880.4609375,0.08707296750386859,0.08580724516922589,high_flow,6893620.csv
6893620,2022-09-05,daytime,6,0.963770951890954,0.00194503978179512,1.5017204773409512,873.5625,0.08814426853945959,0.08570011506566678,high_flow,6893620.csv
6893620,2022-09-05,nighttime,6,0.9353386015743936,0.00613646689794566,0.3675000000000002,873.5625,0.08814426853945959,0.08570011506566678,high_flow,6893620.csv
6893620,2022-09-06,daytime,6,0.7637951230689888,0.07709985672737382,0.23938920283756235,868.28125,0.08975122009284608,0.08676744831964449,high_flow,6893620.csv
6893620,2022-09-06,nighttime,6,0.9120419641425602,0.01126467533091433,0.5866231647634461,868.28125,0.08975122009284608,0.08676744831964449,high_flow,6893620.csv
6893620,2022-09-07,daytime,6,0.8483536489055405,0.03275124726358049,0.41977329974811,860.96875,0.09165575526723008,0.08785462048168868,high_flow,6893620.csv
6893620,2022-09-07,nighttime,6,0.9915205816260048,1.0754596657900378e-4,0.40997906489881014,860.96875,0.09165575526723008,0.08785462048168868,high_flow,6893620.csv
6893620,2022-09-08,daytime,6,0.6929849806704174,0.1269179882018438,0.4042155150910447,853.3203125,0.09379835733841208,0.08888227591953339,high_flow,6893620.csv
6893620,2022-09-08,nighttime,6,0.9808448897689518,5.468631922026478e-4,0.3163519771998558,853.3203125,0.09379835733841208,0.08888227591953339,high_flow,6893620.csv
6893620,2022-09-09,daytime,6,0.7373821725743112,0.094396055573738,0.4241359844445835,846.921875,0.0957028925127961,0.08989009244931159,high_flow,6893620.csv
6893620,2022-09-09,nighttime,6,0.9932559619858048,6.806970677254502e-5,0.5830888236863151,846.921875,0.0957028925127961,0.08989009244931159,high_flow,6893620.csv
6893620,2022-09-10,daytime,6,0.8189857780384987,0.0461836533850542,1.321759462224172,841.2421875,0.0973098440661826,0.0908661667261834,high_flow,6893620.csv
6893620,2022-09-10,nighttime,6,0.9315491628973762,0.00686791186619636,0.21898110106820087,841.2421875,0.0973098440661826,0.0908661667261834,high_flow,6893620.csv
6893620,2022-09-11,daytime,6,0.7483638228556385,0.0870142507710059,0.2529722589167756,852.7421875,0.0939769075110106,0.0917628853707892,high_flow,6893620.csv
6893620,2022-09-11,nighttime,6,-0.7067243159128499,0.11640352759715168,-1.0796238244514165,852.7421875,0.0939769075110106,0.0917628853707892,high_flow,6893620.csv
6893620,2022-09-12,daytime,6,0.791523159862211,0.06066341729748943,0.22321551368449924,897.7109375,0.08374003094869659,0.0921279212792128,high_flow,6893620.csv
6893620,2022-09-12,nighttime,6,0.987186642857056,2.452213198307769e-4,0.542974079126874,897.7109375,0.08374003094869659,0.0921279212792128,high_flow,6893620.csv
6893620,2022-09-13,daytime,6,0.5290893995644644,0.2804213779908154,0.13587079798575472,889.3203125,0.08528746577788358,0.0924453438082768,high_flow,6893620.csv
6893620,2022-09-13,nighttime,6,0.9187364569430638,0.00963732253832719,0.1642172523961656,889.3203125,0.08528746577788358,0.0924453438082768,high_flow,6893620.csv
6893620,2022-09-14,daytime,6,0.4179290509604456,0.4096051479653438,0.2147484410001803,872.0078125,0.08838233543625759,0.0928817997857398,high_flow,6893620.csv
6893620,2022-09-14,nighttime,6,0.9093896654074464,0.01194338313486236,0.1939766839378237,872.0078125,0.08838233543625759,0.0928817997857398,high_flow,6893620.csv
6893620,2022-09-15,daytime,6,0.6318552401099314,0.1783484128378335,0.4061765006646887,859.765625,0.0920723723366266,0.093294449073523,high_flow,6893620.csv
6893620,2022-09-15,nighttime,6,0.9843986894856812,3.632026482159556e-4,0.30382466695315796,859.765625,0.0920723723366266,0.093294449073523,high_flow,6893620.csv
6893620,2022-09-16,daytime,6,0.03723512506135097,0.9441731248120367,0.03377453217708363,850.2890625,0.0947506249256041,0.093532515970321,high_flow,6893620.csv
6893620,2022-09-16,nighttime,6,0.9872142662726106,2.4416740659445553e-4,0.564049586776862,850.2890625,0.0947506249256041,0.093532515970321,high_flow,6893620.csv
6893620,2022-09-17,daytime,6,0.47655477418323405,0.3392816943344499,0.19906815274986236,843.3359375,0.0967146768241876,0.0931714478435107,high_flow,6893620.csv
6893620,2022-09-17,nighttime,6,0.9795693060575026,6.218558612280626e-4,0.6150000000000001,843.3359375,0.0967146768241876,0.0931714478435107,high_flow,6893620.csv
6893620,2022-09-18,daytime,6,0.8372417641700356,0.03757961236013556,0.4940112011190243,837.296875,0.0980835614807761,0.0927349918660477,high_flow,6893620.csv
6893620,2022-09-18,nighttime,6,0.8859734043040833,0.01876180621154084,0.26799814212726975,837.296875,0.0980835614807761,0.0927349918660477,high_flow,6893620.csv
6893620,2022-09-19,daytime,6,0.08374369210767832,0.874678109344742,0.03544207317072887,858.15625,0.0925485061302226,0.0927548307741142,high_flow,6893620.csv
6893620,2022-09-19,nighttime,6,0.9140147813055572,0.01077232270651739,0.18942731277533556,858.15625,0.0925485061302226,0.0927548307741142,high_flow,6893620.csv
6893620,2022-09-20,daytime,6,0.7730706482726997,0.0714023134660051,0.1831599322526009,855.6015625,0.0929056064754196,0.0935960004761338,high_flow,6893620.csv
6893620,2022-09-20,nighttime,6,0.8351230200935741,0.03853558534294717,0.2466367713004485,855.6015625,0.0929056064754196,0.0935960004761338,high_flow,6893620.csv
6893620,2022-09-21,daytime,6,0.9720203149508342,0.00116334203622886,0.8113690367391732,844.890625,0.0962980597547911,0.0943538467642741,high_flow,6893620.csv
6893620,2022-09-21,nighttime,6,0.9628099173553726,0.00204893452723325,0.0875281743050359,844.890625,0.0962980597547911,0.0943538467642741,high_flow,6893620.csv
6893620,2022-09-22,daytime,6,0.867218833397582,0.02527573567397597,3.1226818830243195,839.4765625,0.0978454945839781,0.0949133039717494,high_flow,6893620.csv
6893620,2022-09-22,nighttime,6,-0.9242524758316464,0.00838922331828409,-0.09694830807556412,839.4765625,0.0978454945839781,0.0949133039717494,high_flow,6893620.csv
6893620,2022-09-23,daytime,6,0.8253473213841768,0.04309157315261995,0.7455448937628496,841,0.0973693607903821,0.0952942110066262,high_flow,6893620.csv
6893620,2022-09-23,nighttime,6,-0.9094954314884032,0.01191595044099397,-0.3914501257334257,841,0.0973693607903821,0.0952942110066262,high_flow,6893620.csv
6893620,2022-09-24,daytime,6,0.37597677093378473,0.4626086058549472,0.1323471511333578,866.046875,0.09028687061064158,0.0955322779034242,high_flow,6893620.csv
6893620,2022-09-24,nighttime,6,0.713501589315316,0.11136392235555478,0.13663440059568294,866.046875,0.09028687061064158,0.0955322779034242,high_flow,6893620.csv
6893620,2022-09-25,daytime,6,0.9768920673129464,7.947952824816941e-4,0.39636338172820446,864.3828125,0.0907630044042376,0.0956870213863429,high_flow,6893620.csv
6893620,2022-09-25,nighttime,6,0.8881559645424355,0.01806409894528713,0.30200281096277004,864.3828125,0.0907630044042376,0.0956870213863429,high_flow,6893620.csv
6893620,2022-09-26,daytime,6,0.9285535186797872,0.00747454669625133,0.37084070085195175,852.0625,0.0942744911320081,0.0958417648692616,high_flow,6893620.csv
6893620,2022-09-26,nighttime,6,0.4684669115591051,0.34870479900871515,0.05887984681666058,852.0625,0.0942744911320081,0.0958417648692616,high_flow,6893620.csv
6893620,2022-09-27,daytime,6,0.5958863602890522,0.21196428914544332,0.20133308984660137,844.4375,0.0963575764789906,0.0964408998928699,high_flow,6893620.csv
6893620,2022-09-27,nighttime,6,-0.2871430980045,0.5811229935693794,-0.04761747460566305,844.4375,0.0963575764789906,0.0964408998928699,high_flow,6893620.csv
6893620,2022-09-28,daytime,6,0.8698054484539122,0.02432249261224584,0.31027522935779667,843.390625,0.09665516009998808,0.09706780938777128,high_flow,6893620.csv
6893620,2022-09-28,nighttime,6,0.9595940576241454,0.00241597608641906,0.3802570093457933,843.390625,0.09665516009998808,0.09706780938777128,high_flow,6893620.csv
6893620,2022-09-29,daytime,6,0.7036835744734283,0.11869633767547058,0.24558524578118468,842.8125,0.0967741935483871,0.0974804586755545,high_flow,6893620.csv
6893620,2022-09-29,nighttime,6,0.34878582775529393,0.4980364272845952,0.02779108768567581,842.8125,0.0967741935483871,0.0974804586755545,high_flow,6893620.csv
6893620,2022-09-30,daytime,6,0.7446317083175953,0.08949278493840777,0.3868847447263837,839.875,0.0977859778597786,0.09777407451493868,high_flow,6893620.csv
6893620,2022-09-30,nighttime,6,0.6386605017931011,0.172259980895557,0.20991551167647113,839.875,0.0977859778597786,0.09777407451493868,high_flow,6893620.csv
6893620,2022-10-01,daytime,6,0.6792154286061559,0.13784930599384093,0.2081105169340472,835.5703125,0.0983216283775741,0.0980438836646431,high_flow,6893620.csv
6893620,2022-10-01,nighttime,6,0.9269075840282424,0.00781850374620982,0.38907484268308656,835.5703125,0.0983216283775741,0.0980438836646431,high_flow,6893620.csv
6893620,2022-10-02,daytime,6,0.8080491032321758,0.05173149067293874,0.3476771888028587,828.9375,0.0990358290679681,0.098690632067611,high_flow,6893620.csv
6893620,2022-10-02,nighttime,6,0.9298360799590094,0.00721175587744737,0.4857586742620388,828.9375,0.0990358290679681,0.098690632067611,high_flow,6893620.csv
6893620,2022-10-03,daytime,6,0.8292792007590839,0.0412305076202017,0.3807545196885048,822.109375,0.1004047137245566,0.0992619926199262,high_flow,6893620.csv
6893620,2022-10-03,nighttime,6,0.9006872398758909,0.01430477440083577,0.29599551946233427,822.109375,0.1004047137245566,0.0992619926199262,high_flow,6893620.csv
6893620,2022-10-04,daytime,6,0.9077781945861476,0.01236512525442068,0.7335554271339673,815.9140625,0.1015355314843471,0.0996111574018966,high_flow,6893620.csv
6893620,2022-10-04,nighttime,6,0.8899359039936218,0.01750449382403526,0.3907410606322302,815.9140625,0.1015355314843471,0.0996111574018966,high_flow,6893620.csv
6893620,2022-10-05,daytime,6,0.9008828218449098,0.01424944827367839,0.6585049456786141,811.390625,0.1023092488989406,0.0994127683212316,high_flow,6893620.csv
6893620,2022-10-05,nighttime,6,0.9243604209372008,0.0083656387826353,0.5018656716417883,811.390625,0.1023092488989406,0.0994127683212316,high_flow,6893620.csv
6893620,2022-10-06,daytime,6,0.8845000837177633,0.01923994822952814,0.637794284275464,809.9765625,0.1024877990715391,0.0990437646311947,high_flow,6893620.csv
6893620,2022-10-06,nighttime,6,0.9588862459509878,0.00250076303062443,0.18866604477611948,809.9765625,0.1024877990715391,0.0990437646311947,high_flow,6893620.csv
6893620,2022-10-07,daytime,6,0.961530360532558,0.00219140387826378,0.6019417475728186,811.875,0.1022497321747411,0.0984763718604928,high_flow,6893620.csv
6893620,2022-10-07,nighttime,6,0.8900866787569808,0.01745747926009239,0.14641434262948275,811.875,0.1022497321747411,0.0984763718604928,high_flow,6893620.csv
6893620,2022-10-08,daytime,6,0.8155473906351843,0.04789635375184596,0.4339244453105411,816.640625,0.1014164980359481,0.0977661389517121,high_flow,6893620.csv
6893620,2022-10-08,nighttime,6,-0.5791638455469195,0.22838891611451,-0.05822377247115552,816.640625,0.1014164980359481,0.0977661389517121,high_flow,6893620.csv
6893620,2022-10-09,daytime,6,0.62999943912999,0.18002400739135171,0.3372065910150781,823.5234375,0.0999880966551601,0.0972106495258501,high_flow,6893620.csv
6893620,2022-10-09,nighttime,6,-0.47182524615955673,0.3447807778401571,-0.13718411552345688,823.5234375,0.0999880966551601,0.0972106495258501,high_flow,6893620.csv
6893620,2022-10-10,daytime,6,0.3490316402662433,0.49771259534883344,0.24603042261871935,827.7421875,0.0993334126889656,0.0969527437209856,high_flow,6893620.csv
6893620,2022-10-10,nighttime,6,0.9844752146804948,3.596575550252066e-4,0.3057386272303522,827.7421875,0.0993334126889656,0.0969527437209856,high_flow,6893620.csv
6893620,2022-10-11,daytime,6,0.1788592575255262,0.7345720242344471,0.1320821114369487,827.09375,0.0995119628615641,0.0968337102725866,high_flow,6893620.csv
6893620,2022-10-11,nighttime,6,0.47544383656928785,0.34057053398471876,1.7499999999999818,827.09375,0.0995119628615641,0.0968337102725866,high_flow,6893620.csv
6893620,2022-10-12,daytime,6,0.07726054479988285,0.8843397743047517,0.07888812763041583,854.7734375,0.0933817402690156,0.0967424512954807,high_flow,6893620.csv
6893620,2022-10-12,nighttime,6,-0.44150485850187654,0.38077321949549386,-0.36504424778760947,854.7734375,0.0933817402690156,0.0967424512954807,high_flow,6893620.csv
6893620,2022-10-14,daytime,6,0.7811637908717545,0.06659397468881197,0.19355253018237695,872.703125,0.08826330198785859,0.0965599333412689,high_flow,6893620.csv
6893620,2022-10-14,nighttime,6,0.7144497649540148,0.1106666738272126,0.11229646266142994,872.703125,0.08826330198785859,0.0965599333412689,high_flow,6893620.csv
6893620,2022-10-15,daytime,6,0.8806712760454464,0.02050943514468184,0.4648746588380988,880.25,0.08713248422806809,0.096508352180296,high_flow,6893620.csv
6893620,2022-10-15,nighttime,6,0.7114100543983849,0.11290874992741189,0.09652622077279406,880.25,0.08713248422806809,0.096508352180296,high_flow,6893620.csv
6893620,2022-10-16,daytime,6,0.9715687317415932,0.00120101449891702,0.7439940207139538,867.453125,0.08998928698964409,0.096548029996429,high_flow,6893620.csv
6893620,2022-10-16,nighttime,6,0.972236659957668,0.00114550454186357,0.47142857142856937,867.453125,0.08998928698964409,0.096548029996429,high_flow,6893620.csv
6893620,2022-10-17,daytime,6,0.9635870917926002,0.00196470989079444,0.5505534368895891,848.5390625,0.0951672419950006,0.0967226123874142,high_flow,6893620.csv
6893620,2022-10-17,nighttime,6,-0.17865552261959472,0.7348678613120136,-0.02127853050831779,848.5390625,0.0951672419950006,0.0967226123874142,high_flow,6893620.csv
6893620,2022-10-18,daytime,6,0.9759266626457818,8.623127997625069e-4,0.3474164874869755,832.7734375,0.0986192119985716,0.095437051144705,high_flow,6893620.csv
6893620,2022-10-18,nighttime,6,-0.9543760946049732,0.00307482710626301,-0.3256078634247224,832.7734375,0.0986192119985716,0.095437051144705,high_flow,6893620.csv
6893620,2022-10-19,daytime,6,0.8609191716424189,0.02767006183546005,0.17809894698364875,822.96875,0.1001666468277586,0.0944292346149268,high_flow,6893620.csv
6893620,2022-10-19,nighttime,6,-0.9767517725329808,8.044375186126235e-4,-0.365405938154489,822.96875,0.1001666468277586,0.0944292346149268,high_flow,6893620.csv
6893620,2022-10-20,daytime,6,0.6826168046391631,0.13511280231833156,0.116541914007253,819.1796875,0.1008808475181526,0.0943617823275007,high_flow,6893620.csv
6893620,2022-10-20,nighttime,6,-0.788814465428699,0.06218962834317863,-0.1744565217391243,819.1796875,0.1008808475181526,0.0943617823275007,high_flow,6893620.csv
6893620,2022-10-21,daytime,6,0.0301847780039668,0.9547365839839406,0.00488153351589412,818.109375,0.10117843113915012,0.0948379161210967,high_flow,6893620.csv
6893620,2022-10-21,nighttime,6,0.6762522260005747,0.1402525053590256,0.5487804878048773,818.109375,0.10117843113915012,0.0948379161210967,high_flow,6893620.csv
6893620,2022-10-22,daytime,6,-0.2732503733165727,0.6003256643125985,-0.02763173982149473,816.484375,0.1014760147601476,0.0956433757885966,high_flow,6893620.csv
6893620,2022-10-22,nighttime,6,0.9906275067566296,1.313537874830975e-4,1.06999999999999,816.484375,0.1014760147601476,0.0956433757885966,high_flow,6893620.csv
6893620,2022-10-23,daytime,6,0.26403476676863136,0.6131513569827902,0.07448469308804093,813.3671875,0.1020116652779431,0.0966115145022418,high_flow,6893620.csv
6893620,2022-10-23,nighttime,6,0.01350242221424916,0.979747597528418,0.00273473108478328,813.3671875,0.1020116652779431,0.0966115145022418,high_flow,6893620.csv
6893620,2022-10-24,daytime,6,0.3687884666840829,0.4718958253545014,1.071658245291685,809.59375,0.1026068325199381,0.09743284529619488,high_flow,6893620.csv
6893620,2022-10-24,nighttime,6,1.6792236506552741e-16,0.9999999999999998,-3.4634516275542228e-15,809.59375,0.1026068325199381,0.09743284529619488,high_flow,6893620.csv
6893620,2022-10-25,daytime,6,0.6528905280754603,0.15981673840377503,0.4510489510489464,916.796875,0.08004999404832758,0.0979407213426973,high_flow,6893620.csv
6893620,2022-10-25,nighttime,6,0.9985228266411438,3.2714500716577064e-6,0.854278074866307,916.796875,0.08004999404832758,0.0979407213426973,high_flow,6893620.csv
6893620,2022-10-26,daytime,6,0.9761615587185032,8.456335732943798e-4,0.2988091507364436,893.8515625,0.08439471491489109,0.0982422727453081,high_flow,6893620.csv
6893620,2022-10-26,nighttime,6,-0.6319221392771787,0.1782881316690205,-0.03099787685774778,893.8515625,0.08439471491489109,0.0982422727453081,high_flow,6893620.csv
6893620,2022-10-27,daytime,6,0.9304126477484322,0.00709511450695184,0.6234439834024892,858.8203125,0.0923699559576241,0.0985041463317859,high_flow,6893620.csv
6893620,2022-10-27,nighttime,6,0.9086614773794326,0.01213308245106597,0.2165680473372791,858.8203125,0.0923699559576241,0.0985041463317859,high_flow,6893620.csv
6893620,2022-10-28,daytime,6,0.8005065763052557,0.05572675680362426,0.1955605265422,836.09375,0.0982621116533746,0.0987739554814903,high_flow,6893620.csv
6893620,2022-10-28,nighttime,6,0.5673689220651305,0.24026677076212327,0.04804589458587696,836.09375,0.0982621116533746,0.0987739554814903,high_flow,6893620.csv
6893620,2022-10-30,daytime,6,-0.3813276003172214,0.455733163560724,-0.402702702702714,815.1484375,0.1016545649327461,0.09348093480934808,high_flow,6893620.csv
6893620,2022-10-30,nighttime,6,0.968474709226498,0.00147510032764547,0.4791666666666595,815.1484375,0.1016545649327461,0.09348093480934808,high_flow,6893620.csv
6893620,2022-10-31,daytime,6,0.8407090778641965,0.03603950491061603,0.47333160602583496,811.390625,0.1023092488989406,0.0913740427726858,high_flow,6893620.csv
6893620,2022-10-31,nighttime,6,0.9123082764091004,0.01119758998839715,0.29749103942652533,811.390625,0.1023092488989406,0.0913740427726858,high_flow,6893620.csv
6893620,2022-11-01,daytime,6,0.890759991320311,0.01724826800462875,0.348732952668586,809,0.1027853826925366,0.0898623179780185,high_flow,6893620.csv
6893620,2022-11-01,nighttime,6,-0.10953766561086686,0.8363506454343836,-0.00599925009373725,809,0.1027853826925366,0.0898623179780185,high_flow,6893620.csv
6893620,2022-11-02,daytime,6,0.6842102477562867,0.13383897423504076,0.26627218934911184,805.5,0.1031424830377336,0.0903146450819347,high_flow,6893620.csv
6893620,2022-11-02,nighttime,6,0.7845247679088933,0.06464215167310605,0.2587664089192619,805.5,0.1031424830377336,0.0903146450819347,high_flow,6893620.csv
6893620,2022-11-03,daytime,6,0.2019426791921736,0.7012036778298412,0.08897082398204398,800.8125,0.1040947506249256,0.09071142324326469,high_flow,6893620.csv
6893620,2022-11-03,nighttime,6,0.9433518887001306,0.00472262063503638,0.5048543689320393,800.8125,0.1040947506249256,0.09071142324326469,high_flow,6893620.csv
6893620,2022-11-04,daytime,6,-0.8911091829905382,0.01714024439972749,-0.9298852736505516,796.1328125,0.1049279847637186,0.090517001944213,high_flow,6893620.csv
6893620,2022-11-04,nighttime,6,0.6472809832991214,0.16467504639174443,2.0862068965516043,796.1328125,0.1049279847637186,0.090517001944213,high_flow,6893620.csv
6893620,2022-11-05,daytime,6,0.7543451718863197,0.08310726255271413,0.5031237797735286,1036.71875,0.06398047851446256,0.08973931674800618,high_flow,6893620.csv
6893620,2022-11-05,nighttime,6,-0.9185902915780602,0.00967153786308594,-32.920000000000925,1036.71875,0.06398047851446256,0.08973931674800618,high_flow,6893620.csv
6893620,2022-11-09,daytime,6,-0.7298153177427835,0.09963793496812123,-0.45445965077867073,881.9609375,0.08683490060707058,0.08833868983851129,high_flow,6893620.csv
6893620,2022-11-09,nighttime,6,-0.6598309569790531,0.15389114010890578,-0.6264367816091699,881.9609375,0.08683490060707058,0.08833868983851129,high_flow,6893620.csv
6893620,2022-11-10,daytime,6,0.9815195226414508,5.091362644630938e-4,0.5287604644882523,865.90625,0.09034638733484109,0.08804110621751379,high_flow,6893620.csv
6893620,2022-11-10,nighttime,6,-0.9304945880814488,0.00707861302701838,-1.2340425531915324,865.90625,0.09034638733484109,0.08804110621751379,high_flow,6893620.csv
6893620,2022-11-11,daytime,6,0.8555625386643654,0.02978663017993904,0.304506699147385,869.1796875,0.08945363647184859,0.08770781256199658,high_flow,6893620.csv
6893620,2022-11-11,nighttime,6,NA,NA,3.347052198179738e-15,869.1796875,0.08945363647184859,0.08770781256199658,high_flow,6893620.csv
6893620,2022-11-12,daytime,6,0.6129520595223805,0.19571808951164912,0.71874999999996525,883,0.08659683371027259,0.08736261556163949,high_flow,6893620.csv
6893620,2022-11-12,nighttime,6,-0.993977594340922,5.429484045440702e-5,-0.2394603709949389,883,0.08659683371027259,0.08736261556163949,high_flow,6893620.csv
6893620,2022-11-14,daytime,6,-0.6612238502049501,0.15271337216426725,-0.7167235494880607,842.0625,0.0970122604451851,0.0925643772566758,high_flow,6893620.csv
6893620,2022-11-14,nighttime,6,-0.09037128496932248,0.8648121022940762,-0.06896551724135633,842.0625,0.0970122604451851,0.0925643772566758,high_flow,6893620.csv
6893620,2022-11-15,daytime,6,0.3422542320972207,0.5066641330241349,0.3388429752065942,830.421875,0.09891679561956908,0.0946593659484982,high_flow,6893620.csv
6893620,2022-11-15,nighttime,6,0.2548235957188136,0.6260380997892736,0.2597402597402704,830.421875,0.09891679561956908,0.0946593659484982,high_flow,6893620.csv
6893620,2022-11-16,daytime,6,0.8147883221029006,0.04827835649131341,0.3872633390705678,833.40625,0.0985596952743721,0.0961591873983256,high_flow,6893620.csv
6893620,2022-11-16,nighttime,6,-0.5448916052360883,0.26355362031825896,-0.12630844382413564,833.40625,0.0985596952743721,0.0961591873983256,high_flow,6893620.csv
6893620,2022-11-17,daytime,6,-0.03629642128207249,0.9455792770776272,-0.03415559772297276,831.8046875,0.0986787287227711,0.0972304884339166,high_flow,6893620.csv
6893620,2022-11-17,nighttime,6,-0.9784557441318952,6.912325047453954e-4,-0.4185248713550495,831.8046875,0.0986787287227711,0.0972304884339166,high_flow,6893620.csv
6893620,2022-11-18,daytime,6,0.7232192019407424,0.10430965752074896,0.5614161849711004,828.8046875,0.0990953457921676,0.0980994326072293,high_flow,6893620.csv
6893620,2022-11-18,nighttime,6,-0.9683645690121018,0.00148537036320813,-0.4263628966639506,828.8046875,0.0990953457921676,0.0980994326072293,high_flow,6893620.csv
6893620,2022-11-19,daytime,6,0.79803717357977,0.05706454571091287,0.7288135593220245,825.7421875,0.0997500297583621,0.0990556679760346,high_flow,6893620.csv
6893620,2022-11-19,nighttime,6,-0.9683827781884276,0.00148367001504404,-0.5049504950494983,825.7421875,0.0997500297583621,0.0990556679760346,high_flow,6893620.csv
6893620,2022-11-20,daytime,6,0.14775966124832843,0.7799735203738639,0.17825934987765918,822.328125,0.1002856802761576,0.1002340991151847,high_flow,6893620.csv
6893620,2022-11-20,nighttime,6,-0.968924368731082,0.00143353749946803,-0.5374625374625426,822.328125,0.1002856802761576,0.1002340991151847,high_flow,6893620.csv
6893620,2022-11-21,daytime,6,0.11112372803411942,0.8340005126783168,0.12287768000991572,818.46875,0.1009998809665516,0.1000595167241995,high_flow,6893620.csv
6893620,2022-11-21,nighttime,6,-0.8869685939836245,0.01844209791672369,-0.34090909090907695,818.46875,0.1009998809665516,0.1000595167241995,high_flow,6893620.csv
6893620,2022-11-22,daytime,6,-0.02152626536115832,0.9677155893797648,-0.02500000000000224,814.4609375,0.1018331151053446,0.0998293853906281,high_flow,6893620.csv
6893620,2022-11-22,nighttime,6,-0.9549543178071394,0.00299796882575859,-0.32359081419623337,814.4609375,0.1018331151053446,0.0998293853906281,high_flow,6893620.csv
6893620,2022-11-23,daytime,6,-0.4470522416961896,0.3740946083273232,-0.6577755410166165,811.078125,0.1024282823473396,0.0998254176090148,high_flow,6893620.csv
6893620,2022-11-23,nighttime,6,0.7125253031944256,0.11208385294233128,0.1538461538461928,811.078125,0.1024282823473396,0.0998254176090148,high_flow,6893620.csv
6893620,2022-11-24,daytime,6,0.21066835781302404,0.6886723160102564,0.6663872590108986,807.7109375,0.1029044161409356,0.1000079355632266,high_flow,6893620.csv
6893620,2022-11-24,nighttime,6,-0.9626876568033416,0.00206234310576354,-1.4050991501416663,807.7109375,0.1029044161409356,0.1000079355632266,high_flow,6893620.csv
6893620,2022-11-25,daytime,6,0.3550196711770487,0.4898436495306158,0.5479115479115447,804.5078125,0.1033805499345316,0.100277744712931,high_flow,6893620.csv
6893620,2022-11-25,nighttime,6,-0.880860704302816,0.02044571585444095,-0.12414649286157305,804.5078125,0.1033805499345316,0.100277744712931,high_flow,6893620.csv
6893620,2022-11-26,daytime,6,-0.6388398229264594,0.17210074420593033,-1.282608695652177,801.8359375,0.1037971670039281,0.1005991350236083,high_flow,6893620.csv
6893620,2022-11-26,nighttime,6,NA,NA,-0,801.8359375,0.1037971670039281,0.1005991350236083,high_flow,6893620.csv
6893620,2022-11-27,daytime,6,0.09007208651535484,0.8652572467798394,0.02884615384613909,799.859375,0.1042733007975241,0.1009562353688053,high_flow,6893620.csv
6893620,2022-11-27,nighttime,6,0.2770156460589077,0.5951052982730354,0.02765321375186761,799.859375,0.1042733007975241,0.1009562353688053,high_flow,6893620.csv
6893620,2022-11-28,daytime,6,-0.06490992391394808,0.902771856562603,-0.05529953917052183,870.3984375,0.08897750267825259,0.1013173034956156,high_flow,6893620.csv
6893620,2022-11-28,nighttime,6,-0.8242145032296999,0.04363487784809958,-0.08568120416827313,870.3984375,0.08897750267825259,0.1013173034956156,high_flow,6893620.csv
6893620,2022-11-29,daytime,6,0.9757746370722772,8.731937657931897e-4,0.982142857142859,854.375,0.0935602904416141,0.1016625004959727,high_flow,6893620.csv
6893620,2022-11-29,nighttime,6,-0.9968464679024752,1.4901466467852468e-5,-1.5049088359046332,854.375,0.0935602904416141,0.1016625004959727,high_flow,6893620.csv
6893620,2022-11-30,daytime,6,0.9906245491348638,1.3143657163910185e-4,0.7600806451612908,830.6015625,0.0988572788953696,0.10195611633535692,high_flow,6893620.csv
6893620,2022-11-30,nighttime,6,-0.9239109609766544,0.00846405245100707,-0.12360360360360152,830.6015625,0.0988572788953696,0.10195611633535692,high_flow,6893620.csv
6893620,2022-12-01,daytime,6,-0.28205525385290836,0.5881365955232338,-0.4812218327491324,817.65625,0.1012974645875491,0.1021902154505416,high_flow,6893620.csv
6893620,2022-12-01,nighttime,6,-0.9684403679783532,0.00147829869957643,-0.4811715481171502,817.65625,0.1012974645875491,0.1021902154505416,high_flow,6893620.csv
6893620,2022-12-02,daytime,6,-0.7422049661404477,0.09112111201923316,-1.06405042700285,809.5546875,0.1027258659683371,0.10238066896798,high_flow,6893620.csv
6893620,2022-12-02,nighttime,6,-0.8238525545716351,0.04380913915102114,-0.5882352941176642,809.5546875,0.1027258659683371,0.10238066896798,high_flow,6893620.csv
6893620,2022-12-03,daytime,6,0.7515399434951324,0.08492958176146458,1.882096069868998,801.546875,0.1039162004523271,0.1025076379796056,high_flow,6893620.csv
6893620,2022-12-03,nighttime,6,-0.9873862293408692,2.3765734443162673e-4,-0.3208288967155333,801.546875,0.1039162004523271,0.1025076379796056,high_flow,6893620.csv
6893620,2022-12-04,daytime,6,-0.00298010487853108,0.9955298559153964,-0.00673696543639494,795.4765625,0.10510653493631712,0.10255128357735192,high_flow,6893620.csv
6893620,2022-12-04,nighttime,6,-0.6887917117281733,0.13020554351555527,-0.5050426687354478,795.4765625,0.10510653493631712,0.10255128357735192,high_flow,6893620.csv
6893620,2022-12-05,daytime,6,-0.17947012223267442,0.7336851403251303,-0.31425015556938857,792.2265625,0.10570170217831212,0.1025592191405785,high_flow,6893620.csv
6893620,2022-12-05,nighttime,6,-0.7261932421315909,0.10219154540685314,-0.27027027027025863,792.2265625,0.10570170217831212,0.1025592191405785,high_flow,6893620.csv
6893620,2022-12-06,daytime,6,-0.8150789725256428,0.0481319196248663,-2.5245441795231662,790.609375,0.10617783597190812,0.1036186168313296,high_flow,6893620.csv
6893620,2022-12-06,nighttime,6,-0.5965587590013129,0.2113142289085612,-0.18333333333332336,790.609375,0.10617783597190812,0.1036186168313296,high_flow,6893620.csv
6893620,2022-12-07,daytime,6,-0.40594179715462153,0.42453462344466875,-1.4389027431421744,790.453125,0.1062373526961076,0.1030631274054676,high_flow,6893620.csv
6893620,2022-12-07,nighttime,6,0.9135002783911402,0.01089969856959347,0.879999999999988,790.453125,0.1062373526961076,0.1030631274054676,high_flow,6893620.csv
6893620,2022-12-08,daytime,6,-0.8207318073518434,0.0453250487799212,-6.387323943662114,790.8984375,0.1059397690751101,0.1018450184501845,high_flow,6893620.csv
6893620,2022-12-08,nighttime,6,-0.7520710469952328,0.08458320524109635,-0.3393665158371212,790.8984375,0.1059397690751101,0.1018450184501845,high_flow,6893620.csv
6893620,2022-12-09,daytime,6,0.8411227384807723,0.03585778767705747,6.575471698113258,792.0078125,0.1057612189025116,0.1004840693568226,high_flow,6893620.csv
6893620,2022-12-09,nighttime,6,-0.9633900802991724,0.00198589544529724,-0.197183098591546,792.0078125,0.1057612189025116,0.1004840693568226,high_flow,6893620.csv
6893620,2022-12-10,daytime,6,0.13003029041874797,0.8060538324129216,1.1249999999999745,795.078125,0.1052850851089156,0.0993373804705789,high_flow,6893620.csv
6893620,2022-12-10,nighttime,6,-0.3910769444375189,0.44329046733011984,-0.05882352941176813,795.078125,0.1052850851089156,0.0993373804705789,high_flow,6893620.csv
6893620,2022-12-11,daytime,6,0.704256860287593,0.11826256735145838,3.233082706766914,798.828125,0.1044518509701226,0.0982740149982145,high_flow,6893620.csv
6893620,2022-12-11,nighttime,6,-0.08211446413277293,0.8771051438983842,-0.00943989930772751,798.828125,0.1044518509701226,0.0982740149982145,high_flow,6893620.csv
6893620,2022-12-12,daytime,6,0.12364589469975049,0.8154763261661735,0.325301204819269,799.453125,0.1043923342459231,0.09727413403166288,high_flow,6893620.csv
6893620,2022-12-12,nighttime,6,-0.8839916156110247,0.01940630063007114,-2.60800000000003,799.453125,0.1043923342459231,0.09727413403166288,high_flow,6893620.csv
6893620,2022-12-13,daytime,6,-0.9631841702342856,0.00200815779622014,-0.47069188300247344,796.828125,0.1048684680395191,0.0963417053525374,high_flow,6893620.csv
6893620,2022-12-13,nighttime,6,-0.8873259419041242,0.0183279414899014,-0.8962216624685128,796.828125,0.1048684680395191,0.0963417053525374,high_flow,6893620.csv
6893620,2022-12-14,daytime,6,0.7592918400116833,0.07993726169027841,3.269230769230869,889.4140625,0.08522794905368408,0.0955322779034242,high_flow,6893620.csv
6893620,2022-12-14,nighttime,6,-0.9849802525909296,3.3669504481990465e-4,-0.2729676140118933,889.4140625,0.08522794905368408,0.0955322779034242,high_flow,6893620.csv
6893620,2022-12-15,daytime,6,0.15062370331391653,0.7757730826635924,0.6874999999999629,914.125,0.08058564456612308,0.0948855295004563,high_flow,6893620.csv
6893620,2022-12-15,nighttime,6,0.9956724823993444,2.8050591280844057e-5,0.6338863103717595,914.125,0.08058564456612308,0.0948855295004563,high_flow,6893620.csv
6893620,2022-12-16,daytime,6,0.6872555689816815,0.13141899629852416,1.7611940298507345,911.828125,0.08088322818712058,0.0943855890171805,high_flow,6893620.csv
6893620,2022-12-16,nighttime,6,0.985313129693288,3.2197222960235456e-4,0.3811619718309849,911.828125,0.08088322818712058,0.0943855890171805,high_flow,6893620.csv
6893620,2022-12-17,daytime,6,0.8422332093409353,0.03537210422599071,1.2005076142131863,888.65625,0.08552553267468159,0.09398087529262387,high_flow,6893620.csv
6893620,2022-12-17,nighttime,6,0.9220675838903358,0.00887353245736519,0.8828125000000197,888.65625,0.08552553267468159,0.09398087529262387,high_flow,6893620.csv
6893620,2022-12-18,daytime,6,0.4120300827875714,0.4169297999369708,0.6530612244898131,874.71875,0.08796571836686108,0.09371106614291948,high_flow,6893620.csv
6893620,2022-12-18,nighttime,6,0.8444407432001206,0.03441585904121258,0.48148148148150743,874.71875,0.08796571836686108,0.09371106614291948,high_flow,6893620.csv
6893620,2022-12-19,daytime,6,-0.5483185652266385,0.2599490312136238,-1.5075921908894117,867.0625,0.0901083204380431,0.0935840971312939,high_flow,6893620.csv
6893620,2022-12-19,nighttime,6,0.2608744993961693,0.6175652237310896,0.8514851485148727,867.0625,0.0901083204380431,0.0935840971312939,high_flow,6893620.csv
6893620,2022-12-20,daytime,6,0.7488516282027754,0.08669260183722423,2.8479999999999803,860.734375,0.0917152719914296,0.0935404515335476,high_flow,6893620.csv
6893620,2022-12-20,nighttime,6,0.8619630677677722,0.02726620070161006,0.620060790273573,860.734375,0.0917152719914296,0.0935404515335476,high_flow,6893620.csv
6893620,2022-12-21,daytime,6,-0.6988627201545552,0.12237137642200242,-2.2583160083160947,852.5546875,0.0940364242352101,0.093572193786454,high_flow,6893620.csv
6893620,2022-12-21,nighttime,6,0.9555330859059092,0.00292199731557304,1.0000000000000215,852.5546875,0.0940364242352101,0.093572193786454,high_flow,6893620.csv
6893620,2022-12-22,daytime,6,0.9243423668221072,0.00836958111081824,3.3546910755148738,843.4453125,0.0965361266515891,0.0948617228107765,high_flow,6893620.csv
6893620,2022-12-22,nighttime,6,-0.28505876533270436,0.5839935757985815,-0.03141084862082088,843.4453125,0.0965361266515891,0.0948617228107765,high_flow,6893620.csv
6893620,2022-12-23,daytime,6,0.7749683227767898,0.07026116530301994,8.324675324675285,834.6171875,0.0984406618259731,0.0963853509502837,high_flow,6893620.csv
6893620,2022-12-23,nighttime,6,NA,NA,NA,834.6171875,0.0984406618259731,0.0963853509502837,high_flow,6893620.csv
6893620,2022-12-24,daytime,6,0.7451673738657982,0.08913512802910126,4.5689655172413755,826.3671875,0.0996905130341626,0.0978653334920446,high_flow,6893620.csv
6893620,2022-12-24,nighttime,6,0.799949595186293,0.05602722164811201,1.4838709677419646,826.3671875,0.0996905130341626,0.0978653334920446,high_flow,6893620.csv
6893620,2022-12-25,daytime,6,-0.27663047842533645,0.595638776040357,-3.050000000000058,818.0625,0.1012379478633496,0.0991191524818474,high_flow,6893620.csv
6893620,2022-12-25,nighttime,6,NA,NA,NA,818.0625,0.1012379478633496,0.0991191524818474,high_flow,6893620.csv
6893620,2022-12-26,daytime,6,0.7654110895000834,0.07609299198491751,6.119047619047705,809.8203125,0.1025473157957386,0.1002817124945443,high_flow,6893620.csv
6893620,2022-12-26,nighttime,6,-0.9768077496034184,8.005833883166952e-4,-3.3191489361702264,809.8203125,0.1025473157957386,0.1002817124945443,high_flow,6893620.csv
6893620,2022-12-27,daytime,6,-0.1969673295118873,0.708369790684097,-1.0666666666668725,802.03125,0.1037376502797286,0.1012538189898028,high_flow,6893620.csv
6893620,2022-12-27,nighttime,6,-0.6868028197434469,0.13177756749413388,-1.698113207547162,802.03125,0.1037376502797286,0.1012538189898028,high_flow,6893620.csv
6893620,2022-12-28,daytime,6,0.7801872854360428,0.06716602957687949,1.796428571428558,794.859375,0.1053446018331151,0.1016228226798397,high_flow,6893620.csv
6893620,2022-12-28,nighttime,6,-0.9285714285714288,0.00747084548104951,-1.857142857142883,794.859375,0.1053446018331151,0.1016228226798397,high_flow,6893620.csv
6893620,2022-12-29,daytime,6,0.8545205219513237,0.03020693370282117,0.8700787401574741,798.0625,0.1045708844185216,0.1013688846565885,high_flow,6893620.csv
6893620,2022-12-29,nighttime,6,0.9443312586806364,0.00456225418161758,1.441382531527329,798.0625,0.1045708844185216,0.1013688846565885,high_flow,6893620.csv
6893620,2022-12-30,daytime,6,0.787922193508137,0.06269618268178481,1.0902934537246085,804.140625,0.10344006665873112,0.1009046542078324,high_flow,6893620.csv
6893620,2022-12-30,nighttime,6,0.9378972605064476,0.00566536800079146,1.0137931034482823,804.140625,0.10344006665873112,0.1009046542078324,high_flow,6893620.csv
6893620,2022-12-31,daytime,6,0.16200520443071842,0.759118162238124,0.17085427135677683,806.0234375,0.1030829663135341,0.1006229417132881,high_flow,6893620.csv
6893620,2022-12-31,nighttime,6,-0.8224968765501549,0.04446471094929136,-0.6157894736841776,806.0234375,0.1030829663135341,0.1006229417132881,high_flow,6893620.csv
6893620,2023-01-01,daytime,6,0.17593699475583138,0.7388174694384533,0.2652674767239764,799.8203125,0.1043328175217236,0.1005078760465024,high_flow,6893620.csv
6893620,2023-01-01,nighttime,6,-0.7292928985449745,0.10000447794944307,-0.16923076923074867,799.8203125,0.1043328175217236,0.1005078760465024,high_flow,6893620.csv
6893620,2023-01-02,daytime,6,-0.838599797749695,0.03697279825473063,-1.0099299065420593,794.328125,0.1054041185573146,0.1003769392532635,high_flow,6893620.csv
6893620,2023-01-02,nighttime,6,-0.5037927218598781,0.3082440037406242,-0.20304568527915143,794.328125,0.1054041185573146,0.1003769392532635,high_flow,6893620.csv
6893620,2023-01-03,daytime,6,0.829801565037262,0.04098614869511572,0.375796178343952,797.765625,0.1046899178669206,0.1002460024600246,high_flow,6893620.csv
6893620,2023-01-03,nighttime,6,-0.975731219496135,8.763137239065459e-4,-0.7868150684931566,797.765625,0.1046899178669206,0.1002460024600246,high_flow,6893620.csv
6893620,2023-01-04,daytime,6,0.7008058115921504,0.12088423619256272,0.928571428571417,841.4765625,0.09725032734198308,0.1000476133793596,high_flow,6893620.csv
6893620,2023-01-04,nighttime,6,0.7896257129578285,0.06173070773009739,0.10751660293822536,841.4765625,0.09725032734198308,0.1000476133793596,high_flow,6893620.csv
6893620,2023-01-05,daytime,6,0.9680534029485104,0.00151457548487043,1.2572674418604608,866.734375,0.0902273538864421,0.0997024163790025,high_flow,6893620.csv
6893620,2023-01-05,nighttime,6,0.9038446143312532,0.01342426775945989,0.27385892116183563,866.734375,0.0902273538864421,0.0997024163790025,high_flow,6893620.csv
6893620,2023-01-06,daytime,6,0.735638160379718,0.09559302133872662,0.6321644042232236,868.71875,0.0895726699202476,0.0993849938499385,high_flow,6893620.csv
6893620,2023-01-06,nighttime,6,0.9503082822685622,0.00364254916196091,0.2934742075823515,868.71875,0.0895726699202476,0.0993849938499385,high_flow,6893620.csv
6893620,2023-01-07,daytime,6,0.7295812531480326,0.09980208695219156,2.052197802197776,852.21875,0.0942149744078086,0.0991985081141134,high_flow,6893620.csv
6893620,2023-01-07,nighttime,6,0.924042634524598,0.00843516323328742,1.8281249999999871,852.21875,0.0942149744078086,0.0991985081141134,high_flow,6893620.csv
6893620,2023-01-08,daytime,6,0.5961660201042079,0.2116938219830117,0.5423139346162699,838.25,0.0979645280323771,0.09912312026346068,high_flow,6893620.csv
6893620,2023-01-08,nighttime,6,0.696640550694573,0.1240818099560653,0.1516587677725102,838.25,0.0979645280323771,0.09912312026346068,high_flow,6893620.csv
6893620,2023-01-09,daytime,6,-0.06391417741356321,0.9042592792924576,-0.04342903356247605,827.796875,0.0992738959647661,0.0990358290679681,high_flow,6893620.csv
6893620,2023-01-09,nighttime,6,-0.6804078560405667,0.1368872745962904,-0.0767328481593995,827.796875,0.0992738959647661,0.0990358290679681,high_flow,6893620.csv
6893620,2023-01-10,daytime,6,-0.14911357225753555,0.7779874011238135,-0.1693679092382589,820.9375,0.1005832638971551,0.09894060230924888,high_flow,6893620.csv
6893620,2023-01-10,nighttime,6,-0.8415380400374481,0.03567578395324895,-0.2189973614775752,820.9375,0.1005832638971551,0.09894060230924888,high_flow,6893620.csv
6893620,2023-01-11,daytime,6,-0.19236240634762325,0.7150154119492101,-0.2749263451698026,819.921875,0.1007618140697536,0.0989604412173154,high_flow,6893620.csv
6893620,2023-01-11,nighttime,6,-0.7448478051647112,0.0893484227284381,-0.19748358862144264,819.921875,0.1007618140697536,0.0989604412173154,high_flow,6893620.csv
6893620,2023-01-12,daytime,6,0.5802508283421821,0.22730638021200789,0.8459715639810509,822.96875,0.1001666468277586,0.099087410228941,high_flow,6893620.csv
6893620,2023-01-12,nighttime,6,0.6389458746376369,0.17200659956831535,0.1908233276157825,822.96875,0.1001666468277586,0.099087410228941,high_flow,6893620.csv
6893620,2023-01-13,daytime,6,0.789561213920542,0.06176713764053177,1.0958141785627868,824.578125,0.0998095464825616,0.0992897670912193,high_flow,6893620.csv
6893620,2023-01-13,nighttime,6,0.04150486342486016,0.9377784541157324,0.00496765249538587,824.578125,0.0998095464825616,0.0992897670912193,high_flow,6893620.csv
6893620,2023-01-14,daytime,6,0.4292669965534676,0.3956500530216476,0.6915306915306917,820.515625,0.1006427806213546,0.0994008649763917,high_flow,6893620.csv
6893620,2023-01-14,nighttime,6,-0.3029464376199509,0.5594820321111,-0.08778625954197292,820.515625,0.1006427806213546,0.0994008649763917,high_flow,6893620.csv
6893620,2023-01-15,daytime,6,-0.5630071196118385,0.24471947916941617,-0.7307491338215588,813.671875,0.1019521485537436,0.0995595762409237,high_flow,6893620.csv
6893620,2023-01-15,nighttime,6,0.8475603154929157,0.03308560029262895,1.1006864988558402,813.671875,0.1019521485537436,0.0995595762409237,high_flow,6893620.csv
6893620,2023-01-16,daytime,6,0.39059152236272177,0.44390737707720146,1.097312809809548,806.703125,0.1030234495893346,0.0996984485973892,high_flow,6893620.csv
6893620,2023-01-16,nighttime,6,-0.999063623918252,1.3147897423527775e-6,-1.8012295081967316,806.703125,0.1030234495893346,0.0996984485973892,high_flow,6893620.csv
6893620,2023-01-17,daytime,6,0.3571142552818596,0.4871001131506445,0.881782945736427,801.46875,0.1039757171765266,0.0999365154941872,high_flow,6893620.csv
6893620,2023-01-17,nighttime,6,0.9321414036632092,0.00675094638293141,0.5804289544236036,801.46875,0.1039757171765266,0.0999365154941872,high_flow,6893620.csv
6893620,2023-01-18,daytime,6,0.5092956220010849,0.30210763330085727,0.3109718267288158,795.921875,0.1049875014879181,0.1002182279887315,high_flow,6893620.csv
6893620,2023-01-18,nighttime,6,0.9692608021417628,0.00140282471978302,2.3906250000000218,795.921875,0.1049875014879181,0.1002182279887315,high_flow,6893620.csv
6893620,2023-01-19,daytime,6,0.7006543332365569,0.1209998847736946,2.4641148325358393,828.03125,0.0991548625163671,0.1005872316787684,high_flow,6893620.csv
6893620,2023-01-19,nighttime,6,0.6575221131956825,0.15585184988530282,1.8999999999999675,828.03125,0.0991548625163671,0.1005872316787684,high_flow,6893620.csv
6893620,2023-01-20,daytime,6,0.8924474396063807,0.01672926988622049,0.9191176470588268,855.078125,0.0932627068206166,0.1010157520930048,high_flow,6893620.csv
6893620,2023-01-20,nighttime,6,0.7677808758957151,0.07462729048134782,0.3225806451613007,855.078125,0.0932627068206166,0.1010157520930048,high_flow,6893620.csv
6893620,2023-01-21,daytime,6,0.11918613774970611,0.822067332908212,0.28323699421962223,862.84375,0.0912391381978336,0.1014720469785343,high_flow,6893620.csv
6893620,2023-01-21,nighttime,6,0.7514866218750296,0.08496439233743637,0.1796874999999989,862.84375,0.0912391381978336,0.1014720469785343,high_flow,6893620.csv
6893620,2023-01-22,daytime,6,0.9585717701194408,0.0025388957477252,1.969142259414244,843.4375,0.0965956433757886,0.1018529540134111,high_flow,6893620.csv
6893620,2023-01-22,nighttime,6,-0.8592871574347217,0.02830709163131868,-1.3483870967741916,843.4375,0.0965956433757886,0.1018529540134111,high_flow,6893620.csv
6893620,2023-01-23,daytime,6,0.9018125951189628,0.01398784879517532,0.8581146223888796,823.125,0.1000476133793596,0.1017934372892116,high_flow,6893620.csv
6893620,2023-01-23,nighttime,6,0.9896631742065414,1.59722706476506e-4,1.9199999999999908,823.125,0.1000476133793596,0.1017934372892116,high_flow,6893620.csv
6893620,2023-01-24,daytime,6,-0.2236966930761173,0.6700518751899038,-0.37943262411349626,807.9375,0.10284489941673612,0.10158711264532,high_flow,6893620.csv
6893620,2023-01-24,nighttime,6,0.856563411136854,0.02938554640113031,0.3519108280255008,807.9375,0.10284489941673612,0.10158711264532,high_flow,6893620.csv
6893620,2023-01-25,daytime,6,-0.3271613491439193,0.5267667599095913,-0.4780876494023989,797,0.1048089513153196,0.1014403047256279,high_flow,6893620.csv
6893620,2023-01-25,nighttime,6,-0.8557709982409782,0.02970288121845857,-0.5378151260504069,797,0.1048089513153196,0.1014403047256279,high_flow,6893620.csv
6893620,2023-01-26,daytime,6,0.9629931410157954,0.00202892083027995,2.058935361216733,788.734375,0.10629686942030712,0.101349045748522,high_flow,6893620.csv
6893620,2023-01-26,nighttime,6,0.988481079235595,1.9826410627951484e-4,0.4223153366953596,788.734375,0.10629686942030712,0.101349045748522,high_flow,6893620.csv
6893620,2023-01-27,daytime,6,0.13832107674114363,0.7938416141227087,0.14044059795436334,783.015625,0.1065944530413046,0.1017775661627584,high_flow,6893620.csv
6893620,2023-01-27,nighttime,6,0.4572299568592123,0.3619491368567438,6.00000000000001,783.015625,0.1065944530413046,0.1017775661627584,high_flow,6893620.csv
6893620,2023-01-28,daytime,6,0.4783499941195263,0.3372027247563043,0.256109022556391,780.625,0.1066539697655041,0.102658413680911,high_flow,6893620.csv
6893620,2023-01-28,nighttime,6,0.9685869483597068,0.00146467083741631,4.034090909090922,780.625,0.1066539697655041,0.102658413680911,high_flow,6893620.csv
6893620,2023-01-29,daytime,6,0.6422154002975947,0.16911475861158007,0.8609022556390963,788.15625,0.1063563861445066,0.10369400468198232,high_flow,6893620.csv
6893620,2023-01-29,nighttime,6,0.9986667636679878,2.6650937489622285e-6,1.3562583349209418,788.15625,0.1063563861445066,0.10369400468198232,high_flow,6893620.csv
6893620,2023-01-30,daytime,6,0.6646663689673605,0.14981906008666918,1.336363636363627,818.25,0.1010593976907511,0.1043804309010832,high_flow,6893620.csv
6893620,2023-01-30,nighttime,6,-0.7794063199719019,0.0676251399173734,-0.9393103448275704,818.25,0.1010593976907511,0.1043804309010832,high_flow,6893620.csv
6893620,2023-01-31,daytime,6,0.3231330317976967,0.532170412990684,0.6282446106467078,824.3125,0.0999285799309606,0.1048446613498393,high_flow,6893620.csv
6893620,2023-01-31,nighttime,6,-0.9171832165430918,0.01000392502519226,-0.668341708542677,824.3125,0.0999285799309606,0.1048446613498393,high_flow,6893620.csv
6893620,2023-02-01,daytime,6,0.05517441655143809,0.9173223566003414,0.06757728253054707,814.734375,0.10177359838114512,0.105118438281157,high_flow,6893620.csv
6893620,2023-02-01,nighttime,6,0.03122713693144967,0.9531745199255616,0.01365187713312434,814.734375,0.10177359838114512,0.105118438281157,high_flow,6893620.csv
6893620,2023-02-02,daytime,6,0.46018018666934807,0.3584549336501467,0.6335781586171326,802.9375,0.1036186168313296,0.10520176169503632,high_flow,6893620.csv
6893620,2023-02-02,nighttime,6,-0.6138549109893355,0.19487337793727896,-0.27319294251564197,802.9375,0.1036186168313296,0.10520176169503632,high_flow,6893620.csv
6893620,2023-02-03,daytime,6,0.3705702852063912,0.46958836085027655,0.5987514188422274,793.34375,0.1055826687299131,0.1039162004523271,high_flow,6893620.csv
6893620,2023-02-03,nighttime,6,-0.840395779541248,0.03617742115380363,-0.28306655433865696,793.34375,0.1055826687299131,0.1039162004523271,high_flow,6893620.csv
6893620,2023-02-04,daytime,6,0.11891625793714132,0.8224664150387391,0.17135657286852665,785.109375,0.1064754195929056,0.1025869936118716,high_flow,6893620.csv
6893620,2023-02-04,nighttime,6,0.6610941066229034,0.15282291508652,0.3866171003718023,785.109375,0.1064754195929056,0.1025869936118716,high_flow,6893620.csv
6893620,2023-02-05,daytime,6,0.2789207627766588,0.5924684261052778,0.4009324009323992,778.84375,0.10677300321390312,0.101349045748522,high_flow,6893620.csv
6893620,2023-02-05,nighttime,6,0.05983589802048925,0.9103532692400186,0.02892427689312756,778.84375,0.10677300321390312,0.101349045748522,high_flow,6893620.csv
6893620,2023-02-06,daytime,6,-0.3157695403378556,0.5420884434919868,-0.3570447098615419,773.421875,0.10689203666230213,0.100714200690394,high_flow,6893620.csv
6893620,2023-02-06,nighttime,6,-0.6623969276723961,0.1517244557276825,-0.31298904538340744,773.421875,0.10689203666230213,0.100714200690394,high_flow,6893620.csv
6893620,2023-02-07,daytime,6,0.4928972319923803,0.3205282718287152,0.7341589816655915,769.140625,0.1070110701107011,0.1007895885410467,high_flow,6893620.csv
6893620,2023-02-07,nighttime,6,-0.9183384576976422,0.00973062685042943,-0.3704027714595793,769.140625,0.1070110701107011,0.1007895885410467,high_flow,6893620.csv
6893620,2023-02-08,daytime,6,-0.8471960398866923,0.03323966166973166,-4.114503816793939,771.5,0.1069515533865016,0.1008411697020196,high_flow,6893620.csv
6893620,2023-02-08,nighttime,6,-0.7597590270137768,0.07964074667457183,-0.07714184145039447,771.5,0.1069515533865016,0.1008411697020196,high_flow,6893620.csv
6893620,2023-02-09,daytime,6,-0.9464391164203398,0.00422632549362767,-0.3389312977099247,790.78125,0.1060588025235091,0.1005832638971551,high_flow,6893620.csv
6893620,2023-02-09,nighttime,6,0.01545158942563832,0.9768244604075134,0.0096241599601784,790.78125,0.1060588025235091,0.1005832638971551,high_flow,6893620.csv
6893620,2023-02-10,daytime,6,0.7800244504725798,0.06726163849186986,0.3628731343283466,880.5,0.08701345077966909,0.0997301908502956,high_flow,6893620.csv
6893620,2023-02-10,nighttime,6,0.5635428590491611,0.24417083811190488,0.02996042962126514,880.5,0.08701345077966909,0.0997301908502956,high_flow,6893620.csv
6893620,2023-02-11,daytime,6,0.7625220905327906,0.07789726293220531,0.2824004788985257,882.84375,0.08665635043447209,0.0988374399873031,high_flow,6893620.csv
6893620,2023-02-11,nighttime,6,NA,NA,2.6393350094945225e-15,882.84375,0.08665635043447209,0.0988374399873031,high_flow,6893620.csv
6893620,2023-02-12,daytime,6,0.8020339523985676,0.05490663426679731,0.27475020898849273,874.046875,0.08808475181526008,0.0979248502162441,high_flow,6893620.csv
6893620,2023-02-12,nighttime,6,0.9750134426225162,9.286921700508556e-4,0.4685743408331229,874.046875,0.08808475181526008,0.0979248502162441,high_flow,6893620.csv
6893620,2023-02-13,daytime,6,0.9068413739775484,0.01261355445675953,0.5808285946385008,842.46875,0.0968337102725866,0.0972066817442368,high_flow,6893620.csv
6893620,2023-02-13,nighttime,6,0.9445964159785842,0.0045193034506569,1.1408317580340324,842.46875,0.0968337102725866,0.0972066817442368,high_flow,6893620.csv
6893620,2023-02-14,daytime,6,-0.5850464418166943,0.2225549919937149,-0.2607699358386844,813.078125,0.1021902154505416,0.0966392889735349,high_flow,6893620.csv
6893620,2023-02-14,nighttime,6,-0.972371876988038,0.00113442531651323,-3.4175824175824463,813.078125,0.1021902154505416,0.0966392889735349,high_flow,6893620.csv
6893620,2023-02-15,daytime,6,0.2825454525790655,0.5874598959192214,9.49999999999898,820.359375,0.1007022973455541,0.0960877673292862,high_flow,6893620.csv
6893620,2023-02-15,nighttime,6,-0.8930133953013948,0.01655690889281395,-0.13574007220215698,820.359375,0.1007022973455541,0.0960877673292862,high_flow,6893620.csv
6893620,2023-02-16,daytime,6,-0.9903579648216608,1.390050591461384e-4,-1.7670901391409068,839.046875,0.0979050113081776,0.0955441812482641,high_flow,6893620.csv
6893620,2023-02-16,nighttime,6,0.9967672052215776,1.565955021127186e-5,1.1220865704772451,839.046875,0.0979050113081776,0.0955441812482641,high_flow,6893620.csv
6893620,2023-02-17,daytime,6,0.9511068247510284,0.00352737327009305,0.8533572068039397,864.125,0.0908225211284371,0.0952148553743602,high_flow,6893620.csv
6893620,2023-02-17,nighttime,6,0.9941095998650928,5.194303156577825e-5,0.4385964912280718,864.125,0.0908225211284371,0.0952148553743602,high_flow,6893620.csv
6893620,2023-02-18,daytime,6,0.8867499483733832,0.01851211282037353,0.745018975332071,859.703125,0.0921914057850256,0.09631393088124428,high_flow,6893620.csv
6893620,2023-02-18,nighttime,6,0.6343723034886052,0.17608620304249636,4.962500000000411,859.703125,0.0921914057850256,0.09631393088124428,high_flow,6893620.csv
6893620,2023-02-19,daytime,6,0.9331901088968072,0.00654623729331278,0.8812555178662405,856.21875,0.0927865730270206,0.0975717176526604,high_flow,6893620.csv
6893620,2023-02-19,nighttime,6,0.9731088565772276,0.00107497744727328,5.316306483300587,856.21875,0.0927865730270206,0.0975717176526604,high_flow,6893620.csv
6893620,2023-02-20,daytime,6,0.9839251674168796,3.855234935436086e-4,1.0658118941869863,846.015625,0.0960004761337936,0.0987937943895568,high_flow,6893620.csv
6893620,2023-02-20,nighttime,6,0.9755307090762476,8.907938500088703e-4,2.658741258741266,846.015625,0.0960004761337936,0.0987937943895568,high_flow,6893620.csv
6893620,2023-02-21,daytime,6,0.9106228611547882,0.01162542493202399,1.5782867209865667,835.25,0.0983811451017736,0.0986588898147046,high_flow,6893620.csv
6893620,2023-02-21,nighttime,6,0.9643065734784324,0.00188829396321083,2.0533145275035243,835.25,0.0983811451017736,0.0986588898147046,high_flow,6893620.csv
6893620,2023-02-22,daytime,6,0.9819976883186116,4.832077151893364e-4,1.5800388852884022,831.6875,0.0987382454469706,0.097103519422291,high_flow,6893620.csv
6893620,2023-02-22,nighttime,6,-0.9047087679367412,0.01318798620949748,-9.796536796536936,831.6875,0.0987382454469706,0.097103519422291,high_flow,6893620.csv
6893620,2023-02-23,daytime,6,0.2078504557338394,0.69271407455028,0.3465430016863322,830.875,0.0987977621711701,0.09512359639725428,high_flow,6893620.csv
6893620,2023-02-23,nighttime,6,0.962463577560877,0.00208703042356484,0.4266634867636551,830.875,0.0987977621711701,0.09512359639725428,high_flow,6893620.csv
6893620,2023-02-24,daytime,6,0.8612647128262713,0.02753606753461908,1.1725331794575709,818.1875,0.1011189144149506,0.093453160338055,high_flow,6893620.csv
6893620,2023-02-24,nighttime,6,0.8056777541471286,0.0529727885477109,0.38118090667581134,818.1875,0.1011189144149506,0.093453160338055,high_flow,6893620.csv
6893620,2023-02-25,daytime,6,0.8440756939096791,0.034573137634599,0.7344461305007581,804.09375,0.1034995833829306,0.092223148037932,high_flow,6893620.csv
6893620,2023-02-25,nighttime,6,0.9970718110118124,1.284888255393699e-5,3.8297872340425534,804.09375,0.1034995833829306,0.092223148037932,high_flow,6893620.csv
6893620,2023-02-26,daytime,6,-0.35890649859295615,0.48475632048573875,-0.5401764979099076,793.375,0.1055231520057136,0.0911677181287942,high_flow,6893620.csv
6893620,2023-02-26,nighttime,6,0.9671304656507996,0.00160285320669716,4.222222222222207,793.375,0.1055231520057136,0.0911677181287942,high_flow,6893620.csv
6893620,2023-02-27,daytime,6,0.9838605278412442,3.886218168197823e-4,0.4171222088390629,787.1875,0.1064159028687061,0.090397968495814,high_flow,6893620.csv
6893620,2023-02-27,nighttime,6,-0.944642019230601,0.00451193661922483,-0.9734738729676268,787.1875,0.1064159028687061,0.090397968495814,high_flow,6893620.csv
6893620,2023-02-28,daytime,6,0.9252908720151836,0.00816368793307596,1.0381811147814313,850.125,0.0948101416498036,0.08982264016188549,high_flow,6893620.csv
6893620,2023-02-28,nighttime,6,0.8628968095714916,0.02690734337801697,0.1180057935660963,850.125,0.0948101416498036,0.08982264016188549,high_flow,6893620.csv
6893620,2023-03-01,daytime,6,0.9543983601706176,0.00307184980981569,1.4362736643803933,924.71875,0.07885965956433758,0.08955679879379438,high_flow,6893620.csv
6893620,2023-03-01,nighttime,6,0.9760838121511044,8.511362229472487e-4,1.200173573443281,924.71875,0.07885965956433758,0.08955679879379438,high_flow,6893620.csv
6893620,2023-03-02,daytime,6,0.9792528967092152,6.41198227060619e-4,4.470158343483584,986.90625,0.07100345197000357,0.08940602309248899,high_flow,6893620.csv
6893620,2023-03-02,nighttime,6,0.991608451371232,1.0533167417693905e-4,2.524033930254469,986.90625,0.07100345197000357,0.08940602309248899,high_flow,6893620.csv
6893620,2023-03-03,daytime,6,0.6062691048430442,0.2020171540518194,0.15973462247578984,973.21875,0.07284847042018808,0.0891322461611713,high_flow,6893620.csv
6893620,2023-03-03,nighttime,6,0.9876711098077484,2.2706529495189817e-4,7.674999999999998,973.21875,0.07284847042018808,0.0891322461611713,high_flow,6893620.csv
6893620,2023-03-04,daytime,6,0.9633031401179268,0.00199528019985413,1.2033034616060403,975.0625,0.07237233662659208,0.08869182240209499,high_flow,6893620.csv
6893620,2023-03-04,nighttime,6,0.9439052604284855,0.00463167530207519,0.34315286624204516,975.0625,0.07237233662659208,0.08869182240209499,high_flow,6893620.csv
6893620,2023-03-05,daytime,6,0.7260203323663391,0.10231416495417445,0.47936212943258694,944.59375,0.07635995714795858,0.08783081379200888,high_flow,6893620.csv
6893620,2023-03-05,nighttime,6,0.9520365206362968,0.00339557314832148,3.391061452513958,944.59375,0.07635995714795858,0.08783081379200888,high_flow,6893620.csv
6893620,2023-03-06,daytime,6,0.9780507754853742,7.173654631790601e-4,1.8318926126233992,910.5625,0.08124032853231758,0.0869698051819228,high_flow,6893620.csv
6893620,2023-03-06,nighttime,6,0.7168356213889461,0.1089207456210554,4.050359712230274,910.5625,0.08124032853231758,0.0869698051819228,high_flow,6893620.csv
6893620,2023-03-09,daytime,6,0.1047307446020969,0.8434782541944604,2.3902439024385966,843.5,0.0964766099273896,0.08813236519461969,high_flow,6893620.csv
6893620,2023-03-09,nighttime,6,0.9832730641902526,4.1734555449864807e-4,3.5349999999999873,843.5,0.0964766099273896,0.08813236519461969,high_flow,6893620.csv
6893620,2023-03-10,daytime,6,0.997240645856048,1.141054802770154e-5,3.81112398609504,850.4375,0.0946911082014046,0.09002896480577709,high_flow,6893620.csv
6893620,2023-03-10,nighttime,6,0.991773320121615,1.0123900903477168e-4,0.7162977867203277,850.4375,0.0946911082014046,0.09002896480577709,high_flow,6893620.csv
6893620,2023-03-11,daytime,6,0.8819034793427608,0.02009664870714787,5.067632850241596,851.03125,0.09451255802880608,0.0914176883704321,high_flow,6893620.csv
6893620,2023-03-11,nighttime,6,0.9974995991721408,9.370190191574712e-6,3.50516108852048,851.03125,0.09451255802880608,0.0914176883704321,high_flow,6893620.csv
6893620,2023-03-13,daytime,6,0.973130467168221,0.00107325816947778,3.116377598305309,858,0.09260802285442209,0.09336983692417568,high_flow,6893620.csv
6893620,2023-03-13,nighttime,6,0.9844006706046452,3.631106531641617e-4,1.6138438133874236,858,0.09260802285442209,0.09336983692417568,high_flow,6893620.csv
6893620,2023-03-14,daytime,6,0.9956298334813662,2.860580160421489e-5,0.9316019254449788,849.03125,0.0949291750982026,0.09425862000555488,high_flow,6893620.csv
6893620,2023-03-14,nighttime,6,0.9971856431350818,1.186976114075463e-5,2.9541725035020945,849.03125,0.0949291750982026,0.09425862000555488,high_flow,6893620.csv
6893620,2023-03-15,daytime,6,0.9944438563110608,4.622033792489992e-5,1.1503888064020935,827.28125,0.0993929294131651,0.0946117525691386,high_flow,6893620.csv
6893620,2023-03-15,nighttime,6,0.7568485313733644,0.08149607707216527,16.161290322580754,827.28125,0.0993929294131651,0.0946117525691386,high_flow,6893620.csv
6893620,2023-03-16,daytime,6,-0.06044533672495972,0.9094424176242676,-0.1407445181030023,805.4375,0.1032019997619331,0.09429829782168787,high_flow,6893620.csv
6893620,2023-03-16,nighttime,6,NA,NA,NA,805.4375,0.1032019997619331,0.09429829782168787,high_flow,6893620.csv
6893620,2023-03-17,daytime,6,0.9952664519215308,3.3556685047721276e-5,1.8725000000000016,827.125,0.0994524461373646,0.0940165853271436,high_flow,6893620.csv
6893620,2023-03-17,nighttime,6,-0.8621278122072068,0.02720272195316811,-0.10415169439990957,827.125,0.0994524461373646,0.0940165853271436,high_flow,6893620.csv
6893620,2023-03-18,daytime,6,0.9637326115227904,0.00194913352686059,2.748227535037088,853.8125,0.0936793238900131,0.0940007142006904,high_flow,6893620.csv
6893620,2023-03-18,nighttime,6,0.9938892836418498,5.589719192971205e-5,0.9725761772853192,853.8125,0.0936793238900131,0.0940007142006904,high_flow,6893620.csv
6893620,2023-03-19,daytime,6,0.9964757458373436,1.860866483874101e-5,0.7481357675494941,877.5,0.08760861802166409,0.0933579335793358,high_flow,6893620.csv
6893620,2023-03-19,nighttime,6,0.9974742650401758,9.5609493735666e-6,2.0649806165774476,877.5,0.08760861802166409,0.0933579335793358,high_flow,6893620.csv
6893620,2023-03-20,daytime,6,0.9977289882334464,7.73038530045288e-6,0.7814281835460207,865.53125,0.0904059040590406,0.0930246399238186,high_flow,6893620.csv
6893620,2023-03-20,nighttime,6,0.9621345177201986,0.00212354645760595,6.2688679245282515,865.53125,0.0904059040590406,0.0930246399238186,high_flow,6893620.csv
6893620,2023-03-21,daytime,6,-0.6091351394904678,0.19930575295253833,-3.804953560371502,850.53125,0.0945720747530056,0.092619926199262,high_flow,6893620.csv
6893620,2023-03-21,nighttime,6,-0.9842447289481132,3.70387394708194e-4,-11.8789473684212,850.53125,0.0945720747530056,0.092619926199262,high_flow,6893620.csv
6893620,2023-03-22,daytime,6,0.9897378156065172,1.574282750085376e-4,2.6040680071423097,856.46875,0.0926675395786216,0.09226679363567827,high_flow,6893620.csv
6893620,2023-03-22,nighttime,6,NA,NA,NA,856.46875,0.0926675395786216,0.09226679363567827,high_flow,6893620.csv
6893620,2023-03-23,daytime,6,0.9930299657547528,7.27027591378708e-5,9.186956521739155,868.4375,0.08969170336864658,0.09204459786533348,high_flow,6893620.csv
6893620,2023-03-23,nighttime,6,-0.14651724650967984,0.7817967953366993,-3.663366336633232,868.4375,0.08969170336864658,0.09204459786533348,high_flow,6893620.csv
6893620,2023-03-24,daytime,6,0.9731115076845096,0.00107476645927099,1.566936050597327,859.4375,0.09225092250922508,0.0918224020949887,high_flow,6893620.csv
6893620,2023-03-24,nighttime,6,0.9829516469852888,4.3349199006355755e-4,2.828856485034533,859.4375,0.09225092250922508,0.0918224020949887,high_flow,6893620.csv
6893620,2023-03-25,daytime,6,0.6990582154179351,0.12222139609372672,0.11603417444863716,851.15625,0.0944530413046066,0.091985081141134,high_flow,6893620.csv
6893620,2023-03-25,nighttime,6,-0.9162629186058022,0.01022427023033849,-0.3793466807165362,851.15625,0.0944530413046066,0.091985081141134,high_flow,6893620.csv
6893620,2023-03-26,daytime,6,0.9926062562004568,8.179907250990065e-5,4.408291457286445,891.125,0.08487084870848709,0.0926834107050748,high_flow,6893620.csv
6893620,2023-03-26,nighttime,6,0.8593999039008775,0.0282628619770387,0.45760945100764694,891.125,0.08487084870848709,0.0926834107050748,high_flow,6893620.csv
6893620,2023-03-27,daytime,6,0.9971726601398924,1.1979475360492316e-5,1.0013826159093022,887.90625,0.08558504939888109,0.09391739078681108,high_flow,6893620.csv
6893620,2023-03-27,nighttime,6,0.9645145090196198,0.00186648808395771,1.2358281665190487,887.90625,0.08558504939888109,0.09391739078681108,high_flow,6893620.csv
6893620,2023-03-28,daytime,6,0.9932089793594636,6.902034799660378e-5,1.4796347830086731,883.125,0.08653731698607309,0.0947545927072174,high_flow,6893620.csv
6893620,2023-03-28,nighttime,6,0.9960053897353186,2.3903495929477163e-5,1.8601503759398512,883.125,0.08653731698607309,0.0947545927072174,high_flow,6893620.csv
6893620,2023-03-29,daytime,6,0.9972596643543528,1.1253869983903396e-5,1.1773476479838492,868.46875,0.0896321866444471,0.0952545331904932,high_flow,6893620.csv
6893620,2023-03-29,nighttime,6,0.9780884181683368,7.149160614978551e-4,1.5885111371629512,868.46875,0.0896321866444471,0.0952545331904932,high_flow,6893620.csv
6893620,2023-03-30,daytime,6,0.9907060461448292,1.291649727798234e-4,1.5377334924644055,845.96875,0.09605999285799308,0.09542514779986508,high_flow,6893620.csv
6893620,2023-03-30,nighttime,6,0.9373747992808292,0.00576006826667758,2.2420480993017855,845.96875,0.09605999285799308,0.09542514779986508,high_flow,6893620.csv
6893620,2023-03-31,daytime,6,0.851206165721327,0.03156228931146195,1.3588697017268458,824.375,0.0998690632067611,0.0954806967424513,high_flow,6893620.csv
6893620,2023-03-31,nighttime,6,-0.929998965365511,0.0071787096701725,-16.084415584415876,824.375,0.0998690632067611,0.0954806967424513,high_flow,6893620.csv
6893620,2023-04-01,daytime,6,0.9956789111061052,2.7967372569668857e-5,1.3876694186931189,813.8125,0.1018926318295441,0.0951632742133873,high_flow,6893620.csv
6893620,2023-04-01,nighttime,6,0.9920805315105968,9.382862519423796e-5,0.9134237895171832,813.8125,0.1018926318295441,0.0951632742133873,high_flow,6893620.csv
6893620,2023-04-02,daytime,6,0.949825350267683,0.00371308598679155,0.800719731399207,800.28125,0.1041542673491251,0.0947466571439908,high_flow,6893620.csv
6893620,2023-04-02,nighttime,6,0.9510079873899184,0.00354153021127543,2.100917431192671,800.28125,0.1041542673491251,0.0947466571439908,high_flow,6893620.csv
6893620,2023-04-03,daytime,6,0.9655115475982022,0.0017636688209998,1.636145653264932,790.625,0.1061183192477086,0.095119628615641,high_flow,6893620.csv
6893620,2023-04-03,nighttime,6,0.9202385141007262,0.0092891248647643,6.975675675675546,790.625,0.1061183192477086,0.095119628615641,high_flow,6893620.csv
6893620,2023-04-04,daytime,6,0.8921281211093082,0.01682689633185911,0.7298067548311278,807.5625,0.1029639328651351,0.0951791453398405,high_flow,6893620.csv
6893620,2023-04-04,nighttime,6,0.9397134896784656,0.00534214043469211,2.010289990645463,807.5625,0.1029639328651351,0.0951791453398405,high_flow,6893620.csv
6893620,2023-04-05,daytime,6,0.9683210508413416,0.00148943793279867,1.4385300246258768,813.25,0.1020711820021426,0.0952465976272666,high_flow,6893620.csv
6893620,2023-04-05,nighttime,6,0.9939962741619112,5.3958884588183865e-5,0.8350022088057693,813.25,0.1020711820021426,0.0952465976272666,high_flow,6893620.csv
6893620,2023-04-06,daytime,6,0.9447671029767029,0.00449176061893528,0.88182576073364,848.0625,0.0952267587192001,0.095278339880173,high_flow,6893620.csv
6893620,2023-04-06,nighttime,6,0.9950566773338791,3.6594259870728034e-5,0.41916023166023086,848.0625,0.0952267587192001,0.095278339880173,high_flow,6893620.csv
6893620,2023-04-07,daytime,6,0.816769988944487,0.04728404313821757,0.6043219432784833,865.125,0.0905249375074396,0.0948101416498036,high_flow,6893620.csv
6893620,2023-04-07,nighttime,6,0.9763094699033656,8.352137734266731e-4,0.49912587412587595,865.125,0.0905249375074396,0.0948101416498036,high_flow,6893620.csv
6893620,2023-04-08,daytime,6,0.8415749683110004,0.03565962140896411,0.6410741360176301,877.9375,0.08748958457326508,0.093730905050986,high_flow,6893620.csv
6893620,2023-04-08,nighttime,6,0.976699706862971,8.080305831924754e-4,0.6289095519864748,877.9375,0.08748958457326508,0.093730905050986,high_flow,6893620.csv
6893620,2023-04-09,daytime,6,0.87031865262009,0.02413543584729953,0.7080576099649669,873.15625,0.08820378526365909,0.091469269531405,high_flow,6893620.csv
6893620,2023-04-09,nighttime,6,0.9954130637861636,3.151172121282209e-5,0.8424695768672574,873.15625,0.08820378526365909,0.091469269531405,high_flow,6893620.csv
6893620,2023-04-10,daytime,6,-0.00572989854588139,0.99140524624244,-0.00470588235293821,865.34375,0.09046542078324007,0.08823552751656549,high_flow,6893620.csv
6893620,2023-04-10,nighttime,6,0.995937973073995,2.471658227180377e-5,1.5132241813602036,865.34375,0.09046542078324007,0.08823552751656549,high_flow,6893620.csv
6893620,2023-04-11,daytime,6,0.9850399761047464,3.3402942843013285e-4,0.7164099190747905,884.1875,0.08647780026187359,0.08445423163909059,high_flow,6893620.csv
6893620,2023-04-11,nighttime,6,0.9924487184866876,8.531748470964639e-5,0.5547008547008583,884.1875,0.08647780026187359,0.08445423163909059,high_flow,6893620.csv
6893620,2023-04-12,daytime,6,0.9725295384806344,0.00112157441836574,1.0145507536376908,877.71875,0.08754910129746458,0.08091893822164029,high_flow,6893620.csv
6893620,2023-04-12,nighttime,6,0.9944080321154588,4.681772652165742e-5,3.486247877758899,877.71875,0.08754910129746458,0.08091893822164029,high_flow,6893620.csv
6893620,2023-04-13,daytime,6,0.9466620443725038,0.00419153469043155,1.0741769339527367,867.0625,0.0901083204380431,0.07757409832162837,high_flow,6893620.csv
6893620,2023-04-13,nighttime,6,0.9887918485655968,1.877299889743139e-4,1.348104131295984,867.0625,0.0901083204380431,0.07757409832162837,high_flow,6893620.csv
6893620,2023-04-14,daytime,6,0.8816719976558653,0.02017388849088636,1.0462531718755022,870.34375,0.0890370194024521,0.07473316668650558,high_flow,6893620.csv
6893620,2023-04-14,nighttime,6,0.998061132454818,5.635166734069524e-6,1.201636363636361,870.34375,0.0890370194024521,0.07473316668650558,high_flow,6893620.csv
6893620,2023-04-15,daytime,6,-0.9554984344321776,0.00292651879399367,-0.7339346110484776,897.875,0.08368051422449709,0.07207872078720787,high_flow,6893620.csv
6893620,2023-04-15,nighttime,6,0.9629607892652536,0.00203244759317523,1.1387205387205313,897.875,0.08368051422449709,0.07207872078720787,high_flow,6893620.csv
6893620,2023-04-16,daytime,6,0.9914294578748014,1.0986651735492985e-4,2.105698977106671,1009.90625,0.06796809903582907,0.06940046819823037,high_flow,6893620.csv
6893620,2023-04-16,nighttime,6,0.9927487445830568,7.868041962120367e-5,0.501475717735444,1009.90625,0.06796809903582907,0.06940046819823037,high_flow,6893620.csv
6893620,2023-04-17,daytime,6,0.9753687385853526,9.025766770017572e-4,0.6274583963691377,1124.53125,0.05564813712653255,0.06656747212633417,high_flow,6893620.csv
6893620,2023-04-17,nighttime,6,0.9976545303024992,8.245390670936493e-6,1.183299389002032,1124.53125,0.05564813712653255,0.06656747212633417,high_flow,6893620.csv
6893620,2023-04-18,daytime,6,0.9592773313956672,0.00245373767903557,0.7373817034700323,1197.875,0.04939888108558505,0.06349640915763996,high_flow,6893620.csv
6893620,2023-04-18,nighttime,6,0.9991766612281686,1.0165510345860506e-6,1.5322440465843887,1197.875,0.04939888108558505,0.06349640915763996,high_flow,6893620.csv
6893620,2023-04-19,daytime,6,0.9841024442826104,3.770895039474098e-4,1.3952412827846448,1187.40625,0.04993453160338055,0.06061579970638416,high_flow,6893620.csv
6893620,2023-04-19,nighttime,6,0.9582130421302608,0.00258274162694458,1.8368756641870176,1187.40625,0.04993453160338055,0.06061579970638416,high_flow,6893620.csv
6893620,2023-04-20,daytime,6,-0.971769605451743,0.00118418358499257,-1.0682718683328285,1159.25,0.05189858350196405,0.05759631789866286,high_flow,6893620.csv
6893620,2023-04-20,nighttime,6,0.9383721275593104,0.00557996082708217,1.7128906249999842,1159.25,0.05189858350196405,0.05759631789866286,high_flow,6893620.csv
6893620,2023-04-21,daytime,6,0.6439456043818336,0.16759274855380646,0.37465463866049736,1150.625,0.05261278419235805,0.05436654366543665,high_flow,6893620.csv
6893620,2023-04-21,nighttime,6,-0.8909506024889744,0.01718926140951484,-0.06580667159174775,1150.625,0.05261278419235805,0.05436654366543665,high_flow,6893620.csv
6893620,2023-04-22,daytime,6,0.4929018331817885,0.3205230468327027,3.166666666666374,1176.5625,0.05070824901797405,0.05120025393802325,high_flow,6893620.csv
6893620,2023-04-22,nighttime,6,0.9150231107246642,0.01052479546075526,0.5713141025641056,1176.5625,0.05070824901797405,0.05120025393802325,high_flow,6893620.csv
6893620,2023-04-23,daytime,6,0.927579229497148,0.00767723693049757,0.4881539035180592,1230.25,0.04731579573860255,0.04842280680871325,high_flow,6893620.csv
6893620,2023-04-23,nighttime,6,-0.05880465081424385,0.9118946966364088,-0.02999037006465895,1230.25,0.04731579573860255,0.04842280680871325,high_flow,6893620.csv
6893620,2023-04-24,daytime,6,-0.4667292334847418,0.35074140582195396,-0.3136476689421685,1249.78125,0.04570884418521604,0.04676030631274055,high_flow,6893620.csv
6893620,2023-04-24,nighttime,6,0.4372170483153127,0.3859633591623203,0.23933060252774735,1249.78125,0.04570884418521604,0.04676030631274055,high_flow,6893620.csv
6893620,2023-04-25,daytime,6,0.9766060843233336,8.145114800293452e-4,0.48759191176470607,1265.375,0.04439947625282704,0.04597468555330714,high_flow,6893620.csv
6893620,2023-04-25,nighttime,6,0.2470384919798931,0.6369803966149357,0.14889705882352886,1265.375,0.04439947625282704,0.04597468555330714,high_flow,6893620.csv
6893620,2023-04-26,daytime,6,0.964300885759575,0.00188889218312194,0.7038892619182902,1289.65625,0.04326865849303654,0.04571281196682934,high_flow,6893620.csv
6893620,2023-04-26,nighttime,6,0.995849650220776,2.5802359210486915e-5,0.7665876777251127,1289.65625,0.04326865849303654,0.04571281196682934,high_flow,6893620.csv
6893620,2023-04-27,daytime,6,0.6664199928996843,0.1483537704610758,1.5680000000001384,1308.96875,0.04225687418164504,0.04549458397809784,high_flow,6893620.csv
6893620,2023-04-27,nighttime,6,0.999124140677145,1.1503583813625626e-6,0.8594091903719892,1308.96875,0.04225687418164504,0.04549458397809784,high_flow,6893620.csv
6893620,2023-04-28,daytime,6,0.7863194439704364,0.06361080918179053,2.085603112840534,1318.46875,0.04166170693965004,0.04523271039162004,high_flow,6893620.csv
6893620,2023-04-28,nighttime,6,0.9961859941355188,2.179222061490981e-5,0.9304523970290336,1318.46875,0.04166170693965004,0.04523271039162004,high_flow,6893620.csv
6893620,2023-04-29,daytime,6,0.9465873516566514,0.00420317573849493,0.5093996473972351,1324.75,0.04154267349125104,0.04495099789707574,high_flow,6893620.csv
6893620,2023-04-29,nighttime,6,-0.6733188018726496,0.1426491002274551,-0.20149253731342437,1324.75,0.04154267349125104,0.04495099789707574,high_flow,6893620.csv
6893620,2023-04-30,daytime,6,0.9274019127953947,0.00771440993308095,0.4547715965626398,1314.34375,0.04201880728484704,0.04483990001190334,high_flow,6893620.csv
6893620,2023-04-30,nighttime,6,0.9439380115078096,0.00462631991378523,0.4703056080655332,1314.34375,0.04201880728484704,0.04483990001190334,high_flow,6893620.csv
6893620,2023-05-01,daytime,6,0.9341170534598888,0.00636785943886982,0.4947928994082836,1294.34375,0.04303059159623854,0.04495893346030234,high_flow,6893620.csv
6893620,2023-05-01,nighttime,6,0.7293421135734448,0.09996992191432692,0.4815668202764984,1294.34375,0.04303059159623854,0.04495893346030234,high_flow,6893620.csv
6893620,2023-05-02,daytime,6,0.7554115755071165,0.08241917860600649,0.22900599828620224,1273.9375,0.04386382573503154,0.04513351585128754,high_flow,6893620.csv
6893620,2023-05-02,nighttime,6,0.9448308594763286,0.00448149376143267,0.4767996530789272,1273.9375,0.04386382573503154,0.04513351585128754,high_flow,6893620.csv
6893620,2023-05-03,daytime,6,0.7726040771234773,0.07168416144035855,0.17976045473000338,1255.28125,0.04547077728841804,0.04535967940324564,high_flow,6893620.csv
6893620,2023-05-03,nighttime,6,0.968366893229867,0.00148515327728006,0.3587360594795551,1255.28125,0.04547077728841804,0.04535967940324564,high_flow,6893620.csv
6893620,2023-05-04,daytime,6,0.9505220259966034,0.00361154209750181,0.9108375863104174,1237.4375,0.04666111177240804,0.04541522834583184,high_flow,6893620.csv
6893620,2023-05-04,nighttime,6,0.9613296352081974,0.00221418189375994,0.43896103896103866,1237.4375,0.04666111177240804,0.04541522834583184,high_flow,6893620.csv
6893620,2023-05-05,daytime,6,0.982827135642323,4.398287040957336e-4,0.4861287486568327,1219.59375,0.04797047970479705,0.04545887394357814,high_flow,6893620.csv
6893620,2023-05-05,nighttime,6,0.8146409961604827,0.04835266180857866,2.4117647058823515,1219.59375,0.04797047970479705,0.04545887394357814,high_flow,6893620.csv
6893620,2023-05-06,daytime,6,0.6683182771041731,0.14677453618657552,0.17184693082059363,1209.40625,0.04838709677419355,0.04557790739197714,high_flow,6893620.csv
6893620,2023-05-06,nighttime,6,0.979498639663343,6.261502434010519e-4,1.315265486725622,1209.40625,0.04838709677419355,0.04557790739197714,high_flow,6893620.csv
6893620,2023-05-07,daytime,6,0.6398480318198638,0.17120660518912842,0.19524453895225177,1201.75,0.04904178074038805,0.04570090862198944,high_flow,6893620.csv
6893620,2023-05-07,nighttime,6,0.9522842054960586,0.00336087597774694,0.6295361925092169,1201.75,0.04904178074038805,0.04570090862198944,high_flow,6893620.csv
6893620,2023-05-08,daytime,6,0.8432420882101523,0.03493355491672434,0.26017610898820376,1199.9375,0.04910129746458755,0.04570884418521604,high_flow,6893620.csv
6893620,2023-05-08,nighttime,6,0.9359320697314066,0.00602555972663098,0.4605693454136042,1199.9375,0.04910129746458755,0.04570884418521604,high_flow,6893620.csv
6893620,2023-05-09,daytime,6,0.4325161977313476,0.3916811624660176,0.5249756730457328,1210.09375,0.04832758004999404,0.04547077728841804,high_flow,6893620.csv
6893620,2023-05-09,nighttime,6,0.9850820811432834,3.3215650559616325e-4,0.3739479273184898,1210.09375,0.04832758004999404,0.04547077728841804,high_flow,6893620.csv
6893620,2023-05-13,daytime,6,0.9482790710899972,0.00394340357948599,0.26328754144955124,1286.1875,0.04344720866563504,0.03999127088045074,high_flow,6893620.csv
6893620,2023-05-13,nighttime,6,0.9944199251611564,4.661897875927806e-5,1.0952118877270067,1286.1875,0.04344720866563504,0.03999127088045074,high_flow,6893620.csv
6893620,2023-05-14,daytime,6,0.8700157502578928,0.02424575699219352,0.2282926528979029,1288.4375,0.04338769194143555,0.03812244574058644,high_flow,6893620.csv
6893620,2023-05-14,nighttime,6,0.9892998698126464,1.711266351814739e-4,0.37131777164591023,1288.4375,0.04338769194143555,0.03812244574058644,high_flow,6893620.csv
6893620,2023-05-15,daytime,6,-0.3255998508991462,0.5288595005488208,-0.12753715838261126,1311.78125,0.04213784073324604,0.03621791056620244,high_flow,6893620.csv
6893620,2023-05-15,nighttime,6,-0.9751945232989856,9.15335961845688e-4,-0.2474157680058084,1311.78125,0.04213784073324604,0.03621791056620244,high_flow,6893620.csv
6893620,2023-05-16,daytime,6,0.9216461418576296,0.00896847064690707,0.44382801664355265,1399.46875,0.03945958814426854,0.03442447327699084,high_flow,6893620.csv
6893620,2023-05-16,nighttime,6,0.9818073387095316,4.93448748085693e-4,0.6766020864381393,1399.46875,0.03945958814426854,0.03442447327699084,high_flow,6893620.csv
6893620,2023-05-17,daytime,6,0.9683048166992562,0.00149095671947786,0.20271592855395013,1518.6875,0.03398404951791453,0.03284132841328413,high_flow,6893620.csv
6893620,2023-05-17,nighttime,6,0.8958834377364084,0.01569606257989134,0.21934604904632324,1518.6875,0.03398404951791453,0.03284132841328413,high_flow,6893620.csv
6893620,2023-05-18,daytime,6,0.3983248381790288,0.4341123852443076,0.07045454545454476,1664.28125,0.02446137364599452,0.03146450819346903,high_flow,6893620.csv
6893620,2023-05-18,nighttime,6,0.9971701702213688,1.2000574315347744e-5,0.36958976289047635,1664.28125,0.02446137364599452,0.03146450819346903,high_flow,6893620.csv
6893620,2023-05-19,daytime,6,-0.9508690391017632,0.00356147956079743,-2.631427198462271,1725.84375,0.02196167122961552,0.03055588620402333,high_flow,6893620.csv
6893620,2023-05-19,nighttime,6,0.991067143554434,1.1933748364737973e-4,0.36783320923305907,1725.84375,0.02196167122961552,0.03055588620402333,high_flow,6893620.csv
6893620,2023-05-20,daytime,6,0.18439386828785612,0.7265439946223922,0.03129338887108776,1745.9375,0.02136650398762052,0.02985358885846923,high_flow,6893620.csv
6893620,2023-05-20,nighttime,6,0.9895814927985628,1.6225249850481042e-4,0.3935670401156489,1745.9375,0.02136650398762052,0.02985358885846923,high_flow,6893620.csv
6893620,2023-05-21,daytime,6,0.905490572034606,0.01297596734528699,0.1444210526315781,1771.40625,0.02035471967622902,0.02916716263936833,high_flow,6893620.csv
6893620,2023-05-21,nighttime,6,0.9884595373285172,1.9900492545006965e-4,0.30862493839329874,1771.40625,0.02035471967622902,0.02916716263936833,high_flow,6893620.csv
6893620,2023-05-22,daytime,6,0.833726883997961,0.03917166809703153,0.1671074080782461,1764.34375,0.02047375312462802,0.02856009205253342,high_flow,6893620.csv
6893620,2023-05-22,nighttime,6,0.9916307273760228,1.047739746851016e-4,0.3644324688447286,1764.34375,0.02047375312462802,0.02856009205253342,high_flow,6893620.csv
6893620,2023-05-23,daytime,6,0.18561144209392025,0.7247801431284616,0.03317211169921415,1718.09375,0.02219973812641352,0.02813950720152363,high_flow,6893620.csv
6893620,2023-05-23,nighttime,6,0.9738920841571788,0.00101353702300342,0.2594859241126072,1718.09375,0.02219973812641352,0.02813950720152363,high_flow,6893620.csv
6893620,2023-05-24,daytime,6,0.38784771282100866,0.447399591382496,0.06840406455469028,1663.28125,0.02458040709439352,0.02801253818989802,high_flow,6893620.csv
6893620,2023-05-24,nighttime,6,0.974239228107957,9.86878404884379e-4,0.2400167434072853,1663.28125,0.02458040709439352,0.02801253818989802,high_flow,6893620.csv
6893620,2023-05-25,daytime,6,-0.30564519240705773,0.5558087430042097,-0.04810612114432096,1609.96875,0.02713962623497202,0.02826647621314923,high_flow,6893620.csv
6893620,2023-05-25,nighttime,6,0.9953729977626984,3.2064194464202e-5,0.6403453091278346,1609.96875,0.02713962623497202,0.02826647621314923,high_flow,6893620.csv
6893620,2023-05-26,daytime,6,0.411932462734032,0.4170513766491587,0.13772279549718464,1564.78125,0.03047256279014403,0.02917906598420823,high_flow,6893620.csv
6893620,2023-05-26,nighttime,6,0.9569415404548256,0.00274113054952675,0.272177419354838,1564.78125,0.03047256279014403,0.02917906598420823,high_flow,6893620.csv
6893620,2023-05-27,daytime,6,0.36987508546405967,0.4704882292630015,0.09593855766727336,1539.1875,0.03237709796452803,0.03021068920366623,high_flow,6893620.csv
6893620,2023-05-27,nighttime,6,0.9263376118196602,0.00793936965940084,0.2290956324078592,1539.1875,0.03237709796452803,0.03021068920366623,high_flow,6893620.csv
6893620,2023-05-28,daytime,6,0.3685806857381149,0.4721651318009792,0.08606491199741644,1528.90625,0.03315081537912153,0.03118279569892473,high_flow,6893620.csv
6893620,2023-05-28,nighttime,6,0.7833566665243764,0.06531749562959718,0.20367132867132895,1528.90625,0.03315081537912153,0.03118279569892473,high_flow,6893620.csv
6893620,2023-05-29,daytime,6,0.26437139636736656,0.6126816593587581,0.0453254132231401,1513.5625,0.03428163313891203,0.03218267666547633,high_flow,6893620.csv
6893620,2023-05-29,nighttime,6,0.9644904839644984,0.00186900116241522,0.463647490820068,1513.5625,0.03428163313891203,0.03218267666547633,high_flow,6893620.csv
6893620,2023-05-30,daytime,6,0.06618067518838829,0.9008739189837562,0.023839580501066462,1486.34375,0.03582906796809904,0.03319049319525453,high_flow,6893620.csv
6893620,2023-05-30,nighttime,6,0.9034655238256836,0.01352855982467178,0.23413063477460763,1486.34375,0.03582906796809904,0.03319049319525453,high_flow,6893620.csv
6893620,2023-05-31,daytime,6,-0.9945298753891688,4.480155563270157e-5,-0.4442511466076261,1456.28125,0.03755505296988454,0.03413482521921993,high_flow,6893620.csv
6893620,2023-05-31,nighttime,6,0.9311034497089667,0.00695658514201675,0.8292357028327005,1456.28125,0.03755505296988454,0.03413482521921993,high_flow,6893620.csv
6893620,2023-06-01,daytime,6,0.0586575771047764,0.9121145462385424,0.00701375775559598,1453.03125,0.03779311986668254,0.03494822044994643,high_flow,6893620.csv
6893620,2023-06-01,nighttime,6,0.9890500486689084,1.7919569379565696e-4,0.607500928332723,1453.03125,0.03779311986668254,0.03494822044994643,high_flow,6893620.csv
6893620,2023-06-02,daytime,6,0.9437584971174636,0.00465571103394143,0.25650078077262656,1447.65625,0.03815022021187954,0.03561480776098083,high_flow,6893620.csv
6893620,2023-06-02,nighttime,6,0.9960309046913604,2.359931235034834e-5,0.46314496314496056,1447.65625,0.03815022021187954,0.03561480776098083,high_flow,6893620.csv
6893620,2023-06-03,daytime,6,0.6302429354512823,0.17980378422282972,0.14736496110441466,1459.65625,0.03743601952148553,0.03605523152005713,high_flow,6893620.csv
6893620,2023-06-03,nighttime,6,-0.6838517206932824,0.1341251334718691,-0.5641295206055543,1459.65625,0.03743601952148553,0.03605523152005713,high_flow,6893620.csv
6893620,2023-06-04,daytime,6,0.25582978301087556,0.6246272115962701,0.05996624936226819,1485.3125,0.03594810141649803,0.03595603697972464,high_flow,6893620.csv
6893620,2023-06-04,nighttime,6,0.985487003696513,3.1441217767357125e-4,0.3524243410348197,1485.3125,0.03594810141649803,0.03595603697972464,high_flow,6893620.csv
6893620,2023-06-05,daytime,6,0.8382971376976678,0.037107635196207,0.25773840541948906,1494.46875,0.03535293417450303,0.03543228980676903,high_flow,6893620.csv
6893620,2023-06-05,nighttime,6,0.973196679990476,0.00106799895201084,0.2841335333833445,1494.46875,0.03535293417450303,0.03543228980676903,high_flow,6893620.csv
6893620,2023-06-06,daytime,6,0.4094248603145377,0.4201783913945597,0.11965502246702356,1489.75,0.03559100107130104,0.03484902590961393,high_flow,6893620.csv
6893620,2023-06-06,nighttime,6,0.9753649729242868,9.028515297600316e-4,0.17972575905974453,1489.75,0.03559100107130104,0.03484902590961393,high_flow,6893620.csv
6893620,2023-06-07,daytime,6,0.2485685020452549,0.6348263109770551,0.04935533881507908,1481.40625,0.03636471848589454,0.03428560092052533,high_flow,6893620.csv
6893620,2023-06-07,nighttime,6,0.9728899901782208,0.00109246666226214,0.2888102609464836,1481.40625,0.03636471848589454,0.03428560092052533,high_flow,6893620.csv
6893620,2023-06-08,daytime,6,0.6477699838471667,0.16424909459522863,0.24868728121353365,1473.09375,0.03678133555529103,0.03374995040272983,high_flow,6893620.csv
6893620,2023-06-08,nighttime,6,0.965969341022148,0.00171742341507966,0.2860385925085124,1473.09375,0.03678133555529103,0.03374995040272983,high_flow,6893620.csv
6893620,2023-06-09,daytime,6,0.8622330918848233,0.02716219271984917,0.21835965119019585,1466.34375,0.03713843590048803,0.03330952664365353,high_flow,6893620.csv
6893620,2023-06-09,nighttime,6,0.922297626253264,0.00882191811516327,0.20253164556962197,1466.34375,0.03713843590048803,0.03330952664365353,high_flow,6893620.csv
6893620,2023-06-10,daytime,6,0.7671087497106691,0.07504168492883687,0.9324324324324368,1466.84375,0.03707891917628853,0.03295242629845653,high_flow,6893620.csv
6893620,2023-06-10,nighttime,6,0.9844167110011668,3.6236622968331147e-4,0.32941176470588335,1466.84375,0.03707891917628853,0.03295242629845653,high_flow,6893620.csv
6893620,2023-06-11,daytime,6,0.5359422007578742,0.27305712131245846,0.14361702127660234,1561.1875,0.03088917985954053,0.03275006943617823,high_flow,6893620.csv
6893620,2023-06-11,nighttime,6,-0.895107018652434,0.01592676182170246,-0.9274889698829788,1561.1875,0.03088917985954053,0.03275006943617823,high_flow,6893620.csv
6893620,2023-06-12,daytime,6,0.9815134773206888,5.094683825392978e-4,0.26728015516031806,1650.28125,0.02529460778478752,0.03258342260841963,high_flow,6893620.csv
6893620,2023-06-12,nighttime,6,0.9900366083084458,1.4840923216727134e-4,0.5429810136044206,1650.28125,0.02529460778478752,0.03258342260841963,high_flow,6893620.csv
6893620,2023-06-13,daytime,6,0.8338704819912225,0.03910601945532821,0.17806350397326073,1642.828125,0.02553267468158552,0.03239693687259453,high_flow,6893620.csv
6893620,2023-06-13,nighttime,6,0.9936422730925144,6.050254528648907e-5,0.4222020018198355,1642.828125,0.02553267468158552,0.03239693687259453,high_flow,6893620.csv
6893620,2023-06-14,daytime,6,0.7352898485553644,0.09583288245629536,0.13675390076776855,1606.703125,0.02737769313177002,0.03213506328611673,high_flow,6893620.csv
6893620,2023-06-14,nighttime,6,0.9731572789755314,0.00107112699266581,0.1976935749588134,1606.703125,0.02737769313177002,0.03213506328611673,high_flow,6893620.csv
6893620,2023-06-15,daytime,6,0.08712173661798636,0.8696480306445993,0.01787622256924413,1576.8125,0.02952029520295203,0.03183351188350593,high_flow,6893620.csv
6893620,2023-06-15,nighttime,6,0.9711181057187463,0.00123919961031838,0.15649202733485143,1576.8125,0.02952029520295203,0.03183351188350593,high_flow,6893620.csv
6893620,2023-06-21,daytime,6,0.7208567035763115,0.10600591030715656,0.1347200262828261,1549.828125,0.03166289727413403,0.03198031980319803,high_flow,6893620.csv
6893620,2023-06-21,nighttime,6,0.8015543101294244,0.05516357346359833,0.08938981733385246,1549.828125,0.03166289727413403,0.03198031980319803,high_flow,6893620.csv
6893620,2023-06-22,daytime,6,0.6653747419940603,0.14922642003319042,0.10426178442181142,1547.28125,0.03184144744673253,0.03255564813712653,high_flow,6893620.csv
6893620,2023-06-22,nighttime,6,0.882559377687988,0.01987856151955446,0.23355292843606065,1547.28125,0.03184144744673253,0.03255564813712653,high_flow,6893620.csv
6893620,2023-06-23,daytime,6,-0.09746848666454548,0.854260250475438,-0.02134942275338031,1540,0.03225806451612903,0.03301591080426933,high_flow,6893620.csv
6893620,2023-06-23,nighttime,6,-0.30861859245842826,0.5517693674505393,-0.00993357303918571,1540,0.03225806451612903,0.03301591080426933,high_flow,6893620.csv
6893620,2023-06-24,daytime,6,-0.34846010998721477,0.4984656233157449,-0.13614851230876743,1551.203125,0.03160338054993453,0.03332936555172003,high_flow,6893620.csv
6893620,2023-06-24,nighttime,6,0.8698652650876821,0.02430065477486681,0.4106253458771371,1551.203125,0.03160338054993453,0.03332936555172003,high_flow,6893620.csv
6893620,2023-06-25,daytime,6,0.6824980773857392,0.13520792338906684,0.20486773286002827,1564.0625,0.03059159623854303,0.03344046343689243,high_flow,6893620.csv
6893620,2023-06-25,nighttime,6,0.6824316169844056,0.1352611822689426,0.0633954749128739,1564.0625,0.03059159623854303,0.03344046343689243,high_flow,6893620.csv
6893620,2023-06-26,daytime,6,0.7985986203336611,0.05675910028172581,0.2900942305023056,1551.671875,0.03148434710153553,0.03335317224139983,high_flow,6893620.csv
6893620,2023-06-26,nighttime,6,0.7795830579650782,0.06752111510864509,0.12960657370517872,1551.671875,0.03148434710153553,0.03335317224139983,high_flow,6893620.csv
6893620,2023-06-27,daytime,6,0.708572650098287,0.11501940252444456,0.20753737715347584,1522.46875,0.03368646589691703,0.03342856009205253,high_flow,6893620.csv
6893620,2023-06-27,nighttime,6,-0.19546815465816827,0.7105319720422346,-0.01642935377875043,1522.46875,0.03368646589691703,0.03342856009205253,high_flow,6893620.csv
6893620,2023-06-28,daytime,6,-0.1899419655527635,0.7185134100653183,-0.04949233246971636,1496.9375,0.03529341745030354,0.03371820814982343,high_flow,6893620.csv
6893620,2023-06-28,nighttime,6,0.8363855361540931,0.03796458470364976,0.3585481165166962,1496.9375,0.03529341745030354,0.03371820814982343,high_flow,6893620.csv
6893620,2023-06-29,daytime,6,0.7663878368071029,0.07548731400847691,0.2720325526002368,1484.53125,0.03600761814069753,0.03388088719596873,high_flow,6893620.csv
6893620,2023-06-29,nighttime,6,0.931660124270064,0.00684592274189915,0.4645583424209336,1484.53125,0.03600761814069753,0.03388088719596873,high_flow,6893620.csv
6893620,2023-06-30,daytime,6,0.1191246765201916,0.8221582158116312,0.03244635433434558,1479.96875,0.03642423521009404,0.03391262944887513,high_flow,6893620.csv
6893620,2023-06-30,nighttime,6,0.5228905126486484,0.2871471519819575,0.08601804123711523,1479.96875,0.03642423521009404,0.03391262944887513,high_flow,6893620.csv
6893620,2023-07-01,daytime,6,0.5320797506948319,0.27719862007440527,0.2887017925040721,1485.859375,0.03588858469229854,0.03390469388564853,high_flow,6893620.csv
6893620,2023-07-01,nighttime,6,-0.4205081869904064,0.4064163485577034,-0.06011165916851772,1485.859375,0.03588858469229854,0.03390469388564853,high_flow,6893620.csv
6893620,2023-07-02,daytime,6,0.8857688734416116,0.01882783869016315,0.258665171060012,1509.40625,0.03446018331151053,0.03388485497758203,high_flow,6893620.csv
6893620,2023-07-02,nighttime,6,-0.4502751195383896,0.3702334393538768,-0.23127880184331864,1509.40625,0.03446018331151053,0.03388485497758203,high_flow,6893620.csv
6893620,2023-07-03,daytime,6,0.8914752449014226,0.01702735190675225,0.31624638280281153,1529.40625,0.03309129865492203,0.03391262944887513,high_flow,6893620.csv
6893620,2023-07-03,nighttime,6,0.9012903210259772,0.01413450723501514,0.21283118020582015,1529.40625,0.03309129865492203,0.03391262944887513,high_flow,6893620.csv
6893620,2023-07-04,daytime,6,0.3507263388896849,0.49548173360134473,0.09709009513150504,1504.609375,0.03457921675990953,0.03391659723048843,high_flow,6893620.csv
6893620,2023-07-04,nighttime,6,0.980443640707151,5.699371067565185e-4,0.29864690721649156,1504.609375,0.03457921675990953,0.03391659723048843,high_flow,6893620.csv
6893620,2023-07-05,daytime,6,-0.8788202556565893,0.02113706183649289,-0.35637204522097565,1471.484375,0.03690036900369004,0.03380153156370273,high_flow,6893620.csv
6893620,2023-07-05,nighttime,6,-0.867830377528762,0.02504879070412294,-0.452541106128548,1471.484375,0.03690036900369004,0.03380153156370273,high_flow,6893620.csv
6893620,2023-07-06,daytime,6,0.6656955704183115,0.1489583375918155,0.2623320795271369,1517.28125,0.03410308296631353,0.03342856009205253,high_flow,6893620.csv
6893620,2023-07-06,nighttime,6,0.9782294758124204,7.057744528329079e-4,0.5980830670926484,1517.28125,0.03410308296631353,0.03342856009205253,high_flow,6893620.csv
6893620,2023-07-07,daytime,6,0.7715194378613492,0.07234132356250737,0.4052287581699387,1539.328125,0.03231758124032853,0.03270642383843193,high_flow,6893620.csv
6893620,2023-07-07,nighttime,6,0.7320749915069114,0.09805937628849395,0.494652406417111,1539.328125,0.03231758124032853,0.03270642383843193,high_flow,6893620.csv
6893620,2023-07-08,daytime,6,0.9692067757270564,0.00140773457515335,1.2737556561086016,1543.75,0.03213903106773003,0.03182160853866603,high_flow,6893620.csv
6893620,2023-07-08,nighttime,6,0.7274715238515591,0.10128706927572716,0.35532994923858646,1543.75,0.03213903106773003,0.03182160853866603,high_flow,6893620.csv
6893620,2023-07-09,daytime,6,0.8573820110088153,0.0290594190158852,0.20166567519333695,1555.15625,0.03130579692893703,0.03100424552632623,high_flow,6893620.csv
6893620,2023-07-09,nighttime,6,0.9637881579547102,0.00194320400741924,1.0528756957328167,1555.15625,0.03130579692893703,0.03100424552632623,high_flow,6893620.csv
6893620,2023-07-10,daytime,6,0.6497317815035355,0.1625449144055471,0.16594112666234964,1557.671875,0.03100821330793953,0.03032178708883863,high_flow,6893620.csv
6893620,2023-07-10,nighttime,6,0.8639878351369216,0.02649089795396097,0.09952999723527764,1557.671875,0.03100821330793953,0.03032178708883863,high_flow,6893620.csv
6893620,2023-07-11,daytime,6,0.2532561436200475,0.6282375412226207,0.04269931322782882,1551.328125,0.03154386382573503,0.02979010435265643,high_flow,6893620.csv
6893620,2023-07-11,nighttime,6,0.01544750844058657,0.9768305804239644,0.00190900413617839,1551.328125,0.03154386382573503,0.02979010435265643,high_flow,6893620.csv
6893620,2023-08-10,daytime,6,0.8642178228014175,0.02640350506900927,0.6916010498687729,1499.578125,0.03505535055350553,0.02950839185811213,high_flow,6893620.csv
6893620,2023-08-10,nighttime,6,0.9895400258776368,1.635443695397225e-4,1.355857385398978,1499.578125,0.03505535055350553,0.02950839185811213,high_flow,6893620.csv
6893620,2023-08-11,daytime,6,0.8345438490548999,0.03879886471843762,0.36673089274245474,1527.171875,0.03332936555172003,0.02877038447803832,high_flow,6893620.csv
6893620,2023-08-11,nighttime,6,0.9946060523819924,4.356353879329823e-5,0.4629878869448122,1527.171875,0.03332936555172003,0.02877038447803832,high_flow,6893620.csv
6893620,2023-08-12,daytime,6,0.31612048348954275,0.5416145761462706,0.07603801900950398,1551.703125,0.03142483037733603,0.02840138078800143,high_flow,6893620.csv
6893620,2023-08-12,nighttime,6,0.8902724687210786,0.01739962974878288,0.2849162011173186,1551.703125,0.03142483037733603,0.02840138078800143,high_flow,6893620.csv
6893620,2023-08-13,daytime,6,0.4966036024385732,0.31632957930430183,1.423197492162964,1579.1015625,0.02922271158195452,0.02841725191445462,high_flow,6893620.csv
6893620,2023-08-13,nighttime,6,0.9911729056090868,1.165325000945443e-4,0.588983050847452,1579.1015625,0.02922271158195452,0.02841725191445462,high_flow,6893620.csv
6893620,2023-08-14,daytime,6,0.8193066547955004,0.04602530096175031,0.35829493087557196,1698.1484375,0.02303297226520652,0.02837360631670833,high_flow,6893620.csv
6893620,2023-08-14,nighttime,6,0.8928334177945517,0.01661162775676328,0.32948929159802465,1698.1484375,0.02303297226520652,0.02837360631670833,high_flow,6893620.csv
6893620,2023-08-15,daytime,6,0.6155336240475101,0.19330675912390555,0.13645038167938453,1763.2578125,0.02053326984882752,0.02819902392572312,high_flow,6893620.csv
6893620,2023-08-15,nighttime,6,0.9715141248210696,0.00120561026536561,0.2271114265436479,1763.2578125,0.02053326984882752,0.02819902392572312,high_flow,6893620.csv
6893620,2023-08-16,daytime,6,0.9115971507439772,0.01137715868327495,0.15207373271889307,1755.625,0.02094988691822402,0.02800857040828473,high_flow,6893620.csv
6893620,2023-08-16,nighttime,6,0.9224325030077452,0.00879172406147999,0.17204470328978436,1755.625,0.02094988691822402,0.02800857040828473,high_flow,6893620.csv
6893620,2023-08-17,daytime,6,0.565248660193528,0.24242719244534217,0.13411952828302687,1715.9375,0.02231877157481252,0.02783795579891283,high_flow,6893620.csv
6893620,2023-08-17,nighttime,6,0.9530165227545933,0.00325931393000749,0.4116485686080931,1715.9375,0.02231877157481252,0.02783795579891283,high_flow,6893620.csv
6893620,2023-08-18,daytime,6,0.7981473027892115,0.0570045722984921,0.14221771305800768,1678.578125,0.02374717295560052,0.02781018132761972,high_flow,6893620.csv
6893620,2023-08-18,nighttime,6,0.9561236819552053,0.00284546309147896,0.2629656683710749,1678.578125,0.02374717295560052,0.02781018132761972,high_flow,6893620.csv
6893620,2023-08-19,daytime,6,0.3625714243107806,0.479974327521673,0.07384012197778289,1641.4921875,0.02571122485418402,0.02800063484505812,high_flow,6893620.csv
6893620,2023-08-19,nighttime,6,0.9436158958517544,0.00467912355362864,1.4999999999999585,1641.4921875,0.02571122485418402,0.02800063484505812,high_flow,6893620.csv
6893620,2023-08-20,daytime,6,0.24709053302669529,0.6369070999911695,0.04481657507797258,1610.6171875,0.02702059278657303,0.02820695948894972,high_flow,6893620.csv
6893620,2023-08-20,nighttime,6,0.8825330785145205,0.0198872841199428,0.2731760833790455,1610.6171875,0.02702059278657303,0.02820695948894972,high_flow,6893620.csv
6893620,2023-08-21,daytime,6,-0.07199678477432198,0.8921914218380386,-0.02139335875732597,1585.2734375,0.02892512796095702,0.02858389874221323,high_flow,6893620.csv
6893620,2023-08-21,nighttime,6,0.9381823516444848,0.00561401682247573,0.2795440911817616,1585.2734375,0.02892512796095702,0.02858389874221323,high_flow,6893620.csv
6893620,2023-08-22,daytime,6,0.14549255606584233,0.7833010652159094,0.03903383611903748,1563.3359375,0.03065111296274253,0.02948458516843233,high_flow,6893620.csv
6893620,2023-08-22,nighttime,6,0.6999738422967254,0.1215200113614328,0.04611420046114358,1563.3359375,0.03065111296274253,0.02948458516843233,high_flow,6893620.csv
6893620,2023-08-23,daytime,6,0.542237947590983,0.2663580193057302,0.14388942774005786,1544.2265625,0.03207951434353053,0.03066698408919573,high_flow,6893620.csv
6893620,2023-08-23,nighttime,6,0.9159600828715244,0.01029728682275642,0.6547202797202684,1544.2265625,0.03207951434353053,0.03066698408919573,high_flow,6893620.csv
6893620,2023-08-24,daytime,6,0.27227432556956144,0.601680809914231,0.08283997910499646,1525.296875,0.03356743244851803,0.03189302860770543,high_flow,6893620.csv
6893620,2023-08-24,nighttime,6,0.3482989403465132,0.49867803644987674,0.09459459459459896,1525.296875,0.03356743244851803,0.03189302860770543,high_flow,6893620.csv
6893620,2023-08-25,daytime,6,-0.00814832400779367,0.987777784493046,-0.00212464589235278,1504.53125,0.03463873348410903,0.03312304090782844,high_flow,6893620.csv
6893620,2023-08-25,nighttime,6,0.5712886811237883,0.23629293802772955,0.09791122715405004,1504.53125,0.03463873348410903,0.03312304090782844,high_flow,6893620.csv
6893620,2023-08-26,daytime,6,0.952331905258764,0.00335421403564573,1.5130753138075417,1482.7734375,0.03618616831329604,0.03442050549537753,high_flow,6893620.csv
6893620,2023-08-26,nighttime,6,0.6565011649707349,0.1567222117477714,0.1439536567704575,1482.7734375,0.03618616831329604,0.03442050549537753,high_flow,6893620.csv
6893620,2023-08-27,daytime,6,0.6944853007206169,0.12575059359601318,0.3388950685947351,1509.046875,0.03451970003571003,0.03584097131293894,high_flow,6893620.csv
6893620,2023-08-27,nighttime,6,0.9344319460918484,0.00630781044484806,0.38019559902200234,1509.046875,0.03451970003571003,0.03584097131293894,high_flow,6893620.csv
6893620,2023-08-28,daytime,6,0.8663538299679396,0.02559840106053816,0.3857644416337734,1500.7421875,0.03487680038090703,0.03741221283180573,high_flow,6893620.csv
6893620,2023-08-28,nighttime,6,0.9591453666721728,0.00246955634054122,0.3669527896995706,1500.7421875,0.03487680038090703,0.03741221283180573,high_flow,6893620.csv
6893620,2023-08-29,daytime,6,0.8309589946842222,0.04044713056173888,0.4026607538802668,1478.3984375,0.03654326865849303,0.03921358568424394,high_flow,6893620.csv
6893620,2023-08-29,nighttime,6,0.9859347476749424,2.953557107136428e-4,0.4331230621191045,1478.3984375,0.03654326865849303,0.03921358568424394,high_flow,6893620.csv
6893620,2023-08-30,daytime,6,-0.1908395275901942,0.7172158701994438,-0.03871229772771203,1446.671875,0.03826925366027853,0.04120144427250724,high_flow,6893620.csv
6893620,2023-08-30,nighttime,6,0.8893492663035489,0.01768799647700909,0.372939308828916,1446.671875,0.03826925366027853,0.04120144427250724,high_flow,6893620.csv
6893620,2023-08-31,daytime,6,0.8606489540203963,0.02777506196858745,0.315492245448415,1405.8203125,0.03934055469586954,0.04351466095306114,high_flow,6893620.csv
6893620,2023-08-31,nighttime,6,0.951060576697715,0.00353399412711739,0.26196678606317125,1405.8203125,0.03934055469586954,0.04351466095306114,high_flow,6893620.csv
6893620,2023-09-01,daytime,6,0.8115056883281456,0.04994654690596702,0.3340634308743642,1350.4296875,0.04076895607665754,0.04614530016267904,high_flow,6893620.csv
6893620,2023-09-01,nighttime,6,0.935398823205007,0.00612516763038203,0.2170352941176482,1350.4296875,0.04076895607665754,0.04614530016267904,high_flow,6893620.csv
6893620,2023-09-02,daytime,6,0.8675861516150069,0.02513930657779956,0.3892462052997176,1290.703125,0.04320914176883704,0.04899813514264175,high_flow,6893620.csv
6893620,2023-09-02,nighttime,6,0.8796243907698618,0.02086329236561064,0.451226882630244,1290.703125,0.04320914176883704,0.04899813514264175,high_flow,6893620.csv
6893620,2023-09-03,daytime,6,0.8656574490154166,0.02585957963367504,0.4837945099768505,1233.1171875,0.04701821211760505,0.05213665039876205,high_flow,6893620.csv
6893620,2023-09-03,nighttime,6,0.9498425674471196,0.00371055982754516,0.2059819413092548,1233.1171875,0.04701821211760505,0.05213665039876205,high_flow,6893620.csv
6893620,2023-09-04,daytime,6,0.880520821573296,0.02056011210698118,0.6860301860301863,1177.6171875,0.05058921556957505,0.05570368606911875,high_flow,6893620.csv
6893620,2023-09-04,nighttime,6,0.9847960567018718,3.449825667750879e-4,0.34697262925075517,1177.6171875,0.05058921556957505,0.05570368606911875,high_flow,6893620.csv
6893620,2023-09-05,daytime,6,0.6822742312302542,0.1353873413874725,0.3500017607493718,1122.8671875,0.05594572074753005,0.05932230290044836,high_flow,6893620.csv
6893620,2023-09-05,nighttime,6,0.917783430535383,0.00986147234810938,0.29681978798586084,1122.8671875,0.05594572074753005,0.05932230290044836,high_flow,6893620.csv
6893620,2023-09-06,daytime,6,0.9404005156388008,0.00522229618360475,0.9786671368124122,1068.9609375,0.06046899178669206,0.06297266198468436,high_flow,6893620.csv
6893620,2023-09-06,nighttime,6,-0.8494672142410788,0.03228463391888023,-0.19744879020011283,1068.9609375,0.06046899178669206,0.06297266198468436,high_flow,6893620.csv
6893620,2023-09-07,daytime,6,0.8185223233927653,0.04641281441115225,0.5830698981383929,1017.9453125,0.06677776455183906,0.06666269888505337,high_flow,6893620.csv
6893620,2023-09-07,nighttime,6,0.8590318507022383,0.02840736779582718,0.18963314473444143,1017.9453125,0.06677776455183906,0.06666269888505337,high_flow,6893620.csv
6893620,2023-09-08,daytime,6,0.8988317962508914,0.01483477961637137,0.6349845491150878,972.46875,0.07302702059278657,0.07043209141768837,high_flow,6893620.csv
6893620,2023-09-08,nighttime,6,-0.4638913619863469,0.3540765532395013,-0.16977711421563052,972.46875,0.07302702059278657,0.07043209141768837,high_flow,6893620.csv
6893620,2023-09-09,daytime,6,0.9189901797533062,0.00957806930692701,0.6645650100667584,933.984375,0.07743125818354958,0.07421735507677657,high_flow,6893620.csv
6893620,2023-09-09,nighttime,6,-0.4103170186192095,0.41906497013994487,-0.03875914952945078,933.984375,0.07743125818354958,0.07421735507677657,high_flow,6893620.csv
6893620,2023-09-10,daytime,6,0.9523680402585966,0.00334917160260842,0.9462106891218406,901.0234375,0.08326389715510059,0.07754235606872198,high_flow,6893620.csv
6893620,2023-09-10,nighttime,6,0.8687749383172828,0.02470017633617619,0.1151122194513719,901.0234375,0.08326389715510059,0.07754235606872198,high_flow,6893620.csv
6893620,2023-09-11,daytime,6,0.7826881996832209,0.06570541612762082,2.638225255972723,874.109375,0.08802523509106058,0.08057374122128318,high_flow,6893620.csv
6893620,2023-09-11,nighttime,6,0.9364036893434032,0.00593812874926681,0.06933247339568162,874.109375,0.08802523509106058,0.08057374122128318,high_flow,6893620.csv
6893620,2023-09-12,daytime,6,0.9362255694571228,0.00597107600645395,0.6541932997141339,870.171875,0.08915605285085108,0.08327976828155378,high_flow,6893620.csv
6893620,2023-09-12,nighttime,6,0.397980953899958,0.4345464398989771,0.0761161915008081,870.171875,0.08915605285085108,0.08327976828155378,high_flow,6893620.csv
6893620,2023-09-13,daytime,6,0.9448835813002598,0.00447301254664022,0.8800180054834915,862.7578125,0.0912986549220331,0.08547791929532199,high_flow,6893620.csv
6893620,2023-09-13,nighttime,6,0.9309181670446592,0.00699360986327836,0.14932468120425696,862.7578125,0.0912986549220331,0.08547791929532199,high_flow,6893620.csv
6893620,2023-09-14,daytime,6,0.4071161569318141,0.42306420625958985,0.2547887693518754,854.265625,0.0936198071658136,0.08727532436614689,high_flow,6893620.csv
6893620,2023-09-14,nighttime,6,0.923653460390472,0.00852068703531308,0.20057929036929692,854.265625,0.0936198071658136,0.08727532436614689,high_flow,6893620.csv
6893620,2023-09-15,daytime,6,0.9327053517478614,0.00664048027310443,0.760911270983212,846.1640625,0.0958814426853946,0.08853311113756299,high_flow,6893620.csv
6893620,2023-09-15,nighttime,6,0.9593973075155232,0.00243939958976639,0.23882017126546223,846.1640625,0.0958814426853946,0.08853311113756299,high_flow,6893620.csv
6893620,2023-09-16,daytime,6,0.7395283302857011,0.092932321959931,0.5493415007656979,840.6953125,0.0975479109629806,0.08881085585049399,high_flow,6893620.csv
6893620,2023-09-16,nighttime,6,0.953761777742568,0.00315753175634766,0.986175115207382,840.6953125,0.0975479109629806,0.08881085585049399,high_flow,6893620.csv
6893620,2023-09-17,daytime,6,0.7635029222156973,0.07728255830439092,0.3496628322094407,855.4609375,0.0930841566480181,0.0877712970678094,high_flow,6893620.csv
6893620,2023-09-17,nighttime,6,0.9713720588274558,0.0012176073800224,0.21138816524004617,855.4609375,0.0930841566480181,0.0877712970678094,high_flow,6893620.csv
6893620,2023-09-18,daytime,6,0.8278918886507809,0.04188277842290757,0.615025744602169,858.5078125,0.0924889894060231,0.08621195889378248,high_flow,6893620.csv
6893620,2023-09-18,nighttime,6,0.6339034245161376,0.17650669545236575,0.08259911894273182,858.5078125,0.0924889894060231,0.08621195889378248,high_flow,6893620.csv
6893620,2023-09-19,daytime,6,0.8832797720952041,0.01964034187767667,0.956431535269706,862.8984375,0.09117962147363408,0.08453358727135658,high_flow,6893620.csv
6893620,2023-09-19,nighttime,6,0.9650590026988998,0.00180998067338595,0.3665908352291176,862.8984375,0.09117962147363408,0.08453358727135658,high_flow,6893620.csv
6893620,2023-09-20,daytime,6,0.8521350600050906,0.03117959820275881,0.6393805309734512,870.48046875,0.08891798595405309,0.08310121810895528,high_flow,6893620.csv
6893620,2023-09-20,nighttime,6,0.5523174528141831,0.2557673019509276,0.1466083150984727,870.48046875,0.08891798595405309,0.08310121810895528,high_flow,6893620.csv
6893620,2023-09-21,daytime,6,0.913837814386558,0.0108160526619609,0.6658634538152614,878.20703125,0.08743006784906558,0.08171249454430028,high_flow,6893620.csv
6893620,2023-09-21,nighttime,6,0.9126977474405368,0.01109982989265663,0.11541804276029977,878.20703125,0.08743006784906558,0.08171249454430028,high_flow,6893620.csv
6893620,2023-09-22,daytime,6,0.6910932613733682,0.1283965982562282,1.001109877913431,887.59765625,0.08564456612308058,0.08033567432448518,high_flow,6893620.csv
6893620,2023-09-22,nighttime,6,0.8514290118362249,0.03147027892765172,0.4588173178458297,887.59765625,0.08564456612308058,0.08033567432448518,high_flow,6893620.csv
6893620,2023-09-23,daytime,6,0.7751509458960889,0.07015178796301523,0.511182902584493,937.3046875,0.07719319128675158,0.07890727294369718,high_flow,6893620.csv
6893620,2023-09-23,nighttime,6,0.9734875749943964,0.00104504511268876,2.095768374164751,937.3046875,0.07719319128675158,0.07890727294369718,high_flow,6893620.csv
6893620,2023-09-24,daytime,6,-0.3369761973066937,0.5136680259542391,-0.11913181319351453,1060.71875,0.06183787644328056,0.07745506487322938,high_flow,6893620.csv
6893620,2023-09-24,nighttime,6,0.978526404419636,6.867220589127336e-4,0.8985395849346688,1060.71875,0.06183787644328056,0.07745506487322938,high_flow,6893620.csv
6893620,2023-09-25,daytime,6,-0.19929755554738057,0.7050116678669318,-0.04869958005434791,1076.9609375,0.05987382454469706,0.07638773161925168,high_flow,6893620.csv
6893620,2023-09-25,nighttime,6,0.9368219533869911,0.00586111186171426,0.4422600363456099,1076.9609375,0.05987382454469706,0.07638773161925168,high_flow,6893620.csv
6893620,2023-09-26,daytime,6,0.8294330611924373,0.04115846207085285,0.22632058287796025,1049.0390625,0.06284966075467206,0.07540372177915328,high_flow,6893620.csv
6893620,2023-09-26,nighttime,6,-0.19606069594692985,0.7096772227060583,-0.01639344262294925,1049.0390625,0.06284966075467206,0.07540372177915328,high_flow,6893620.csv
6893620,2023-09-28,daytime,6,-0.4754825027681332,0.34052564631091226,-0.13459598789644975,989.15625,0.07046780145220807,0.07381660913383327,high_flow,6893620.csv
6893620,2023-09-28,nighttime,6,0.13242992742975015,0.8025163660762559,0.17183098591550297,989.15625,0.07046780145220807,0.07381660913383327,high_flow,6893620.csv
6893620,2023-09-29,daytime,6,-0.6698966446246333,0.14546694945624009,-0.3238104718295869,972.8828125,0.07296750386858707,0.07313018291473238,high_flow,6893620.csv
6893620,2023-09-29,nighttime,6,0.9337524766808608,0.00643773012841841,0.28928571428571415,972.8828125,0.07296750386858707,0.07313018291473238,high_flow,6893620.csv
6893620,2023-09-30,daytime,6,-0.4180042201244956,0.4095120918599718,-0.17531364349190015,959.94921875,0.07445542197357458,0.07241201444272508,high_flow,6893620.csv
6893620,2023-09-30,nighttime,6,0.8793002735527949,0.02097343355300838,0.2850241545893694,959.94921875,0.07445542197357458,0.07241201444272508,high_flow,6893620.csv
6893620,2023-10-01,daytime,6,0.0749204204146244,0.8878296361375122,0.02956950282649419,948.36328125,0.07576478990596358,0.07203904297107487,high_flow,6893620.csv
6893620,2023-10-01,nighttime,6,0.959705248880367,0.00240278782350554,0.19473293768545985,948.36328125,0.07576478990596358,0.07203904297107487,high_flow,6893620.csv
6893620,2023-10-02,daytime,6,-0.48380392756214274,0.330915191846148,-0.2280190946947908,938.203125,0.07707415783835257,0.07254691901757727,high_flow,6893620.csv
6893620,2023-10-02,nighttime,6,0.7014237082166289,0.1204129929495084,0.2171922685656172,938.203125,0.07707415783835257,0.07254691901757727,high_flow,6893620.csv
6893620,2023-10-03,daytime,6,0.6584300627757959,0.1550795469751558,0.3916550764951322,931,0.07772884180454707,0.07318573185731857,high_flow,6893620.csv
6893620,2023-10-03,nighttime,6,0.9057152381443564,0.0129153467984895,0.530429257271955,931,0.07772884180454707,0.07318573185731857,high_flow,6893620.csv
6893620,2023-10-04,daytime,6,0.8596467033455367,0.02816615866708297,0.80763325290634,926.91796875,0.07838352577074158,0.07374915684640718,high_flow,6893620.csv
6893620,2023-10-04,nighttime,6,-0.2121927641808321,0.6864879249386016,-0.1103857566765577,926.91796875,0.07838352577074158,0.07374915684640718,high_flow,6893620.csv
6893620,2023-10-05,daytime,6,0.8788484217021989,0.02112744382740343,0.5380453957426808,929.5625,0.07790739197714558,0.07413403166289727,high_flow,6893620.csv
6893620,2023-10-05,nighttime,6,0.6535340296102486,0.15926334605016934,0.04350161117078601,929.5625,0.07790739197714558,0.07413403166289727,high_flow,6893620.csv
6893620,2023-10-06,daytime,6,0.8649796444842445,0.02611500055258006,1.365239294710327,937.73828125,0.07713367456255207,0.07445542197357458,high_flow,6893620.csv
6893620,2023-10-06,nighttime,6,-0.8879544587728574,0.01812798371111525,-0.10964610717896764,937.73828125,0.07713367456255207,0.07445542197357458,high_flow,6893620.csv
6893620,2023-10-07,daytime,6,0.8645230746191385,0.02628772440392942,0.5176387995085682,958.1015625,0.07487203904297107,0.07463000436455977,high_flow,6893620.csv
6893620,2023-10-07,nighttime,6,-0.9941422390578282,5.136954514391385e-5,-0.20739786529259888,958.1015625,0.07487203904297107,0.07463000436455977,high_flow,6893620.csv
6893620,2023-10-09,daytime,6,0.938738560469845,0.00551448997220545,0.8682310469314056,997.34375,0.06945601714081658,0.07449113200809428,high_flow,6893620.csv
6893620,2023-10-09,nighttime,6,0.6941912746253113,0.12597900526969424,0.09280639431616548,997.34375,0.06945601714081658,0.07449113200809428,high_flow,6893620.csv
6893620,2023-10-10,daytime,6,0.9452106672612708,0.00442057121889821,0.7084462000354533,997.34375,0.06945601714081658,0.07408245050192437,high_flow,6893620.csv
6893620,2023-10-10,nighttime,6,-0.7113205132188183,0.11297509449275438,-0.05168580955909413,997.34375,0.06945601714081658,0.07408245050192437,high_flow,6893620.csv
6893620,2023-10-11,daytime,6,0.8298595843176882,0.04095904952388848,0.8327147401908821,984.109375,0.07130103559100107,0.07329682974249098,high_flow,6893620.csv
6893620,2023-10-11,nighttime,6,NA,NA,NA,984.109375,0.07130103559100107,0.07329682974249098,high_flow,6893620.csv
6893620,2023-10-12,daytime,6,0.2588154269717722,0.6204452902593462,0.1993708218639348,969.05078125,0.07344363766218308,0.07214617307463397,high_flow,6893620.csv
6893620,2023-10-12,nighttime,6,0.2252939971107004,0.6677766714238256,0.1918876755070277,969.05078125,0.07344363766218308,0.07214617307463397,high_flow,6893620.csv
6893620,2023-10-13,daytime,6,0.9644914292015772,0.00186890225678486,1.9567859554355087,954.06640625,0.07528865611236757,0.07078522398127207,high_flow,6893620.csv
6893620,2023-10-13,nighttime,6,0.582943401068712,0.22463368866701372,9.599999999996784,954.06640625,0.07528865611236757,0.07078522398127207,high_flow,6893620.csv
6893620,2023-10-14,daytime,6,0.9790168244987442,6.55821101666548e-4,4.338028169014188,948.78125,0.07558623973336508,0.06917827242788557,high_flow,6893620.csv
6893620,2023-10-14,nighttime,6,-0.4443936721729352,0.37729019742252923,-0.04161889474890429,948.78125,0.07558623973336508,0.06917827242788557,high_flow,6893620.csv
6893620,2023-10-15,daytime,6,0.9819724665159536,4.8455854352542774e-4,1.4109396914446006,959.11328125,0.07463397214617308,0.06757925643772567,high_flow,6893620.csv
6893620,2023-10-15,nighttime,6,0.7890912534217133,0.06203287498004339,0.3424657534246525,959.11328125,0.07463397214617308,0.06757925643772567,high_flow,6893620.csv
6893620,2023-10-16,daytime,6,0.9554484882077852,0.00293304205543086,0.8312199926135689,968.7578125,0.07350315438638258,0.06611117724080467,high_flow,6893620.csv
6893620,2023-10-16,nighttime,6,0.9754230944514464,8.986139055965605e-4,0.8899929027679158,968.7578125,0.07350315438638258,0.06611117724080467,high_flow,6893620.csv
6893620,2023-10-17,daytime,6,0.9309224548549396,0.00699275195364383,0.710432828246211,987.41015625,0.07094393524580407,0.06474626036582946,high_flow,6893620.csv
6893620,2023-10-17,nighttime,6,0.8325096618147609,0.03973021572859029,0.1539342385080977,987.41015625,0.07094393524580407,0.06474626036582946,high_flow,6893620.csv
6893620,2023-10-18,daytime,6,0.32396645144340647,0.531051152691952,0.2158840214308182,1021.875,0.06594453041304607,0.06315914772050947,high_flow,6893620.csv
6893620,2023-10-18,nighttime,6,0.8141901307478858,0.04858038982993234,1.337142857142857,1021.875,0.06594453041304607,0.06315914772050947,high_flow,6893620.csv
6893620,2023-10-19,daytime,6,0.8041477839899717,0.05378087725931848,0.9275451877027692,1064.65625,0.06112367575288656,0.06105622346546046,high_flow,6893620.csv
6893620,2023-10-19,nighttime,6,0.787418328659799,0.06298306483860479,1.6750000000000085,1064.65625,0.06112367575288656,0.06105622346546046,high_flow,6893620.csv
6893620,2023-10-20,daytime,6,0.9374148305579402,0.00575278511858161,0.7216305545354383,1107.45703125,0.05749315557671706,0.05891362139427846,high_flow,6893620.csv
6893620,2023-10-20,nighttime,6,0.917196922593602,0.01000066101746984,0.4513800297167908,1107.45703125,0.05749315557671706,0.05891362139427846,high_flow,6893620.csv
6893620,2023-10-21,daytime,6,0.9954884168881032,3.0485658019890895e-5,1.2568374422187938,1145.0625,0.05302940126175455,0.05685037495536246,high_flow,6893620.csv
6893620,2023-10-21,nighttime,6,0.969166069220858,0.00141143953958839,0.8305695746214848,1145.0625,0.05302940126175455,0.05685037495536246,high_flow,6893620.csv
6893620,2023-10-22,daytime,6,0.8909505101154045,0.01718928998164468,0.9603647190174914,1174.71484375,0.05088679919057255,0.05505296988453755,high_flow,6893620.csv
6893620,2023-10-22,nighttime,6,0.986313993923664,2.796784027386226e-4,0.3986260852972071,1174.71484375,0.05088679919057255,0.05505296988453755,high_flow,6893620.csv
6893620,2023-10-23,daytime,6,0.40361507434914,0.4274528711998876,0.2946492271105779,1195.0625,0.04957743125818355,0.05348569614728405,high_flow,6893620.csv
6893620,2023-10-23,nighttime,6,0.8201206403747461,0.04562473522227071,3.0000000000001146,1195.0625,0.04957743125818355,0.05348569614728405,high_flow,6893620.csv
6893620,2023-10-24,daytime,6,0.09981088680456549,0.8507808384564087,0.1552901023890724,1202.00390625,0.04898226401618855,0.05227552275522755,high_flow,6893620.csv
6893620,2023-10-24,nighttime,6,-0.8838668775765934,0.01944721515798643,-3.2000000000001134,1202.00390625,0.04898226401618855,0.05227552275522755,high_flow,6893620.csv
6893620,2023-10-25,daytime,6,0.897737172907242,0.01515181244987126,0.18100128369704743,1250.60546875,0.04564932746101655,0.05148593421418085,high_flow,6893620.csv
6893620,2023-10-25,nighttime,6,0.35063578699028586,0.4956008577207128,1.1400778210116649,1250.60546875,0.04564932746101655,0.05148593421418085,high_flow,6893620.csv
6893620,2023-10-26,daytime,6,-0.974204709370566,9.895134732453386e-4,-0.801309202926457,1387.90625,0.03975717176526604,0.05120025393802325,high_flow,6893620.csv
6893620,2023-10-26,nighttime,6,0.99013593956086,1.4546964751722442e-4,0.7800212539851171,1387.90625,0.03975717176526604,0.05120025393802325,high_flow,6893620.csv
6893620,2023-10-27,daytime,6,-0.9740536741283696,0.00100108405264317,-0.29093198992443003,1329.4296875,0.04130460659445304,0.05133119073126215,high_flow,6893620.csv
6893620,2023-10-27,nighttime,6,0.9197137981189633,0.00941005393956231,0.34131736526947054,1329.4296875,0.04130460659445304,0.05133119073126215,high_flow,6893620.csv
6893620,2023-10-28,daytime,6,-0.993905349184224,5.560396065233455e-5,-0.8825410360264305,1265.92578125,0.04433995952862754,0.05172400111097885,high_flow,6893620.csv
6893620,2023-10-28,nighttime,6,-0.9685687730131884,0.00146635724406123,-0.27811458017580615,1265.92578125,0.04433995952862754,0.05172400111097885,high_flow,6893620.csv
6893620,2023-10-29,daytime,6,NA,NA,NA,1207.58984375,0.04862516367099154,0.05235884616910685,high_flow,6893620.csv
6893620,2023-10-29,nighttime,6,0.9366299418075108,0.00589640680507204,2.206896551724132,1207.58984375,0.04862516367099154,0.05235884616910685,high_flow,6893620.csv
6893620,2023-10-30,daytime,6,0.700835062569956,0.120861909621111,0.12974296205629177,1171.34765625,0.05112486608737055,0.05309685354918065,high_flow,6893620.csv
6893620,2023-10-30,nighttime,6,-0.8356181279478182,0.03831118564189205,-0.12143611404434863,1171.34765625,0.05112486608737055,0.05309685354918065,high_flow,6893620.csv
6893620,2023-10-31,daytime,6,0.9283763096004768,0.00751121645600498,0.14702702702702505,1127.75390625,0.05535055350553505,0.05388247430861406,high_flow,6893620.csv
6893620,2023-10-31,nighttime,6,0.9071540609796516,0.01253036948980062,0.3291713961407508,1127.75390625,0.05535055350553505,0.05388247430861406,high_flow,6893620.csv
6893620,2023-11-01,daytime,6,0.37178743297319966,0.46801417593532857,0.0610909090909072,1089.6015625,0.05910010713010356,0.05475141848192676,high_flow,6893620.csv
6893620,2023-11-01,nighttime,6,-0.8333926410014774,0.03932467356747285,-0.08500380614056806,1089.6015625,0.05910010713010356,0.05475141848192676,high_flow,6893620.csv
6893620,2023-11-02,daytime,6,-0.40102244928123904,0.4307123416815938,-0.08477107486736167,1061.859375,0.06165932627068206,0.05589017180494386,high_flow,6893620.csv
6893620,2023-11-02,nighttime,6,-0.9766062643030808,8.144989965314049e-4,-0.27666314677930115,1061.859375,0.06165932627068206,0.05589017180494386,high_flow,6893620.csv
6893620,2023-11-03,daytime,6,-0.776474519238196,0.06936138743744186,-0.2478474784747886,1045.30859375,0.06308772765147007,0.05748125223187716,high_flow,6893620.csv
6893620,2023-11-03,nighttime,6,-0.4250000000000012,0.40088281249999846,-0.02656249999999187,1045.30859375,0.06308772765147007,0.05748125223187716,high_flow,6893620.csv
6893620,2023-11-04,daytime,6,-0.7966685085733759,0.05781230548469078,-0.7049180327869025,1041.62109375,0.06338531127246756,0.05905249375074396,high_flow,6893620.csv
6893620,2023-11-04,nighttime,6,0.8988622088667065,0.01482601740420931,0.5892116182572569,1041.62109375,0.06338531127246756,0.05905249375074396,high_flow,6893620.csv
6893620,2023-11-06,daytime,6,0.04275331159153656,0.9359091058400468,0.04979466119096423,1060.3046875,0.06195690989167956,0.06177835971908106,high_flow,6893620.csv
6893620,2023-11-06,nighttime,6,0.45342265631875234,0.3664760747651634,0.13157894736843115,1060.3046875,0.06195690989167956,0.06177835971908106,high_flow,6893620.csv
6893620,2023-11-07,daytime,6,-0.2516486770838899,0.6304950693924918,-0.18755218703834584,1063.5234375,0.06136174264968456,0.06297662976629767,high_flow,6893620.csv
6893620,2023-11-07,nighttime,6,0.9208372149683074,0.00915207324660242,0.27352941176470125,1063.5234375,0.06136174264968456,0.06297662976629767,high_flow,6893620.csv
6893620,2023-11-08,daytime,6,-0.6433732093017533,0.16809562843282105,-1.4310344827586496,1059.421875,0.06201642661587906,0.06400031742252907,high_flow,6893620.csv
6893620,2023-11-08,nighttime,6,0.9668167411504748,0.00163342348300553,0.7455621301775152,1059.421875,0.06201642661587906,0.06400031742252907,high_flow,6893620.csv
6893620,2023-11-09,daytime,6,0.855243963851289,0.02991483357420712,1.0888135593220352,1050.375,0.06273062730627306,0.06487719715906837,high_flow,6893620.csv
6893620,2023-11-09,nighttime,6,-0.5045673743853413,0.3073773971378632,-0.05882352941176096,1050.375,0.06273062730627306,0.06487719715906837,high_flow,6893620.csv
6893620,2023-11-10,daytime,6,0.9296061881904036,0.00725852228007621,1.2418815193859485,1040.06640625,0.06362337816926557,0.06569456017140816,high_flow,6893620.csv
6893620,2023-11-10,nighttime,6,-0.8159964397185663,0.047671032485534,-0.23660714285713877,1040.06640625,0.06362337816926557,0.06569456017140816,high_flow,6893620.csv
6893620,2023-11-11,daytime,6,0.16967048509508623,0.7479365155562718,0.22310756972110143,1030.05859375,0.06487322937745507,0.06649605205729477,high_flow,6893620.csv
6893620,2023-11-11,nighttime,6,-0.8932255095886761,0.01649253083639286,-0.27990211073722415,1030.05859375,0.06487322937745507,0.06649605205729477,high_flow,6893620.csv
6893620,2023-11-12,daytime,6,0.21052219601016228,0.6888818352189594,0.2102472056783853,1021.30078125,0.06600404713724557,0.06733325397770107,high_flow,6893620.csv
6893620,2023-11-12,nighttime,6,0.2438078547928962,0.6415344639841732,0.03522504892368035,1021.30078125,0.06600404713724557,0.06733325397770107,high_flow,6893620.csv
6893620,2023-11-14,daytime,6,0.184810175764679,0.7259408137471048,0.224356033296187,1000.578125,0.06909891679561957,0.06882513986430187,high_flow,6893620.csv
6893620,2023-11-14,nighttime,6,0.760408208032598,0.0792295493870861,0.1475333177460889,1000.578125,0.06909891679561957,0.06882513986430187,high_flow,6893620.csv
6893620,2023-11-15,daytime,6,0.2132331590179646,0.684997944635639,0.24039433771486027,988.46875,0.07070586834900607,0.06939650041661707,high_flow,6893620.csv
6893620,2023-11-15,nighttime,6,-0.1038892863948182,0.844726708101734,-0.05568720379145813,988.46875,0.07070586834900607,0.06939650041661707,high_flow,6893620.csv
6893620,2023-11-16,daytime,6,-0.4745745489414456,0.34158025442532675,-1.4951768488745951,976.43359375,0.07225330317819308,0.07005515216442487,high_flow,6893620.csv
6893620,2023-11-16,nighttime,6,0.2967858720424134,0.5678919168384782,0.1405750798722059,976.43359375,0.07225330317819308,0.07005515216442487,high_flow,6893620.csv
6893620,2023-11-17,daytime,6,0.8991231184221359,0.01475094895632198,1.492440191387571,965.03515625,0.07391977145577908,0.07082093401579177,high_flow,6893620.csv
6893620,2023-11-17,nighttime,6,0.6929553516710925,0.12694108959256797,0.26961325966851174,965.03515625,0.07391977145577908,0.07082093401579177,high_flow,6893620.csv
6893620,2023-11-18,daytime,6,0.465471333405395,0.3522183384958717,0.8957672687163979,955.53515625,0.07511010593976908,0.07164623259135817,high_flow,6893620.csv
6893620,2023-11-18,nighttime,6,0.6358927903599454,0.17472550461880754,0.08742911153119602,955.53515625,0.07511010593976908,0.07164623259135817,high_flow,6893620.csv
6893620,2023-11-19,daytime,6,-0.6138783965806063,0.19485142474333236,-2.2338709677419706,948.1875,0.07594334007856207,0.07244772447724478,high_flow,6893620.csv
6893620,2023-11-19,nighttime,6,0.8773794626087564,0.02163184558070733,0.28225806451612695,948.1875,0.07594334007856207,0.07244772447724478,high_flow,6893620.csv
6893620,2023-11-20,daytime,6,-0.7657048647896121,0.07591059235287494,-3.1250000000000324,945.76953125,0.07624092369955958,0.07321747411022497,high_flow,6893620.csv
6893620,2023-11-20,nighttime,6,-0.9726681876017268,0.00111033313930946,-1.3987012987012932,945.76953125,0.07624092369955958,0.07321747411022497,high_flow,6893620.csv
6893620,2023-11-21,daytime,6,0.5466545770199801,0.26169686335240633,1.1213872832369722,988.7265625,0.07064635162480656,0.07393167480061898,high_flow,6893620.csv
6893620,2023-11-21,nighttime,6,0.6824745538252515,0.13522677325664598,0.22276029055690977,988.7265625,0.07064635162480656,0.07393167480061898,high_flow,6893620.csv
6893620,2023-11-22,daytime,6,0.9511073878158534,0.00352729269950954,0.6249999999999967,992.28515625,0.06993215093441257,0.07464984327262628,high_flow,6893620.csv
6893620,2023-11-22,nighttime,6,-0.8072523913874117,0.05214701599547178,-0.15494447382336848,992.28515625,0.06993215093441257,0.07464984327262628,high_flow,6893620.csv
6893620,2023-11-23,daytime,6,0.4411805288878775,0.3811649528878249,0.4027972027971913,978.953125,0.07189620283299607,0.07536404396302028,high_flow,6893620.csv
6893620,2023-11-23,nighttime,6,-0.8065391302606506,0.05252032173606677,-0.36716669003223745,978.953125,0.07189620283299607,0.07536404396302028,high_flow,6893620.csv
6893620,2023-11-24,daytime,6,0.8139393710123828,0.04870726118253791,1.3677130044842956,960.90234375,0.07421735507677657,0.07582430663016308,high_flow,6893620.csv
6893620,2023-11-24,nighttime,6,-0.6698518133243481,0.14550402058288786,-0.10539966988917032,960.90234375,0.07421735507677657,0.07582430663016308,high_flow,6893620.csv
6893620,2023-11-25,daytime,6,0.3510157491663218,0.49510106235067064,1.05633802816898,948.078125,0.07600285680276157,0.07569336983692418,high_flow,6893620.csv
6893620,2023-11-25,nighttime,6,0.9144256881143452,0.01067111552842724,0.32989690721649984,948.078125,0.07600285680276157,0.07569336983692418,high_flow,6893620.csv
6893620,2023-11-26,daytime,6,0.5624176738133595,0.24532368003079477,0.6651785714285688,940.4765625,0.07689560766575408,0.07565369202079118,high_flow,6893620.csv
6893620,2023-11-26,nighttime,6,0.2994086210984236,0.564307389475293,0.11567164179105292,940.4765625,0.07689560766575408,0.07565369202079118,high_flow,6893620.csv
6893620,2023-11-27,daytime,6,0.7907306654923232,0.06110814709558759,0.6028368794326173,933.30859375,0.07755029163194858,0.07579653215886997,high_flow,6893620.csv
6893620,2023-11-27,nighttime,6,-0.27635883772399317,0.5960150869793154,-0.07188160676531861,933.30859375,0.07755029163194858,0.07579653215886997,high_flow,6893620.csv
6893620,2023-11-28,daytime,6,0.5751905250945988,0.23236341970924973,0.559012512681768,925.83203125,0.07856207594334008,0.07616950363052018,high_flow,6893620.csv
6893620,2023-11-28,nighttime,6,-0.9724569287154698,0.00112748379062438,-0.4483188044831743,925.83203125,0.07856207594334008,0.07616950363052018,high_flow,6893620.csv
6893620,2023-11-29,daytime,6,0.1624543713236871,0.7584621440110527,0.1274166539808173,917.890625,0.07987144387572909,0.07715748125223187,high_flow,6893620.csv
6893620,2023-11-29,nighttime,6,-0.926958221697772,0.00780780942030823,-0.4222042139384069,917.890625,0.07987144387572909,0.07715748125223187,high_flow,6893620.csv
6893620,2023-11-30,daytime,6,-0.9072554636872712,0.01250345018627087,-1.7802303262956023,909.22265625,0.08141887870491608,0.07839939689719477,high_flow,6893620.csv
6893620,2023-11-30,nighttime,6,0.6101702158477397,0.19833020871696497,1.0999999999999102,909.22265625,0.08141887870491608,0.07839939689719477,high_flow,6893620.csv
6893620,2023-12-01,daytime,6,-0.8530408975190252,0.03080853046597772,-0.3724340175952974,922.12890625,0.07915724318533508,0.07983573384120939,high_flow,6893620.csv
6893620,2023-12-01,nighttime,6,-0.26583099813809863,0.6106461253429176,-0.17062389492296118,922.12890625,0.07915724318533508,0.07983573384120939,high_flow,6893620.csv
6893620,2023-12-02,daytime,6,NA,NA,NA,978.3671875,0.07195571955719557,0.08139903979684958,high_flow,6893620.csv
6893620,2023-12-02,nighttime,6,0.8062629992810094,0.05266517341382203,0.23949579831934031,978.3671875,0.07195571955719557,0.08139903979684958,high_flow,6893620.csv
6893620,2023-12-03,daytime,6,0.03165701619109733,0.9525303385166684,0.03471791692497561,959.37109375,0.07451493869777408,0.08297028131571639,high_flow,6893620.csv
6893620,2023-12-03,nighttime,6,0.9320827648567402,0.00676248360288488,2.1538461538461453,959.37109375,0.07451493869777408,0.08297028131571639,high_flow,6893620.csv
6893620,2023-12-04,daytime,6,0.751591706674421,0.08489579473263416,1.2619769557307374,928.734375,0.07808594214974408,0.08462484624846249,high_flow,6893620.csv
6893620,2023-12-04,nighttime,6,0.8469031238672143,0.03336378790802901,2.78947368421045,928.734375,0.07808594214974408,0.08462484624846249,high_flow,6893620.csv
6893620,2023-12-05,daytime,6,0.9785790360358372,6.833719586332375e-4,1.4099099099098982,906.703125,0.08183549577431258,0.08633892790540809,high_flow,6893620.csv
6893620,2023-12-05,nighttime,6,0.6468651321473416,0.1650376455851128,0.2105498435404583,906.703125,0.08183549577431258,0.08633892790540809,high_flow,6893620.csv
6893620,2023-12-06,daytime,6,0.12004708652329596,0.8207943876830968,0.18367346938775067,889.046875,0.08546601595048209,0.0880768162520335,high_flow,6893620.csv
6893620,2023-12-06,nighttime,6,-0.6386425465281258,0.17227592851674667,-0.05319969159598911,889.046875,0.08546601595048209,0.0880768162520335,high_flow,6893620.csv
6893620,2023-12-07,daytime,6,-0.3624498279868114,0.48013275282680185,-0.5360534646500238,871.5703125,0.08856088560885608,0.08981073681704559,high_flow,6893620.csv
6893620,2023-12-07,nighttime,6,-0.5118678868853315,0.2992550980849284,-0.05240174672488111,871.5703125,0.08856088560885608,0.08981073681704559,high_flow,6893620.csv
6893620,2023-12-08,daytime,6,-0.7758399807064368,0.06973980707670181,-3.41288782816237,854.5078125,0.0934412569932151,0.0914851406578582,high_flow,6893620.csv
6893620,2023-12-08,nighttime,6,0.689677400688892,0.12950812236462417,0.6435331230284004,854.5078125,0.0934412569932151,0.0914851406578582,high_flow,6893620.csv
6893620,2023-12-09,daytime,6,0.5073460998158716,0.30427630981083165,0.5852941176470525,840.515625,0.0976669444113796,0.093175415625124,high_flow,6893620.csv
6893620,2023-12-09,nighttime,6,0.7326884434048653,0.09763276620614542,1.4388297872340503,840.515625,0.0976669444113796,0.093175415625124,high_flow,6893620.csv
6893620,2023-12-10,daytime,6,0.8688062275454694,0.02468866802086491,1.660287081339717,826.97265625,0.0995714795857636,0.0950521763282149,high_flow,6893620.csv
6893620,2023-12-10,nighttime,6,0.896582993331822,0.0154895894637276,0.12590594977246006,826.97265625,0.0995714795857636,0.0950521763282149,high_flow,6893620.csv
6893620,2023-12-11,daytime,6,0.666375171777733,0.148391145512479,0.8002278769464467,815.0546875,0.1017140816569456,0.096786096893227,high_flow,6893620.csv
6893620,2023-12-11,nighttime,6,-0.95253968218211,0.00332527090078336,-0.3998242530755629,815.0546875,0.1017140816569456,0.096786096893227,high_flow,6893620.csv
6893620,2023-12-12,daytime,6,0.5004860999736059,0.3119533148070126,0.6797385620915006,805.34375,0.1032615164861326,0.0984247906995199,high_flow,6893620.csv
6893620,2023-12-12,nighttime,6,-0.9501484318890072,0.00366582323350439,-0.3675612602100226,805.34375,0.1032615164861326,0.0984247906995199,high_flow,6893620.csv
6893620,2023-12-13,daytime,6,-0.07638882756400656,0.8856396327207012,-0.10583941605841242,797.796875,0.10463040114272112,0.0999047732412808,high_flow,6893620.csv
6893620,2023-12-13,nighttime,6,-0.9537839643936248,0.00315452599837319,-0.809606986899557,797.796875,0.10463040114272112,0.0999047732412808,high_flow,6893620.csv
6893620,2023-12-14,daytime,6,-0.19965651569162257,0.7044946527782421,-0.2111129876710003,790.90625,0.1058802523509106,0.10119033448399,high_flow,6893620.csv
6893620,2023-12-14,nighttime,6,-0.9686417345141506,0.00145959329026287,-0.4624505928853695,790.90625,0.1058802523509106,0.10119033448399,high_flow,6893620.csv
6893620,2023-12-15,daytime,6,-0.8649884963260134,0.02611165717798024,-2.8339456282145843,783.1796875,0.1065349363171051,0.1023171844621672,high_flow,6893620.csv
6893620,2023-12-15,nighttime,6,-0.6284793609509782,0.18140132952182367,-0.531914893617006,783.1796875,0.1065349363171051,0.1023171844621672,high_flow,6893620.csv
6893620,2023-12-16,daytime,6,-0.5449492609130632,0.26349281706901034,-0.524999999999984,798.2265625,0.10451136769432212,0.1029996428996548,high_flow,6893620.csv
6893620,2023-12-16,nighttime,6,-0.978049853082882,7.174255359088296e-4,-0.5717057682130989,798.2265625,0.10451136769432212,0.1029996428996548,high_flow,6893620.csv
6893620,2023-12-17,daytime,6,0.9360650407353038,0.00600084572857427,1.6061452513966126,823.0546875,0.1001071301035591,0.103412292187438,high_flow,6893620.csv
6893620,2023-12-17,nighttime,6,0.8540072915208733,0.0304149715210521,0.27909319899245083,823.0546875,0.1001071301035591,0.103412292187438,high_flow,6893620.csv
6893620,2023-12-18,daytime,6,0.02987592745224184,0.9551994420154726,0.03553008595988325,821.296875,0.1005237471729556,0.1026742848073642,high_flow,6893620.csv
6893620,2023-12-18,nighttime,6,0.9915465035423806,1.0689035333727724e-4,1.4560553633217934,821.296875,0.1005237471729556,0.1026742848073642,high_flow,6893620.csv
6893620,2023-12-19,daytime,6,0.6773320060288676,0.13937472139834123,0.8241379310344724,809.578125,0.1026663492441376,0.100238066896798,high_flow,6893620.csv
6893620,2023-12-19,nighttime,6,0.9258431226895276,0.00804496035473762,0.5035511363636384,809.578125,0.1026663492441376,0.100238066896798,high_flow,6893620.csv
6893620,2023-12-20,daytime,6,-0.1907889703537305,0.7172889448647681,-0.1693411364923611,801.125,0.10403523390072612,0.0971670039281038,high_flow,6893620.csv
6893620,2023-12-20,nighttime,6,-0.4649478149085508,0.35283366645449515,-8.39999999999957,801.125,0.10403523390072612,0.0971670039281038,high_flow,6893620.csv
6893620,2023-12-21,daytime,6,-0.5017165190542058,0.31057112842107426,-0.9155405405405548,797.1015625,0.1047494345911201,0.0937547117406658,high_flow,6893620.csv
6893620,2023-12-21,nighttime,6,-0.920410321382158,0.00924969432991099,-0.8311068702290144,797.1015625,0.1047494345911201,0.0937547117406658,high_flow,6893620.csv
6893620,2023-12-22,daytime,6,0.4077876418119471,0.4222241958859193,0.29396984924623143,793.8515625,0.1054636352815141,0.0903265484267746,high_flow,6893620.csv
6893620,2023-12-22,nighttime,6,-0.977464861494758,7.560266636799421e-4,-1.1979591836734722,793.8515625,0.1054636352815141,0.0903265484267746,high_flow,6893620.csv
6893620,2023-12-23,daytime,6,0.5140182703354186,0.2968782071785434,0.7803234501347629,802.4765625,0.1036781335555291,0.08696583740030948,high_flow,6893620.csv
6893620,2023-12-23,nighttime,6,0.9609176425768992,0.00226129819708979,3.0952380952380545,802.4765625,0.1036781335555291,0.08696583740030948,high_flow,6893620.csv
6893620,2023-12-24,daytime,6,0.96481100215825,0.00183561169144063,0.9879974731522428,801.6328125,0.1038566837281276,0.08384319327064238,high_flow,6893620.csv
6893620,2023-12-24,nighttime,6,-0.7955063826828971,0.05845073909824581,-3.6623376623376225,801.6328125,0.1038566837281276,0.08384319327064238,high_flow,6893620.csv
6893620,2023-12-25,daytime,6,-0.6702346909237094,0.1451875481096077,-0.12954876273653165,871.7734375,0.0885013688846566,0.08113716621037179,high_flow,6893620.csv
6893620,2023-12-25,nighttime,6,-0.983892280898638,3.870982787309755e-4,-0.2845286365940171,871.7734375,0.0885013688846566,0.08113716621037179,high_flow,6893620.csv
6893620,2023-12-26,daytime,6,0.4415584415584435,0.3807085139518915,0.8831168831168038,1027.6796875,0.06517081299845257,0.07856207594334008,high_flow,6893620.csv
6893620,2023-12-26,nighttime,6,-0.9598401131788468,0.0023868394999896,-0.30709768095572243,1027.6796875,0.06517081299845257,0.07856207594334008,high_flow,6893620.csv
6893620,2023-12-27,daytime,6,0.7416198487095653,0.09151568533078186,2.1999999999999433,1110.3359375,0.05719557195571956,0.07603856683728127,high_flow,6893620.csv
6893620,2023-12-27,nighttime,6,0.21657404091210916,0.6802180671710509,0.12820512820515242,1110.3359375,0.05719557195571956,0.07603856683728127,high_flow,6893620.csv
6893620,2023-12-28,daytime,6,0.8234226019129591,0.04401656193724128,0.46683673469386816,1141.9921875,0.05344601833115105,0.07374518906479387,high_flow,6893620.csv
6893620,2023-12-28,nighttime,6,1,1.848892746611764e-32,0.500000000000174,1141.9921875,0.05344601833115105,0.07374518906479387,high_flow,6893620.csv
6893620,2023-12-29,daytime,6,0.653183327127461,0.15956483923738396,0.3476394849785233,1134.7109375,0.05445780264254255,0.07174542713169067,high_flow,6893620.csv
6893620,2023-12-29,nighttime,6,0.8846232471064384,0.01919975681500514,0.4869251577998237,1134.7109375,0.05445780264254255,0.07174542713169067,high_flow,6893620.csv
6893620,2023-12-30,daytime,6,0.7466556307803319,0.08814480650350966,0.4213790587376847,1122.421875,0.05612427092012855,0.06997976431377217,high_flow,6893620.csv
6893620,2023-12-30,nighttime,6,0.9531957071810674,0.00323469701867126,0.23618090452261745,1122.421875,0.05612427092012855,0.06997976431377217,high_flow,6893620.csv
6893620,2023-12-31,daytime,6,0.8532897572634288,0.03070695503193809,2.3571428571429025,1105.3359375,0.05767170574931556,0.06872197754235607,high_flow,6893620.csv
6893620,2023-12-31,nighttime,6,0.9676383426905956,0.00155396948822961,1.11377245508983,1105.3359375,0.05767170574931556,0.06872197754235607,high_flow,6893620.csv
6893620,2024-01-01,daytime,6,0.8369194834061328,0.03772429838537485,0.8647540983606499,1086.1171875,0.05951672419950006,0.06788874340356307,high_flow,6893620.csv
6893620,2024-01-01,nighttime,6,0.9388195644205012,0.00550006796345628,1.233009708737881,1086.1171875,0.05951672419950006,0.06788874340356307,high_flow,6893620.csv
6893620,2024-01-02,daytime,6,0.7114065280811326,0.11291136239025548,0.4525235243798068,1060.359375,0.06189739316748006,0.06852358846169107,high_flow,6893620.csv
6893620,2024-01-02,nighttime,6,0.985931501077448,2.9549175552268374e-4,0.8622047244094443,1060.359375,0.06189739316748006,0.06852358846169107,high_flow,6893620.csv
6893620,2024-01-03,daytime,6,0.6280737430435961,0.18176959117219504,0.4238178633975502,1030.125,0.06481371265325557,0.06978137523310717,high_flow,6893620.csv
6893620,2024-01-03,nighttime,6,0.9701743689309534,0.00132108643550431,1.5195312499999962,1030.125,0.06481371265325557,0.06978137523310717,high_flow,6893620.csv
6893620,2024-01-04,daytime,6,0.8555743478366368,0.02978188284594107,0.8451612903225624,995.421875,0.06963456731341507,0.07153116692457247,high_flow,6893620.csv
6893620,2024-01-04,nighttime,6,0.5898583763076537,0.2178280044768245,1.423076923076933,995.421875,0.06963456731341507,0.07153116692457247,high_flow,6893620.csv
6893620,2024-01-05,daytime,6,0.59805640665838,0.20986924573650936,1.5113636363636502,958.546875,0.07475300559457207,0.07369360790382097,high_flow,6893620.csv
6893620,2024-01-05,nighttime,6,0.8724643430254027,0.02336081004619157,1.4999999999999638,958.546875,0.07475300559457207,0.07369360790382097,high_flow,6893620.csv
6893620,2024-01-06,daytime,6,0.1943250826893869,0.7121814509537612,0.4499999999999823,923.5703125,0.07897869301273658,0.07612982581438718,high_flow,6893620.csv
6893620,2024-01-06,nighttime,6,-0.640184399664478,0.17090872830337997,-1.666666666666734,923.5703125,0.07897869301273658,0.07612982581438718,high_flow,6893620.csv
6893620,2024-01-07,daytime,6,0.7189617063497188,0.10737522707129551,0.8860672614961946,891.3984375,0.08481133198428759,0.07880014284013807,high_flow,6893620.csv
6893620,2024-01-07,nighttime,6,0.4173650061841509,0.4103036364236836,3.60000000000019,891.3984375,0.08481133198428759,0.07880014284013807,high_flow,6893620.csv
6893620,2024-01-08,daytime,6,-0.7654556932748723,0.07606528556586,-0.3581979320531741,862.7109375,0.0913581716462326,0.08155378327976828,high_flow,6893620.csv
6893620,2024-01-08,nighttime,6,0.2993412484921115,0.5643993909444311,0.4450772986170582,862.7109375,0.0913581716462326,0.08155378327976828,high_flow,6893620.csv
6893620,2024-01-09,daytime,6,0.49603778135968385,0.3169692392509858,2.2586206896551286,838.015625,0.0980240447565766,0.08439471491489109,high_flow,6893620.csv
6893620,2024-01-09,nighttime,6,0.9741424881143352,9.942720739586984e-4,0.22735346358793712,838.015625,0.0980240447565766,0.08439471491489109,high_flow,6893620.csv
6893620,2024-01-10,daytime,6,0.9649417042402284,0.00182208135539601,0.9481018740989784,895.859375,0.08403761456969408,0.08728325992937348,high_flow,6893620.csv
6893620,2024-01-10,nighttime,6,0.9548385481596868,0.00301328042691613,0.32092426187420087,895.859375,0.08403761456969408,0.08728325992937348,high_flow,6893620.csv
6893620,2024-01-11,daytime,6,0.9131285173089484,0.01099218722431179,1.1063063063062784,899.125,0.08344244732769908,0.09008451374836328,high_flow,6893620.csv
6893620,2024-01-11,nighttime,6,0.884815546054309,0.01913708516885298,2.6010854816825044,899.125,0.08344244732769908,0.09008451374836328,high_flow,6893620.csv
6893620,2024-01-12,daytime,6,-0.9270767657314396,0.00778280162610044,-1.4971698113207432,886.9375,0.08588263301987858,0.0925881839463556,high_flow,6893620.csv
6893620,2024-01-12,nighttime,6,0.7981949214611761,0.05697864944045108,4.820754716981153,886.9375,0.08588263301987858,0.0925881839463556,high_flow,6893620.csv
6893620,2024-01-15,daytime,6,0.3025316904537677,0.5600471348994362,7.200000000000247,829.84375,0.0989763123437686,0.0982025949291751,high_flow,6893620.csv
6893620,2024-01-15,nighttime,6,NA,NA,NA,829.84375,0.0989763123437686,0.0982025949291751,high_flow,6893620.csv
6893620,2024-01-16,daytime,6,0.6830785436426584,0.13474314397448153,2.6410256410256023,813.1875,0.1021306987263421,0.0993135737808991,high_flow,6893620.csv
6893620,2024-01-16,nighttime,6,0.3920234917071128,0.4420883215083538,0.7037037037037546,813.1875,0.1021306987263421,0.0993135737808991,high_flow,6893620.csv
6893620,2024-01-17,daytime,6,0.6400000000000008,0.1710719999999991,2.1333333333332716,795.203125,0.10522556838471613,0.1,high_flow,6893620.csv
6893620,2024-01-17,nighttime,6,NA,NA,NA,795.203125,0.10522556838471613,0.1,high_flow,6893620.csv
6893620,2024-01-18,daytime,6,0.749311299485326,0.08638999314637534,2.431034482758578,778.78125,0.1068325199381026,0.1016148871166131,high_flow,6893620.csv
6893620,2024-01-18,nighttime,6,NA,NA,NA,778.78125,0.1068325199381026,0.1016148871166131,high_flow,6893620.csv
6893620,2024-01-19,daytime,6,0.7414016000291224,0.09166305617267918,1.1586538461538418,764.046875,0.1071896202832996,0.1031900964170932,high_flow,6893620.csv
6893620,2024-01-19,nighttime,6,0.9653589547106788,0.00177921836596602,1.8831168831169236,764.046875,0.1071896202832996,0.1031900964170932,high_flow,6893620.csv
6893620,2024-01-20,daytime,6,0.8555115704346556,0.02980712371622493,2.6266666666666616,750.890625,0.10736817045589812,0.1045312066023886,high_flow,6893620.csv
6893620,2024-01-20,nighttime,6,NA,NA,NA,750.890625,0.10736817045589812,0.1045312066023886,high_flow,6893620.csv
6893620,2024-01-21,daytime,6,-0.38302241015332195,0.45356225954301616,-1.9207920792079487,740,0.1075467206284966,0.1053525373963417,high_flow,6893620.csv
6893620,2024-01-21,nighttime,6,NA,NA,NA,740,0.1075467206284966,0.1053525373963417,high_flow,6893620.csv
6893620,2024-01-22,daytime,6,0.6100532341145402,0.19844036404228757,1.5833333333333164,731.46875,0.10784430424949412,0.1058881879141372,high_flow,6893620.csv
6893620,2024-01-22,nighttime,6,-0.8249738141677129,0.04327035799882212,-2.89743589743606,731.46875,0.10784430424949412,0.1058881879141372,high_flow,6893620.csv
6893620,2024-01-23,daytime,6,0.23145502494314016,0.6590171507534097,0.7499999999998896,724.640625,0.1080228544220926,0.1063008372019204,high_flow,6893620.csv
6893620,2024-01-23,nighttime,6,0.4063539057305141,0.42401843031068787,0.27033492822966454,724.640625,0.1080228544220926,0.1063008372019204,high_flow,6893620.csv
6893620,2024-01-24,daytime,6,-0.02555993162216226,0.9616684518475564,-0.14634146341465676,718.921875,0.1083204380430901,0.1063960639606396,high_flow,6893620.csv
6893620,2024-01-24,nighttime,6,-0.8387421368293252,0.03690946497795475,-1.3750000000000089,718.921875,0.1083204380430901,0.1063960639606396,high_flow,6893620.csv
6893620,2024-01-25,daytime,6,-0.7979949502084418,0.05708754712666605,-0.5438202247190902,719.625,0.1082609213188906,0.10615402928222832,high_flow,6893620.csv
6893620,2024-01-25,nighttime,6,-0.5855400437691227,0.22206822756388064,-1.2000000000000517,719.625,0.1082609213188906,0.10615402928222832,high_flow,6893620.csv
6893620,2024-01-26,daytime,6,0.9417632186960212,0.00498852836218513,1.818181818181687,768.75,0.1070705868349006,0.1051660516605166,high_flow,6893620.csv
6893620,2024-01-26,nighttime,6,NA,NA,NA,768.75,0.1070705868349006,0.1051660516605166,high_flow,6893620.csv
6893620,2024-01-27,daytime,6,0.9525273821973984,0.00332698084226025,0.7422603506154328,790.796875,0.1059992857993096,0.1033091298654922,high_flow,6893620.csv
6893620,2024-01-27,nighttime,6,-0.8568244888753122,0.02928134682804584,-0.8051948051948026,790.796875,0.1059992857993096,0.1033091298654922,high_flow,6893620.csv
6893620,2024-01-28,daytime,6,-0.9915505661639656,1.0678778329600729e-4,-0.4916450929630526,805.171875,0.1033210332103321,0.1011228821965639,high_flow,6893620.csv
6893620,2024-01-28,nighttime,6,-0.7442084075352534,0.08977587078380686,-3.600000000000296,805.171875,0.1033210332103321,0.1011228821965639,high_flow,6893620.csv
6893620,2024-01-29,daytime,6,0.9665675543141254,0.00165790843938595,0.4323983611723896,800.234375,0.1042137840733246,0.0983374995040273,high_flow,6893620.csv
6893620,2024-01-29,nighttime,6,-0.9973961496717352,1.016122769783344e-5,-0.23837889586214375,800.234375,0.1042137840733246,0.0983374995040273,high_flow,6893620.csv
6893620,2024-01-30,daytime,6,0.9545940158562296,0.00304574825824104,0.6355074991280087,795.375,0.1051660516605166,0.0952902432250129,high_flow,6893620.csv
6893620,2024-01-30,nighttime,6,0.9071599447190256,0.01252880677298705,0.888059701492535,795.375,0.1051660516605166,0.0952902432250129,high_flow,6893620.csv
6893620,2024-01-31,daytime,6,0.9387870294850168,0.00550585828902885,0.6322170900692783,803.359375,0.1035591001071301,0.092143792405666,high_flow,6893620.csv
6893620,2024-01-31,nighttime,6,0.9584732830134484,0.00255089658358319,0.4943284936479118,803.359375,0.1035591001071301,0.092143792405666,high_flow,6893620.csv
6893620,2024-02-01,daytime,6,0.8963274818839293,0.01556485087231172,0.8099053168244668,815.796875,0.1015950482085466,0.08908860056342499,high_flow,6893620.csv
6893620,2024-02-01,nighttime,6,0.9155592672713164,0.01039431478271735,2.1822070145423407,815.796875,0.1015950482085466,0.08908860056342499,high_flow,6893620.csv
6893620,2024-02-02,daytime,6,0.9785961235990795,6.822860521415926e-4,1.0360655737704878,859.8125,0.09201285561242709,0.08618418442248939,high_flow,6893620.csv
6893620,2024-02-02,nighttime,6,0.9609377114207674,0.00225899174508427,2.8064066852367606,859.8125,0.09201285561242709,0.08618418442248939,high_flow,6893620.csv
6893620,2024-02-03,daytime,6,0.9716551881415756,0.00119375602609131,3.1807397069086254,921.0625,0.07933579335793357,0.08359719081061778,high_flow,6893620.csv
6893620,2024-02-03,nighttime,6,0.6527644306035976,0.15992527357727668,6.919075144508711,921.0625,0.07933579335793357,0.08359719081061778,high_flow,6893620.csv
6893620,2024-02-04,daytime,6,0.10607645345357594,0.8414821172957418,1.63636363636351,959.28125,0.07457445542197358,0.08120858627941119,high_flow,6893620.csv
6893620,2024-02-04,nighttime,6,0.9485464693412,0.00390308799408595,6.975609756097454,959.28125,0.07457445542197358,0.08120858627941119,high_flow,6893620.csv
6893620,2024-02-05,daytime,6,0.9495286944406184,0.00375674491943995,1.5260115606936342,1022.859375,0.06576598024044757,0.07906995198984249,high_flow,6893620.csv
6893620,2024-02-05,nighttime,6,0.992125104771447,9.277678551366282e-5,1.8861066235864288,1022.859375,0.06576598024044757,0.07906995198984249,high_flow,6893620.csv
6893620,2024-10-31,daytime,6,-0.10143152302603868,0.8483744971618388,-0.06981382978723126,896.3046875,0.08397809784549458,0.07720509463159148,high_flow,6893620.csv
6893620,2024-10-31,nighttime,6,0.01786271626294752,0.9732087753932532,0.0294957183634528,896.3046875,0.08397809784549458,0.07720509463159148,high_flow,6893620.csv
