station_id,date,period,n,r,p,slope,discharge,flow_exceed_prob,flow_exceed_prob_smooth,flow_season,source_file
A4260554,2022-11-19,daytime,6,0.997869152748687,6.80592744600651e-6,0.5997498558870795,5016.65625,5.356505177955005e-4,7.022973455541007e-4,high_flow,A4260554.csv
A4260554,2022-11-19,nighttime,6,0.9975758737217294,8.807459765958761e-6,1.2829084676559643,5016.65625,5.356505177955005e-4,7.022973455541007e-4,high_flow,A4260554.csv
A4260554,2022-11-20,daytime,6,0.9479672139371011,0.00399067917406811,1.128285886277839,6119.0234375,1.1903344839900012e-4,6.903940007142007e-4,high_flow,A4260554.csv
A4260554,2022-11-20,nighttime,6,0.964295665007432,0.00188944137102889,0.36614133797712833,6119.0234375,1.1903344839900012e-4,6.903940007142007e-4,high_flow,A4260554.csv
A4260554,2022-11-21,daytime,6,0.7760026163974815,0.06964272670940064,3.333099738287514,6412.6796875,0,6.745228742610007e-4,high_flow,A4260554.csv
A4260554,2022-11-21,nighttime,6,0.9833457039812902,4.137386996151796e-4,0.5052467828217554,6412.6796875,0,6.745228742610007e-4,high_flow,A4260554.csv
A4260554,2022-11-22,daytime,6,0.9899439011421703,1.5117922423448836e-4,1.526313376564308,6121.0078125,5.951672419950006e-5,6.586517478078006e-4,high_flow,A4260554.csv
A4260554,2022-11-22,nighttime,6,0.9962728870094688,2.081116951116923e-5,0.7875070262031292,6121.0078125,5.951672419950006e-5,6.586517478078006e-4,high_flow,A4260554.csv
A4260554,2022-11-23,daytime,6,0.998024402686886,5.850621752288023e-6,0.7331296543698578,5745.3984375,1.7855017259850017e-4,6.427806213546006e-4,high_flow,A4260554.csv
A4260554,2022-11-23,nighttime,6,0.9987662232900428,2.282368424529122e-6,0.8872329613870273,5745.3984375,1.7855017259850017e-4,6.427806213546006e-4,high_flow,A4260554.csv
A4260554,2022-11-24,daytime,6,0.9984563486989216,3.5724498570217452e-6,0.5048001014158164,5408.8046875,2.3806689679800025e-4,6.308772765147006e-4,high_flow,A4260554.csv
A4260554,2022-11-24,nighttime,6,0.9964721900319796,1.8646212176458105e-5,0.6128916622711539,5408.8046875,2.3806689679800025e-4,6.308772765147006e-4,high_flow,A4260554.csv
A4260554,2022-11-25,daytime,6,0.9972656421951044,1.1204846904056144e-5,0.3970865426562545,5143.4453125,4.166170693965004e-4,6.269094949014006e-4,high_flow,A4260554.csv
A4260554,2022-11-25,nighttime,6,0.9960877892820722,2.2928150091519452e-5,0.8953887088992603,5143.4453125,4.166170693965004e-4,6.269094949014006e-4,high_flow,A4260554.csv
A4260554,2022-11-26,daytime,6,0.8175452154717292,0.04689768566047558,0.7045414856925013,4966.0078125,5.951672419950006e-4,6.467484029679006e-4,high_flow,A4260554.csv
A4260554,2022-11-26,nighttime,6,0.9997275400486902,1.113415246476588e-7,1.1406834423812031,4966.0078125,5.951672419950006e-4,6.467484029679006e-4,high_flow,A4260554.csv
A4260554,2022-11-27,daytime,6,0.9984273662108044,3.70782085149408e-6,0.793442185570293,4855.359375,6.546839661945007e-4,7.459429433004008e-4,high_flow,A4260554.csv
A4260554,2022-11-27,nighttime,6,0.9767969006431838,8.013296430124048e-4,1.9948326924922253,4855.359375,6.546839661945007e-4,7.459429433004008e-4,high_flow,A4260554.csv
A4260554,2022-11-28,daytime,6,0.9987020951454488,2.525742319839386e-6,1.2513568509901811,4751.9453125,7.737174145935007e-4,9.244931158989008e-4,high_flow,A4260554.csv
A4260554,2022-11-28,nighttime,6,0.9771588482903152,7.76618994728825e-4,0.9871049532654738,4751.9453125,7.737174145935007e-4,9.244931158989008e-4,high_flow,A4260554.csv
A4260554,2022-11-29,daytime,6,0.9975350653760932,9.10636569873345e-6,0.7863777594235258,4621.09375,8.927508629925009e-4,0.0012022378288299,high_flow,A4260554.csv
A4260554,2022-11-29,nighttime,6,0.99927372007794,7.910322377972635e-7,1.207942694950331,4621.09375,8.927508629925009e-4,0.0012022378288299,high_flow,A4260554.csv
A4260554,2022-11-30,daytime,6,0.9970292979628386,1.3224497562797208e-5,0.7637143455382303,4480.5859375,0.001071301035591,0.0015196603578939,high_flow,A4260554.csv
A4260554,2022-11-30,nighttime,6,0.9996666346287352,1.666801822791052e-7,0.8406636346446331,4480.5859375,0.001071301035591,0.0015196603578939,high_flow,A4260554.csv
A4260554,2022-12-01,daytime,6,0.9971679228883836,1.2019633584324225e-5,0.8076201488949504,4348.9609375,0.00119033448399,0.0018807284847042,high_flow,A4260554.csv
A4260554,2022-12-01,nighttime,6,0.9981844054492504,4.941582911041955e-6,0.7233883412370221,4348.9609375,0.00119033448399,0.0018807284847042,high_flow,A4260554.csv
A4260554,2022-12-02,daytime,6,0.9971050300803936,1.2559145097604809e-5,0.5910386285959388,4221.78125,0.001428401380788,0.0022735388644209,high_flow,A4260554.csv
A4260554,2022-12-02,nighttime,6,0.9996244238037088,2.1155972991500985e-7,1.010744056827873,4221.78125,0.001428401380788,0.0022735388644209,high_flow,A4260554.csv
A4260554,2022-12-03,daytime,6,0.9972834515685016,1.1059429502555268e-5,0.394845325804483,4087,0.001547434829187,0.0026861881522041,high_flow,A4260554.csv
A4260554,2022-12-03,nighttime,6,0.997779281533536,7.391909923886953e-6,1.2004633056333067,4087,0.001547434829187,0.0026861881522041,high_flow,A4260554.csv
A4260554,2022-12-04,daytime,6,0.9948241215117012,4.011524702557272e-5,0.4346581508270863,3943.4296875,0.002023568622783,0.0031266119112804,high_flow,A4260554.csv
A4260554,2022-12-04,nighttime,6,0.998419466796282,3.7451536587735583e-6,1.3116639661261429,3943.4296875,0.002023568622783,0.0031266119112804,high_flow,A4260554.csv
A4260554,2022-12-05,daytime,6,0.9743623793871206,9.775057410930795e-4,0.6370549510412615,3785.890625,0.0027972860373765,0.0035948101416498,high_flow,A4260554.csv
A4260554,2022-12-05,nighttime,6,0.9974391472450216,9.828553255304672e-6,0.7142161995252165,3785.890625,0.0027972860373765,0.0035948101416498,high_flow,A4260554.csv
A4260554,2022-12-06,daytime,6,0.9915775324257275,1.0610820372539706e-4,0.5231646853687324,3624.59375,0.004166170693965,0.0040828472800857,high_flow,A4260554.csv
A4260554,2022-12-06,nighttime,6,0.9969014585282182,1.438656439332111e-5,1.0283625186092449,3624.59375,0.004166170693965,0.0040828472800857,high_flow,A4260554.csv
A4260554,2022-12-07,daytime,6,0.9948071677819036,4.037824599262671e-5,1.192764243136164,3470.671875,0.0048208546601595,0.0046502400507876,high_flow,A4260554.csv
A4260554,2022-12-07,nighttime,6,0.9797357509599596,6.117990302585575e-4,1.565136911975879,3470.671875,0.0048208546601595,0.0046502400507876,high_flow,A4260554.csv
A4260554,2022-12-09,daytime,6,0.9914357260470128,1.0970610151825428e-4,0.7359284052282722,3187.71875,0.0061302225925485,0.0059794468912431,high_flow,A4260554.csv
A4260554,2022-12-09,nighttime,6,0.9977504284791008,7.585165982104038e-6,0.9857990406614504,3187.71875,0.0061302225925485,0.0059794468912431,high_flow,A4260554.csv
A4260554,2022-12-10,daytime,6,0.9971686256716152,1.2013671769346228e-5,1.3783605835077144,3060.046875,0.0066063563861445,0.0066777764551839,high_flow,A4260554.csv
A4260554,2022-12-10,nighttime,6,0.9973933042829656,1.018343777224138e-5,1.2215269233121555,3060.046875,0.0066063563861445,0.0066777764551839,high_flow,A4260554.csv
A4260554,2022-12-11,daytime,6,0.991337034985113,1.122453796669156e-4,1.010749591927642,2937.734375,0.0072015236281395,0.0073880093639646,high_flow,A4260554.csv
A4260554,2022-12-11,nighttime,6,0.9798464461861996,6.051557555268215e-4,1.7849554504911005,2937.734375,0.0072015236281395,0.0073880093639646,high_flow,A4260554.csv
A4260554,2022-12-12,daytime,6,0.9746574760007188,9.552272480380882e-4,3.1584448952723707,2820.6953125,0.0076776574217355,0.0080982422727453,high_flow,A4260554.csv
A4260554,2022-12-12,nighttime,6,0.9945286846688138,4.482104447037356e-5,0.6002583140237889,2820.6953125,0.0076776574217355,0.0080982422727453,high_flow,A4260554.csv
A4260554,2022-12-13,daytime,6,0.8427198545530006,0.03516024327667963,2.516922675655864,2711.1796875,0.008094274491132,0.0087926040550728,high_flow,A4260554.csv
A4260554,2022-12-13,nighttime,6,0.9996749676401248,1.584518832590988e-7,1.25662658602901,2711.1796875,0.008094274491132,0.0087926040550728,high_flow,A4260554.csv
A4260554,2022-12-14,daytime,6,0.987572828704256,2.3069228709097025e-4,1.5837100780260396,2608.2734375,0.00940364242352101,0.0094988691822402,high_flow,A4260554.csv
A4260554,2022-12-14,nighttime,6,0.995257376661454,3.368537752585984e-5,0.8856948951859,2608.2734375,0.00940364242352101,0.0094988691822402,high_flow,A4260554.csv
A4260554,2022-12-15,daytime,6,0.9992170627377112,9.192461683678014e-7,1.3923721320194729,2510.3359375,0.01071301035591001,0.01028052216006031,high_flow,A4260554.csv
A4260554,2022-12-15,nighttime,6,0.998738107656404,2.387553729040363e-6,0.691206558206056,2510.3359375,0.01071301035591001,0.01028052216006031,high_flow,A4260554.csv
A4260554,2022-12-16,daytime,6,0.9992111987822327,9.33065642764256e-7,1.1678280168627206,2416.5625,0.01148672777050351,0.01121691862079911,high_flow,A4260554.csv
A4260554,2022-12-16,nighttime,6,0.999474655956947,4.139070514609698e-7,0.6701899486342366,2416.5625,0.01148672777050351,0.01121691862079911,high_flow,A4260554.csv
A4260554,2022-12-17,daytime,6,0.9919389601386625,9.720864081833132e-5,0.9874917353453688,2334.53125,0.01190334483990001,0.01235567194381621,high_flow,A4260554.csv
A4260554,2022-12-17,nighttime,6,0.997816994376478,7.143068757052059e-6,1.1394389484547582,2334.53125,0.01190334483990001,0.01235567194381621,high_flow,A4260554.csv
A4260554,2022-12-18,daytime,6,0.9650435283075812,0.00181157475360828,1.333665245380781,2266.703125,0.01220092846089751,0.01376820219815101,high_flow,A4260554.csv
A4260554,2022-12-18,nighttime,6,0.9908131446592978,1.262097890391697e-4,1.3063499720091392,2266.703125,0.01220092846089751,0.01376820219815101,high_flow,A4260554.csv
A4260554,2022-12-19,daytime,6,0.9987355688235396,2.3971685224499524e-6,0.8154698719576038,2210.375,0.01267706225449351,0.01540689600444391,high_flow,A4260554.csv
A4260554,2022-12-19,nighttime,6,0.9971850746339354,1.187455476518441e-5,1.8366193264640056,2210.375,0.01267706225449351,0.01540689600444391,high_flow,A4260554.csv
A4260554,2022-12-20,daytime,6,0.9857718800703604,3.0221892909071895e-4,0.7464468227418073,2160.3203125,0.01321271277228901,0.01733920565012101,high_flow,A4260554.csv
A4260554,2022-12-20,nighttime,6,0.997267119609959,1.1192747396031256e-5,1.7679295533388892,2160.3203125,0.01321271277228901,0.01733920565012101,high_flow,A4260554.csv
A4260554,2022-12-21,daytime,6,0.8531294948853824,0.03077235009493942,1.525315240526396,2113.1328125,0.01476014760147601,0.01959290560647542,high_flow,A4260554.csv
A4260554,2022-12-21,nighttime,6,0.987338451061964,2.3945731528639703e-4,4.302841795223168,2113.1328125,0.01476014760147601,0.01959290560647542,high_flow,A4260554.csv
A4260554,2022-12-22,daytime,6,0.9878041087527788,2.222026379823075e-4,1.2969995298731165,2067.625,0.01654564932746101,0.02209260802285442,high_flow,A4260554.csv
A4260554,2022-12-22,nighttime,6,0.99799176571159,6.0454578262978524e-6,2.1291480160547165,2067.625,0.01654564932746101,0.02209260802285442,high_flow,A4260554.csv
A4260554,2022-12-25,daytime,6,0.993992643805488,5.402409494988755e-5,0.6975715964924006,1891.65625,0.02779431020116652,0.03063524183628933,high_flow,A4260554.csv
A4260554,2022-12-25,nighttime,6,0.9989652999186052,1.605352510500997e-6,1.701420709542599,1891.65625,0.02779431020116652,0.03063524183628933,high_flow,A4260554.csv
A4260554,2022-12-27,daytime,6,0.9994558105801876,4.441326082479553e-7,0.8567921420885567,1754.265625,0.03666230210689204,0.03746776177439193,high_flow,A4260554.csv
A4260554,2022-12-27,nighttime,6,0.9973718835398891,1.035141799675147e-5,3.320927654887787,1754.265625,0.03666230210689204,0.03746776177439193,high_flow,A4260554.csv
A4260554,2022-12-28,daytime,6,0.9317389684469,0.00683031916927256,1.8949878879859263,1683.875,0.04189977383644804,0.04121731539896044,high_flow,A4260554.csv
A4260554,2022-12-28,nighttime,6,0.9868629849949098,2.5773814420038376e-4,1.938159861712236,1683.875,0.04189977383644804,0.04121731539896044,high_flow,A4260554.csv
A4260554,2022-12-29,daytime,6,0.9934541474089972,6.413204025956561e-5,1.4599969109865,1618.96875,0.04689917866920604,0.04507003134547474,high_flow,A4260554.csv
A4260554,2022-12-29,nighttime,6,0.995343899964532,3.24684308912448e-5,0.808151423506521,1618.96875,0.04689917866920604,0.04507003134547474,high_flow,A4260554.csv
A4260554,2022-12-30,daytime,6,0.9902739744170068,1.4143334097692535e-4,1.3138398627829648,1561.359375,0.05052969884537555,0.04912510415426735,high_flow,A4260554.csv
A4260554,2022-12-30,nighttime,6,0.9956553646081848,2.8272780674209756e-5,1.172877509633365,1561.359375,0.05052969884537555,0.04912510415426735,high_flow,A4260554.csv
A4260554,2022-12-31,daytime,6,0.9993531170722624,6.275509367838486e-7,1.1786675288631554,1506.0546875,0.05427925246994405,0.05326746815855255,high_flow,A4260554.csv
A4260554,2022-12-31,nighttime,6,0.9993962483223624,5.466640937756615e-7,1.4164400308795713,1506.0546875,0.05427925246994405,0.05326746815855255,high_flow,A4260554.csv
A4260554,2023-01-01,daytime,6,0.9993293746843523,6.744566680316164e-7,0.9672907015924952,1456.4375,0.05743363885251756,0.05742570328929096,high_flow,A4260554.csv
A4260554,2023-01-01,nighttime,6,0.9999305665062164,7.231347718719118e-9,1.4101051114579468,1456.4375,0.05743363885251756,0.05742570328929096,high_flow,A4260554.csv
A4260554,2023-01-02,daytime,6,0.9954238920354272,3.136323255644032e-5,1.5679816688274628,1413.875,0.06177835971908106,0.06157997063841606,high_flow,A4260554.csv
A4260554,2023-01-02,nighttime,6,0.9984722219598084,3.499375612390613e-6,2.272606753907369,1413.875,0.06177835971908106,0.06157997063841606,high_flow,A4260554.csv
A4260554,2023-01-03,daytime,6,0.996532243347154,1.8017153835224795e-5,2.187990219267296,1375.59375,0.06558743006784906,0.06578978693012737,high_flow,A4260554.csv
A4260554,2023-01-03,nighttime,6,0.9987247987212738,2.4381706250767165e-6,1.1284819716908625,1375.59375,0.06558743006784906,0.06578978693012737,high_flow,A4260554.csv
A4260554,2023-01-04,daytime,6,0.9968111015782956,1.523739564527288e-5,2.0724281610221778,1339.90625,0.06945601714081658,0.07005515216442487,high_flow,A4260554.csv
A4260554,2023-01-04,nighttime,6,0.9955045056128444,3.0268778898426377e-5,1.179503250997198,1339.90625,0.06945601714081658,0.07005515216442487,high_flow,A4260554.csv
A4260554,2023-01-05,daytime,6,0.9845723544783348,3.55182385230039e-4,1.567268078538962,1305.125,0.07255088679919057,0.07430464627226918,high_flow,A4260554.csv
A4260554,2023-01-05,nighttime,6,0.9988799143845823,1.8811850536919651e-6,1.2943988374623068,1305.125,0.07255088679919057,0.07430464627226918,high_flow,A4260554.csv
A4260554,2023-01-06,daytime,6,0.9975484701669742,9.007630937986292e-6,1.0475934095103612,1273.375,0.07737174145935008,0.07845891362139427,high_flow,A4260554.csv
A4260554,2023-01-06,nighttime,6,0.999293329494778,7.488983547359552e-7,1.3112069613173063,1273.375,0.07737174145935008,0.07845891362139427,high_flow,A4260554.csv
A4260554,2023-01-07,daytime,6,0.9961523089008356,2.217860818412793e-5,0.8626972460347817,1244.671875,0.08177597905011308,0.08266476213149228,high_flow,A4260554.csv
A4260554,2023-01-07,nighttime,6,0.999469836904072,4.215348551843509e-7,1.5760460965589629,1244.671875,0.08177597905011308,0.08266476213149228,high_flow,A4260554.csv
A4260554,2023-01-08,daytime,6,0.9917735089564848,1.0123436780577344e-4,0.754108899887568,1215.859375,0.08558504939888109,0.0869817085267627,high_flow,A4260554.csv
A4260554,2023-01-08,nighttime,6,0.99780091633295,7.248636111836569e-6,1.9340593644879496,1215.859375,0.08558504939888109,0.0869817085267627,high_flow,A4260554.csv
A4260554,2023-01-09,daytime,6,0.9955827670848396,2.9224825533725357e-5,1.1297321469686146,1182.75,0.0901083204380431,0.09142562393365868,high_flow,A4260554.csv
A4260554,2023-01-09,nighttime,6,0.9957579357377117,2.6954495603247663e-5,1.4415236355168108,1182.75,0.0901083204380431,0.09142562393365868,high_flow,A4260554.csv
A4260554,2023-01-12,daytime,6,0.98737702709784,2.3800349858546e-4,1.2952219341871296,1087.4375,0.1056421854541126,0.1065150974090386,high_flow,A4260554.csv
A4260554,2023-01-12,nighttime,6,0.9988699789316108,1.9146999336512194e-6,1.824439664546208,1087.4375,0.1056421854541126,0.1065150974090386,high_flow,A4260554.csv
A4260554,2023-01-13,daytime,6,0.9770325361239388,7.851988762571442e-4,1.07614326702701,1061.609375,0.1092131889060826,0.11280403126611913,high_flow,A4260554.csv
A4260554,2023-01-13,nighttime,6,0.9983720795708092,3.973030289413588e-6,1.8632386614004024,1061.609375,0.1092131889060826,0.11280403126611913,high_flow,A4260554.csv
A4260554,2023-01-14,daytime,6,0.9894205010156328,1.6729663870318536e-4,1.3682319720627745,1035.1875,0.1136174264968456,0.11965242233067493,high_flow,A4260554.csv
A4260554,2023-01-14,nighttime,6,0.9974400373023544,9.821725278697798e-6,2.102905429445577,1035.1875,0.1136174264968456,0.11965242233067493,high_flow,A4260554.csv
A4260554,2023-01-15,daytime,6,0.9956354781744746,2.853200614932065e-5,3.5789185502264145,1008.859375,0.11903344839900012,0.12727453080982423,high_flow,A4260554.csv
A4260554,2023-01-15,nighttime,6,0.9983501530590672,4.080746955255296e-6,0.8923089073209909,1008.859375,0.11903344839900012,0.12727453080982423,high_flow,A4260554.csv
A4260554,2023-01-16,daytime,6,0.9914340254657078,1.0974961145332886e-4,2.4170599839146942,983.234375,0.12409236995595764,0.13553941991032814,high_flow,A4260554.csv
A4260554,2023-01-16,nighttime,6,0.9976104666137924,8.557982743437134e-6,1.4821600087712008,983.234375,0.12409236995595764,0.13553941991032814,high_flow,A4260554.csv
A4260554,2023-01-17,daytime,6,0.9031854322281182,0.01360586639719036,1.8346882887584404,955.671875,0.13135341030829664,0.14432012062056104,high_flow,A4260554.csv
A4260554,2023-01-17,nighttime,6,0.9957804326883284,2.6669558279635237e-5,3.8219483519388593,955.671875,0.13135341030829664,0.14432012062056104,high_flow,A4260554.csv
A4260554,2023-01-18,daytime,6,0.04406721103577898,0.9339419709254746,1.027256326664142,925.40625,0.13974526842042614,0.15350553505535056,high_flow,A4260554.csv
A4260554,2023-01-18,nighttime,6,0.992535353955408,8.337344230724627e-5,3.0616532698348777,925.40625,0.13974526842042614,0.15350553505535056,high_flow,A4260554.csv
A4260554,2023-01-21,daytime,6,0.994533733657324,4.473843538933641e-5,1.8968938966460611,818.453125,0.18009760742768718,0.1825496964647066,high_flow,A4260554.csv
A4260554,2023-01-21,nighttime,6,0.995833739922472,2.600042615614924e-5,1.1566833739773612,818.453125,0.18009760742768718,0.1825496964647066,high_flow,A4260554.csv
A4260554,2023-01-22,daytime,6,0.9913686363941444,1.1142913636145812e-4,1.1506511562797437,785.8125,0.19610760623735268,0.1940681664881165,high_flow,A4260554.csv
A4260554,2023-01-22,nighttime,6,0.99617673231561,2.1898120609515382e-5,0.8605811764742395,785.8125,0.19610760623735268,0.1940681664881165,high_flow,A4260554.csv
A4260554,2023-01-23,daytime,6,0.9884635344206548,1.988673627735922e-4,1.2652813731185542,757.453125,0.20955838590643971,0.20758243066301632,high_flow,A4260554.csv
A4260554,2023-01-23,nighttime,6,0.9990311457348532,1.407563159263095e-6,1.334001747833789,757.453125,0.20955838590643971,0.20758243066301632,high_flow,A4260554.csv
A4260554,2023-01-24,daytime,6,0.9929204175052362,7.500331638444941e-5,1.4213801211788633,733.265625,0.22181883109153672,0.22324723247232472,high_flow,A4260554.csv
A4260554,2023-01-24,nighttime,6,0.999307744412032,7.186608280100219e-7,1.9346232834377832,733.265625,0.22181883109153672,0.22324723247232472,high_flow,A4260554.csv
A4260554,2023-01-26,daytime,6,0.9949559345623388,3.809972714919854e-5,1.8067830086677812,697.828125,0.23997143197238424,0.25218426377812164,normal_flow,A4260554.csv
A4260554,2023-01-26,nighttime,6,0.9987151867529952,2.475057169945297e-6,1.4950688101794043,697.828125,0.23997143197238424,0.25218426377812164,normal_flow,A4260554.csv
A4260554,2023-01-27,daytime,6,0.9933930951179228,6.533258854405692e-5,1.1977542545197626,681.109375,0.24818473991191525,0.2631234376859898,normal_flow,A4260554.csv
A4260554,2023-01-27,nighttime,6,0.9947587640087052,4.113384224462385e-5,1.4657317545142594,681.109375,0.24818473991191525,0.2631234376859898,normal_flow,A4260554.csv
A4260554,2023-01-28,daytime,6,0.9003281913903339,0.01440661087937423,5.2156860918601415,653.421875,0.26300440423759075,0.2726540491211364,normal_flow,A4260554.csv
A4260554,2023-01-28,nighttime,6,0.9947475879421986,4.130929730556677e-5,1.8469599654796496,653.421875,0.26300440423759075,0.2726540491211364,normal_flow,A4260554.csv
A4260554,2023-01-29,daytime,6,0.5979465241638019,0.2099751275599484,1.5907829143394236,607.078125,0.2863944768479943,0.2817561401420466,normal_flow,A4260554.csv
A4260554,2023-01-29,nighttime,6,0.997033782122372,1.3184623688726218e-5,2.7505741473807817,607.078125,0.2863944768479943,0.2817561401420466,normal_flow,A4260554.csv
A4260554,2023-01-30,daytime,6,0.9990354828081728,1.3949914780001349e-6,1.5792496410597907,550.828125,0.3217474110224973,0.2905209697258263,normal_flow,A4260554.csv
A4260554,2023-01-30,nighttime,6,0.9979410543737128,6.354521438085677e-6,1.5152676032285206,550.828125,0.3217474110224973,0.2905209697258263,normal_flow,A4260554.csv
A4260554,2023-01-31,daytime,6,0.9980753202998018,5.553023038540204e-6,1.7342812020628355,505.203125,0.35906439709558385,0.29897234456215527,normal_flow,A4260554.csv
A4260554,2023-01-31,nighttime,6,0.9435982438119078,0.00468202569984445,0.965029415112204,505.203125,0.35906439709558385,0.29897234456215527,normal_flow,A4260554.csv
A4260554,2023-02-01,daytime,6,0.9998146320193736,5.153874762089384e-8,1.7491135016634718,495.796875,0.36590882037852634,0.3069277466968218,normal_flow,A4260554.csv
A4260554,2023-02-01,nighttime,6,0.01349961493899983,0.9797518076737372,0.03441227140941073,495.796875,0.36590882037852634,0.3069277466968218,normal_flow,A4260554.csv
A4260554,2023-02-02,daytime,6,-0.26585124212378697,0.6106179053736731,-0.8184875196046374,527,0.33924532793715034,0.31436336944014603,normal_flow,A4260554.csv
A4260554,2023-02-02,nighttime,6,0.9957112268400556,2.75509198903345e-5,1.1774394317464747,527,0.33924532793715034,0.31436336944014603,normal_flow,A4260554.csv
A4260554,2023-02-03,daytime,6,0.6413146411221708,0.169909414108269,4.784688180021138,560.484375,0.3161528389477443,0.3214339562750466,normal_flow,A4260554.csv
A4260554,2023-02-03,nighttime,6,-0.14147398901342287,0.7892048096132451,-0.15996157608707082,560.484375,0.3161528389477443,0.3214339562750466,normal_flow,A4260554.csv
A4260554,2023-02-04,daytime,6,0.9969450909721348,1.398444883064075e-5,1.530583803808492,570.078125,0.3098440661825973,0.3277109867872872,normal_flow,A4260554.csv
A4260554,2023-02-04,nighttime,6,-0.05360495053093429,0.919669590867585,-0.2797818940702149,570.078125,0.3098440661825973,0.3277109867872872,normal_flow,A4260554.csv
A4260554,2023-02-05,daytime,6,0.999369023321057,5.97071748187116e-7,1.2440386397548184,559.703125,0.31662897274134033,0.3324247113438876,normal_flow,A4260554.csv
A4260554,2023-02-05,nighttime,6,0.6590324833607637,0.15456802586149954,1.8281064000376337,559.703125,0.31662897274134033,0.3324247113438876,normal_flow,A4260554.csv
A4260554,2023-02-06,daytime,6,0.9999517902455968,3.4862146053629233e-9,1.0745128096428038,543.03125,0.32758004999404833,0.3352299329444907,normal_flow,A4260554.csv
A4260554,2023-02-06,nighttime,6,0.999567025813719,2.811593848692471e-7,1.3795466055489831,543.03125,0.32758004999404833,0.3352299329444907,normal_flow,A4260554.csv
A4260554,2023-02-07,daytime,6,0.9813817693466894,5.167308710987983e-4,1.0011810731201622,530.703125,0.3363290084513748,0.33592429472681823,normal_flow,A4260554.csv
A4260554,2023-02-07,nighttime,6,0.9977287625579724,7.731921165763935e-6,1.428441709170817,530.703125,0.3363290084513748,0.33592429472681823,normal_flow,A4260554.csv
A4260554,2023-02-08,daytime,6,0.9959974971497112,2.3997983493856248e-5,0.8555823171229168,524.5625,0.34114986311153433,0.33522596516287745,normal_flow,A4260554.csv
A4260554,2023-02-08,nighttime,6,0.3559834062403747,0.4885807442463941,3.3959657843766355,524.5625,0.34114986311153433,0.33522596516287745,normal_flow,A4260554.csv
A4260554,2023-02-09,daytime,6,0.9971075456619536,1.2537338587590655e-5,0.7235904459134643,520.890625,0.34424473276990836,0.33557512994484784,normal_flow,A4260554.csv
A4260554,2023-02-09,nighttime,6,0.9992298342601188,8.895044863978819e-7,1.9679321528827256,520.890625,0.34424473276990836,0.33557512994484784,normal_flow,A4260554.csv
A4260554,2023-02-10,daytime,6,0.9990201816951044,1.4395955316144457e-6,1.1334961409016708,519.0625,0.3460302344958933,0.33984049517914533,normal_flow,A4260554.csv
A4260554,2023-02-10,nighttime,6,0.999480667854122,4.044887831471877e-7,2.220750868351994,519.0625,0.3460302344958933,0.33984049517914533,normal_flow,A4260554.csv
A4260554,2023-02-12,daytime,6,0.991831295994197,9.98190481838329e-5,1.9800156811505405,533.796875,0.33371027258659686,0.35663611474824425,normal_flow,A4260554.csv
A4260554,2023-02-12,nighttime,6,0.9988452134218578,1.9995280891347373e-6,1.4042996936037069,533.796875,0.33371027258659686,0.35663611474824425,normal_flow,A4260554.csv
A4260554,2023-02-13,daytime,6,0.9948338784192186,3.9964279456820585e-5,1.721432288866394,541.03125,0.32847280085704084,0.36710709042574297,normal_flow,A4260554.csv
A4260554,2023-02-13,nighttime,6,0.998831232664138,2.048227349992271e-6,0.946529082716408,541.03125,0.32847280085704084,0.36710709042574297,normal_flow,A4260554.csv
A4260554,2023-02-14,daytime,6,0.9940315765328764,5.3326814199189465e-5,1.3624846880855803,535.640625,0.33216283775740985,0.3781613300003968,normal_flow,A4260554.csv
A4260554,2023-02-14,nighttime,6,0.9954012866482308,3.167361956440377e-5,0.9670224333777028,535.640625,0.33216283775740985,0.3781613300003968,normal_flow,A4260554.csv
A4260554,2023-02-15,daytime,6,0.9997491958704768,9.434617894892558e-8,1.2145359951965864,516.234375,0.34858945363647187,0.3889457604253462,normal_flow,A4260554.csv
A4260554,2023-02-15,nighttime,6,0.4828081160053819,0.33205999952626813,0.5523327141720163,516.234375,0.34858945363647187,0.3889457604253462,normal_flow,A4260554.csv
A4260554,2023-02-16,daytime,6,0.99853433694745,3.220678030046323e-6,1.0549479107968691,489.828125,0.3711462921080824,0.399325477125739,normal_flow,A4260554.csv
A4260554,2023-02-16,nighttime,6,0.995137523987674,3.540802605933791e-5,1.5039131122465448,489.828125,0.3711462921080824,0.399325477125739,normal_flow,A4260554.csv
A4260554,2023-02-17,daytime,6,0.9968862497666092,1.452806618382573e-5,1.0635093291582285,463.984375,0.4032258064516129,0.4099432607229298,normal_flow,A4260554.csv
A4260554,2023-02-17,nighttime,6,0.9846000409107896,3.539119924776038e-4,2.5599135367478,463.984375,0.4032258064516129,0.4099432607229298,normal_flow,A4260554.csv
A4260554,2023-02-18,daytime,6,0.9970408836665162,1.3121598654667992e-5,1.3360142137486006,441.546875,0.42822283061540295,0.4212950839185811,normal_flow,A4260554.csv
A4260554,2023-02-18,nighttime,6,0.9997083349784,1.2759032148671166e-7,1.6030016245134149,441.546875,0.42822283061540295,0.4212950839185811,normal_flow,A4260554.csv
A4260554,2023-02-19,daytime,6,0.9996262187267316,2.0954254942238546e-7,1.0784842837077169,422.921875,0.4497083680514225,0.433964210609848,normal_flow,A4260554.csv
A4260554,2023-02-19,nighttime,6,0.9988226117046276,2.0785487238618182e-6,1.6244261042004025,422.921875,0.4497083680514225,0.433964210609848,normal_flow,A4260554.csv
A4260554,2023-02-20,daytime,6,0.9963680696648256,1.976242269179554e-5,1.165245655669035,405.46875,0.473693607903821,0.44801412530254336,normal_flow,A4260554.csv
A4260554,2023-02-20,nighttime,6,0.9892799756642192,1.7176241582064872e-4,1.6266946897841696,405.46875,0.473693607903821,0.44801412530254336,normal_flow,A4260554.csv
A4260554,2023-02-21,daytime,6,0.9971495319648688,1.217617176309782e-5,1.0509181950995914,391.9375,0.4933936436138555,0.463139308812443,normal_flow,A4260554.csv
A4260554,2023-02-21,nighttime,6,0.998910847324339,1.7787343207347397e-6,1.5698006589653468,391.9375,0.4933936436138555,0.463139308812443,normal_flow,A4260554.csv
A4260554,2023-02-22,daytime,6,0.9992112799047548,9.32873759707824e-7,1.2197265675376043,388.78125,0.498095464825616,0.4788279173114312,normal_flow,A4260554.csv
A4260554,2023-02-22,nighttime,6,0.9994531369240564,4.485070635221249e-7,1.4772481632735803,388.78125,0.498095464825616,0.4788279173114312,normal_flow,A4260554.csv
A4260554,2023-02-23,daytime,6,0.9987442390184812,2.3644133369323184e-6,1.5194963152621557,389.625,0.4968456136174265,0.494286394476848,normal_flow,A4260554.csv
A4260554,2023-02-23,nighttime,6,0.9912341239430972,1.1492408705391352e-4,2.580227820879262,389.625,0.4968456136174265,0.494286394476848,normal_flow,A4260554.csv
A4260554,2023-02-24,daytime,6,0.988716642326148,1.9025297498976836e-4,2.5947640395337137,385.3125,0.5035114867277705,0.5091576399634964,normal_flow,A4260554.csv
A4260554,2023-02-24,nighttime,6,0.9994876524083848,3.936828363155275e-7,1.6619569645590015,385.3125,0.5035114867277705,0.5091576399634964,normal_flow,A4260554.csv
A4260554,2023-02-25,daytime,6,-0.49455375542108904,0.31864919056417507,-0.8903334839314677,376.34375,0.516307582430663,0.5228266476213149,normal_flow,A4260554.csv
A4260554,2023-02-25,nighttime,6,0.9939847699848684,5.4165663692246656e-5,3.0815846336491575,376.34375,0.516307582430663,0.5228266476213149,normal_flow,A4260554.csv
A4260554,2023-02-26,daytime,6,0.8905127588256678,0.01732494722797693,4.114479849767503,366.125,0.532377097964528,0.5357854223703528,normal_flow,A4260554.csv
A4260554,2023-02-26,nighttime,6,0.9972636268986008,1.1221362003006698e-5,0.866811920858824,366.125,0.532377097964528,0.5357854223703528,normal_flow,A4260554.csv
A4260554,2023-02-27,daytime,6,0.7051359562243252,0.11759875817529183,3.606016881839833,357.1875,0.5444589929770265,0.547982383049637,normal_flow,A4260554.csv
A4260554,2023-02-27,nighttime,6,0.99610183568518,2.2763909899451068e-5,0.9753159902757336,357.1875,0.5444589929770265,0.547982383049637,normal_flow,A4260554.csv
A4260554,2023-02-28,daytime,6,0.6941060507060512,0.12604524440617812,2.6389416643894115,348.375,0.5553505535055351,0.5593262706820616,normal_flow,A4260554.csv
A4260554,2023-02-28,nighttime,6,0.970335459383302,0.00130692528005726,1.5537852385482098,348.375,0.5553505535055351,0.5593262706820616,normal_flow,A4260554.csv
A4260554,2023-03-01,daytime,6,0.9023463186596288,0.01383873767568665,3.970877525281084,339.125,0.5674919652422331,0.5701067333253977,normal_flow,A4260554.csv
A4260554,2023-03-01,nighttime,6,0.9500466978793036,0.00368067354268878,0.8775788387248263,339.125,0.5674919652422331,0.5701067333253977,normal_flow,A4260554.csv
A4260554,2023-03-02,daytime,6,0.8952095857265835,0.01589619299557506,3.142651752044508,330.78125,0.5804666111177241,0.5814506209578225,normal_flow,A4260554.csv
A4260554,2023-03-02,nighttime,6,0.90189009056612,0.01396615036194556,2.038153878387175,330.78125,0.5804666111177241,0.5814506209578225,normal_flow,A4260554.csv
A4260554,2023-03-18,daytime,6,0.9927905100939126,7.777775415080873e-5,2.667854041454422,256.71875,0.7275324366146887,0.7267904614530016,normal_flow,A4260554.csv
A4260554,2023-03-18,nighttime,6,0.999291930360358,7.518664220514604e-7,1.6222536818260902,256.71875,0.7275324366146887,0.7267904614530016,normal_flow,A4260554.csv
A4260554,2023-03-19,daytime,6,0.9485181041492052,0.00390735496286622,1.9429384323237673,254.625,0.7327699083442447,0.7324683569416339,normal_flow,A4260554.csv
A4260554,2023-03-19,nighttime,6,0.9873028655942676,2.4080233480697864e-4,2.1040331331760305,254.625,0.7327699083442447,0.7324683569416339,normal_flow,A4260554.csv
A4260554,2023-03-20,daytime,6,0.664442919893423,0.1500062100106269,0.7375852093496631,252.78125,0.7367575288656112,0.7380668967980002,normal_flow,A4260554.csv
A4260554,2023-03-20,nighttime,6,0.9916754324732582,1.036591970537725e-4,0.8140362556988806,252.78125,0.7367575288656112,0.7380668967980002,normal_flow,A4260554.csv
A4260554,2023-03-21,daytime,6,0.9906903362359504,1.2960132556784064e-4,1.4870890257550669,250.9375,0.7415188668015712,0.7435384676427409,normal_flow,A4260554.csv
A4260554,2023-03-21,nighttime,6,0.9933363273715408,6.64588507136855e-5,1.1120261468091956,250.9375,0.7415188668015712,0.7435384676427409,normal_flow,A4260554.csv
A4260554,2023-03-22,daytime,6,0.976910288892116,7.93547174784348e-4,1.916855171409776,248.40625,0.7463992381859302,0.7486767448319644,normal_flow,A4260554.csv
A4260554,2023-03-22,nighttime,6,0.9960625970934266,2.3224191415544913e-5,1.3842984665267828,248.40625,0.7463992381859302,0.7486767448319644,normal_flow,A4260554.csv
A4260554,2023-03-23,daytime,6,0.9683665734091678,0.00148518314815109,1.686004257637466,245.6875,0.7528270443994762,0.7534539538943776,low_flow,A4260554.csv
A4260554,2023-03-23,nighttime,6,0.9937839536876586,5.7838756008721856e-5,0.7848249044520409,245.6875,0.7528270443994762,0.7534539538943776,low_flow,A4260554.csv
A4260554,2023-03-24,daytime,6,0.5959382866647771,0.21191405906142072,2.5940477546218794,243.0625,0.7593143673372218,0.7579772249335397,low_flow,A4260554.csv
A4260554,2023-03-24,nighttime,6,0.9932506652310674,6.817655175708832e-5,0.8273088097890924,243.0625,0.7593143673372218,0.7579772249335397,low_flow,A4260554.csv
A4260554,2023-03-25,daytime,6,0.9892077130871268,1.7408167773285077e-4,1.5043027423953603,240.78125,0.7646708725151767,0.7623497202713962,low_flow,A4260554.csv
A4260554,2023-03-25,nighttime,6,0.9881251936022962,2.1067930115173803e-4,0.7679995828552783,240.78125,0.7646708725151767,0.7623497202713962,low_flow,A4260554.csv
A4260554,2023-03-26,daytime,6,0.9230198014037236,0.00866083602238406,2.47949020277618,238.40625,0.7705035114867278,0.7666468277586002,low_flow,A4260554.csv
A4260554,2023-03-26,nighttime,6,0.9972740607294762,1.1135989480200418e-5,1.0515122732757944,238.40625,0.7705035114867278,0.7666468277586002,low_flow,A4260554.csv
A4260554,2023-03-27,daytime,6,0.9990984746417618,1.2187556008665437e-6,2.126777110156839,235.96875,0.7763956671824783,0.7708407729238582,low_flow,A4260554.csv
A4260554,2023-03-27,nighttime,6,0.9920614160140028,9.428152434415088e-5,2.12919619352539,235.96875,0.7763956671824783,0.7708407729238582,low_flow,A4260554.csv
A4260554,2023-03-28,daytime,6,0.9985076074624122,3.339191274562109e-6,1.7657147257861312,234.40625,0.7813950720152363,0.7751140737213824,low_flow,A4260554.csv
A4260554,2023-03-28,nighttime,6,0.9987420773994,2.3725586546173546e-6,1.793207208594155,234.40625,0.7813950720152363,0.7751140737213824,low_flow,A4260554.csv
A4260554,2023-03-29,daytime,6,0.8862955610141653,0.01865802390901525,3.3011310068468513,233.46875,0.7835376740864183,0.7793397611395468,low_flow,A4260554.csv
A4260554,2023-03-29,nighttime,6,0.9974914574099336,9.431286028511413e-6,2.7434890335263096,233.46875,0.7835376740864183,0.7793397611395468,low_flow,A4260554.csv
A4260554,2023-03-30,daytime,6,0.9623715637999384,0.00209720977973233,2.450063150079034,232.75,0.7856207594334008,0.7832599293734873,low_flow,A4260554.csv
A4260554,2023-03-30,nighttime,6,0.9983845218137865,3.912546642130804e-6,1.2436981212484783,232.75,0.7856207594334008,0.7832599293734873,low_flow,A4260554.csv
A4260554,2023-03-31,daytime,6,0.8040854011498934,0.0538139460758234,2.7109649476616773,231.96875,0.7872277109867872,0.7864658969170337,low_flow,A4260554.csv
A4260554,2023-03-31,nighttime,6,0.983906551082065,3.864145527339499e-4,1.7649412492334888,231.96875,0.7872277109867872,0.7864658969170337,low_flow,A4260554.csv
A4260554,2023-04-01,daytime,6,0.9545620956046786,0.00304999911335291,3.2713708207402004,231.21875,0.7887751458159743,0.7887434035630679,low_flow,A4260554.csv
A4260554,2023-04-01,nighttime,6,0.9906341741807908,1.3116726091249724e-4,1.3427455907817625,231.21875,0.7887751458159743,0.7887434035630679,low_flow,A4260554.csv
A4260554,2023-04-02,daytime,6,0.9622273276239672,0.00211321561951069,3.0548529115080725,230.0625,0.7919890489227472,0.7898940602309249,low_flow,A4260554.csv
A4260554,2023-04-02,nighttime,6,0.997950911915949,6.293841147733169e-6,1.2161773655507857,230.0625,0.7919890489227472,0.7898940602309249,low_flow,A4260554.csv
A4260554,2023-04-03,daytime,6,0.9745494448645542,9.633535813853636e-4,2.736611570690686,228.21875,0.7956790858231163,0.7896996389318732,low_flow,A4260554.csv
A4260554,2023-04-03,nighttime,6,0.996874595652178,1.4636963793183896e-5,1.7952599038099883,228.21875,0.7956790858231163,0.7896996389318732,low_flow,A4260554.csv
A4260554,2023-04-06,daytime,6,0.9969890624432364,1.3584969260089374e-5,1.5936786227359323,224.53125,0.8052017616950363,0.7842161647422926,low_flow,A4260554.csv
A4260554,2023-04-06,nighttime,6,0.999472553646084,4.172261166918713e-7,2.4962988543879385,224.53125,0.8052017616950363,0.7842161647422926,low_flow,A4260554.csv
A4260554,2023-04-07,daytime,6,0.9716549644542688,0.00119377477771304,1.7185992781145252,226.0625,0.8009165575526723,0.7821767249930563,low_flow,A4260554.csv
A4260554,2023-04-07,nighttime,6,0.99870850812016565,2.500849840753331e-6,1.6264796397752528,226.0625,0.8009165575526723,0.7821767249930563,low_flow,A4260554.csv
A4260554,2023-04-08,daytime,6,0.9536418726513164,0.00317380038813594,3.069532645905289,229.3125,0.7934769670277348,0.780518192278697,low_flow,A4260554.csv
A4260554,2023-04-08,nighttime,6,0.9978374508370192,7.009871614338546e-6,1.6903903864765224,229.3125,0.7934769670277348,0.780518192278697,low_flow,A4260554.csv
A4260554,2023-04-09,daytime,6,0.9867680386228352,2.614688451620228e-4,3.230613491430013,234.1875,0.7819307225330318,0.7788755306907907,low_flow,A4260554.csv
A4260554,2023-04-09,nighttime,6,0.9974148236965568,1.0016066236745674e-5,1.8727113149255028,234.1875,0.7819307225330318,0.7788755306907907,low_flow,A4260554.csv
A4260554,2023-04-10,daytime,6,0.99378803268148,5.776295158118326e-5,2.3277348272559295,239.46875,0.7675871920009523,0.776669444113796,low_flow,A4260554.csv
A4260554,2023-04-10,nighttime,6,0.995036356039094,3.6895495518238866e-5,1.065801675140417,239.46875,0.7675871920009523,0.776669444113796,low_flow,A4260554.csv
A4260554,2023-04-11,daytime,6,-0.8359628139529868,0.03815532503525792,-0.7523536675520344,243.8125,0.7575883823354362,0.7736737689957545,low_flow,A4260554.csv
A4260554,2023-04-11,nighttime,6,0.9988144743823292,2.107373374299232e-6,1.859624751685466,243.8125,0.7575883823354362,0.7736737689957545,low_flow,A4260554.csv
A4260554,2023-04-12,daytime,6,0.9888400569025348,1.861215410903796e-4,2.257289265834757,246.5,0.7514581597428878,0.7697853430147205,low_flow,A4260554.csv
A4260554,2023-04-12,nighttime,6,0.9865162041291816,2.7149336361767626e-4,2.5488209107846544,246.5,0.7514581597428878,0.7697853430147205,low_flow,A4260554.csv
A4260554,2023-04-13,daytime,6,0.9690778360279484,0.00141948675622395,1.860550285760268,246.96875,0.7500297583620997,0.7650121017339205,low_flow,A4260554.csv
A4260554,2023-04-13,nighttime,6,0.9992058281455442,9.45812955972732e-7,1.3526742704649586,246.96875,0.7500297583620997,0.7650121017339205,low_flow,A4260554.csv
A4260554,2023-04-14,daytime,6,0.9573314121989176,0.00269207118304594,1.659828672558521,244.78125,0.7550291631948578,0.759635757647899,low_flow,A4260554.csv
A4260554,2023-04-14,nighttime,6,0.9920818048969814,9.379849377353844e-5,2.1018267821044136,244.78125,0.7550291631948578,0.759635757647899,low_flow,A4260554.csv
A4260554,2023-04-15,daytime,6,0.1059367581153806,0.8416893055840055,0.42565412112250506,241.78125,0.7623497202713962,0.7541443478950919,low_flow,A4260554.csv
A4260554,2023-04-15,nighttime,6,0.99921117882032,9.331128626744394e-7,2.356739817284308,241.78125,0.7623497202713962,0.7541443478950919,low_flow,A4260554.csv
A4260554,2023-04-16,daytime,6,0.0135376716104608,0.97969473309905,0.07875791412639732,240.96875,0.7641352219973813,0.7488711661310161,normal_flow,A4260554.csv
A4260554,2023-04-16,nighttime,6,0.9909104833358916,1.2355348496866398e-4,0.99806884574287,240.96875,0.7641352219973813,0.7488711661310161,normal_flow,A4260554.csv
A4260554,2023-04-17,daytime,6,0.9697613999585188,0.00135773472000615,2.1599475440542055,243.15625,0.7588977502678252,0.7440384081260167,normal_flow,A4260554.csv
A4260554,2023-04-17,nighttime,6,0.9983165233647376,4.248754807048672e-6,1.5635841816334777,243.15625,0.7588977502678252,0.7440384081260167,normal_flow,A4260554.csv
A4260554,2023-04-18,daytime,6,0.9584143943951018,0.00255808559490808,1.928423441087045,246.75,0.7507439590524938,0.7398325596159188,normal_flow,A4260554.csv
A4260554,2023-04-18,nighttime,6,0.9814664331201411,5.120565757525284e-4,0.9419201680996035,246.75,0.7507439590524938,0.7398325596159188,normal_flow,A4260554.csv
A4260554,2023-04-19,daytime,6,0.9649865347200896,0.0018174518743892,2.270849087735716,250.5,0.7425306511129628,0.7360988771178034,normal_flow,A4260554.csv
A4260554,2023-04-19,nighttime,6,0.990058035979777,1.4777262784119189e-4,1.6757502861189906,250.5,0.7425306511129628,0.7360988771178034,normal_flow,A4260554.csv
A4260554,2023-04-20,daytime,6,0.979782309056124,6.09000499248277e-4,2.028073158556011,254.28125,0.7333055588620402,0.7328214895052176,normal_flow,A4260554.csv
A4260554,2023-04-20,nighttime,6,0.9993394404399516,6.543642846306784e-7,0.986045517257462,254.28125,0.7333055588620402,0.7328214895052176,normal_flow,A4260554.csv
A4260554,2023-04-21,daytime,6,0.968752460713533,0.00144935788240345,1.7595467342859623,258,0.7245566004047137,0.7300202356862279,normal_flow,A4260554.csv
A4260554,2023-04-21,nighttime,6,0.9898204852378112,1.549063677003725e-4,2.7378173461120516,258,0.7245566004047137,0.7300202356862279,normal_flow,A4260554.csv
A4260554,2023-04-22,daytime,6,0.960301527796274,0.00233267126824266,1.8316996822399605,260.8125,0.7185454112605643,0.7275562433043685,normal_flow,A4260554.csv
A4260554,2023-04-22,nighttime,6,0.991135106791318,1.1753116768335097e-4,1.197920189403076,260.8125,0.7185454112605643,0.7275562433043685,normal_flow,A4260554.csv
A4260554,2023-04-23,daytime,6,0.9888052894795334,1.872808462540706e-4,1.9964603297855463,263.0625,0.7143792405665992,0.7255287068999722,normal_flow,A4260554.csv
A4260554,2023-04-23,nighttime,6,0.9903625207233456,1.3887394082276076e-4,2.3140527100692365,263.0625,0.7143792405665992,0.7255287068999722,normal_flow,A4260554.csv
A4260554,2023-04-24,daytime,6,0.9951982972010248,3.4529169784917145e-5,1.7808357622284643,265.375,0.7094393524580407,0.7243026623814626,normal_flow,A4260554.csv
A4260554,2023-04-24,nighttime,6,0.9924382951899896,8.555288265559354e-5,1.5329482843792115,265.375,0.7094393524580407,0.7243026623814626,normal_flow,A4260554.csv
A4260554,2023-05-04,daytime,6,0.9835395433522728,4.0418999692396824e-4,2.218876429968906,227.59375,0.7969289370313059,0.789088600563425,low_flow,A4260554.csv
A4260554,2023-05-04,nighttime,6,0.9871476349513816,2.467134330599914e-4,0.9243836034273496,227.59375,0.7969289370313059,0.789088600563425,low_flow,A4260554.csv
A4260554,2023-05-05,daytime,6,0.44128420267167145,0.3810397179637759,0.8759486819248773,220.71875,0.8137721699797643,0.7963575764789906,low_flow,A4260554.csv
A4260554,2023-05-05,nighttime,6,0.9907062099082374,1.2916042800922785e-4,1.0311907157284137,220.71875,0.8137721699797643,0.7963575764789906,low_flow,A4260554.csv
A4260554,2023-05-06,daytime,6,0.08941660470332367,0.8662325505401403,0.19848665905878,214.59375,0.8267468158552553,0.7979526246875372,low_flow,A4260554.csv
A4260554,2023-05-06,nighttime,6,0.992332262387919,8.796589088188912e-5,1.5880838980036245,214.59375,0.8267468158552553,0.7979526246875372,low_flow,A4260554.csv
A4260554,2023-05-07,daytime,6,-0.2748322283868998,0.5981310749356952,-0.6451787677836366,209.65625,0.8396024282823473,0.7943102011665278,low_flow,A4260554.csv
A4260554,2023-05-07,nighttime,6,0.9957394744480884,2.718944827171192e-5,0.5112581719473264,209.65625,0.8396024282823473,0.7943102011665278,low_flow,A4260554.csv
A4260554,2023-05-08,daytime,6,-0.7593176936952137,0.0799208398336501,-1.6052612605317484,206.09375,0.8482323532912749,0.7873388088719597,low_flow,A4260554.csv
A4260554,2023-05-08,nighttime,6,0.9624009623238498,0.00209395480394906,1.085139275418242,206.09375,0.8482323532912749,0.7873388088719597,low_flow,A4260554.csv
A4260554,2023-05-09,daytime,6,0.6890697394532308,0.12998644052131075,3.070060077567735,203.28125,0.8544816093322224,0.778772368368845,low_flow,A4260554.csv
A4260554,2023-05-09,nighttime,6,0.9839803219048198,3.828895637239787e-4,0.8470458469091273,203.28125,0.8544816093322224,0.778772368368845,low_flow,A4260554.csv
A4260554,2023-05-10,daytime,6,0.7897437829649367,0.0616640457587058,1.8792254809583169,201.78125,0.8587072967503868,0.7693369836924175,low_flow,A4260554.csv
A4260554,2023-05-10,nighttime,6,0.9784274764454246,6.930410154344606e-4,0.7481427642497147,201.78125,0.8587072967503868,0.7693369836924175,low_flow,A4260554.csv
A4260554,2023-05-11,daytime,6,0.8126382114796469,0.04936804438358169,1.410820544069584,205.15625,0.8502559219140579,0.7591516882910765,low_flow,A4260554.csv
A4260554,2023-05-11,nighttime,6,0.97882744065326,6.676703153929109e-4,0.7716084507148805,205.15625,0.8502559219140579,0.7591516882910765,low_flow,A4260554.csv
A4260554,2023-05-12,daytime,6,0.17908065480562033,0.7342505654294177,0.28123777735196887,221.71875,0.8113319842875848,0.7486489703606714,normal_flow,A4260554.csv
A4260554,2023-05-12,nighttime,6,0.9503948680953764,0.00362997275899342,2.2357548048741283,221.71875,0.8113319842875848,0.7486489703606714,normal_flow,A4260554.csv
A4260554,2023-05-13,daytime,6,0.5835625275068879,0.224020924420681,1.26483451160493,255.0625,0.7319366742054517,0.7378010554299091,normal_flow,A4260554.csv
A4260554,2023-05-13,nighttime,6,-0.99218708646371645,9.132397044668126e-5,-1.8737229185696072,255.0625,0.7319366742054517,0.7378010554299091,normal_flow,A4260554.csv
A4260554,2023-05-14,daytime,6,0.7090191601710045,0.1146861218148015,1.1802351824638075,288.4375,0.6634329246518271,0.7269571082807602,normal_flow,A4260554.csv
A4260554,2023-05-14,nighttime,6,-0.8986502049261766,0.01488714999451306,-4.06027217096754,288.4375,0.6634329246518271,0.7269571082807602,normal_flow,A4260554.csv
A4260554,2023-05-15,daytime,6,0.913624599819941,0.01086885373898565,1.044394377202351,306.1875,0.6273657897869301,0.715990159901599,normal_flow,A4260554.csv
A4260554,2023-05-15,nighttime,6,-0.6875921751362166,0.13115268272667135,-2.0390459362823807,306.1875,0.6273657897869301,0.715990159901599,normal_flow,A4260554.csv
A4260554,2023-05-16,daytime,6,0.9260776810015616,0.00799478927132998,1.0046150371940687,311,0.6172479466730151,0.7052850851089156,normal_flow,A4260554.csv
A4260554,2023-05-16,nighttime,6,0.7630572494420452,0.07756159636376217,0.939218939332064,311,0.6172479466730151,0.7052850851089156,normal_flow,A4260554.csv
A4260554,2023-05-17,daytime,6,0.8843339055726742,0.0192942402690294,1.595141838307492,309.9375,0.6197476490893942,0.6951950164662937,normal_flow,A4260554.csv
A4260554,2023-05-17,nighttime,6,0.916362628244235,0.01020028444359303,1.1046688969579683,309.9375,0.6197476490893942,0.6951950164662937,normal_flow,A4260554.csv
A4260554,2023-05-18,daytime,6,0.9948282158792472,4.005186072493956e-5,1.2216405166925637,306.125,0.6274848232353292,0.6859223108360116,normal_flow,A4260554.csv
A4260554,2023-05-18,nighttime,6,0.9965460025459412,1.7874544354194454e-5,0.5307823756703587,306.125,0.6274848232353292,0.6859223108360116,normal_flow,A4260554.csv
A4260554,2023-05-19,daytime,6,0.9867149749494316,2.6356548629746606e-4,1.355469131869385,300.40625,0.6393881680752291,0.6785104947823671,normal_flow,A4260554.csv
A4260554,2023-05-19,nighttime,6,0.9949123599351156,3.876027769986113e-5,0.7876401759768715,300.40625,0.6393881680752291,0.6785104947823671,normal_flow,A4260554.csv
A4260554,2023-05-20,daytime,6,0.9870306242440255,2.5121630622174334e-4,1.7486205109124695,294,0.65105344601833115,0.6750148791810499,normal_flow,A4260554.csv
A4260554,2023-05-20,nighttime,6,0.9940253914750512,5.3437285884879785e-5,2.058924756330097,294,0.65105344601833115,0.6750148791810499,normal_flow,A4260554.csv
A4260554,2023-05-21,daytime,6,0.9996594631599868,1.739282638742709e-7,1.732507373815643,288.03125,0.6640876086180216,0.6782010078165298,normal_flow,A4260554.csv
A4260554,2023-05-21,nighttime,6,0.975375204666004,9.021048194512522e-4,1.6454724148509108,288.03125,0.6640876086180216,0.6782010078165298,normal_flow,A4260554.csv
A4260554,2023-05-22,daytime,6,0.9755293700584368,8.908909444838653e-4,1.7007733421487363,282.28125,0.6750982025949291,0.6869936118716026,normal_flow,A4260554.csv
A4260554,2023-05-22,nighttime,6,0.980988857640032,5.386997636195051e-4,1.798013289141817,282.28125,0.6750982025949291,0.6869936118716026,normal_flow,A4260554.csv
A4260554,2023-05-23,daytime,6,0.967846339986393,0.00153416562146378,1.615156616500139,276,0.6876562314010237,0.6991072491370075,normal_flow,A4260554.csv
A4260554,2023-05-23,nighttime,6,0.987971031096002,2.161738669390566e-4,0.785741131564642,276,0.6876562314010237,0.6991072491370075,normal_flow,A4260554.csv
A4260554,2023-05-24,daytime,6,0.9421085357074164,0.00493012310386814,1.551577703274282,268.5625,0.7031305796928937,0.7126770622544936,normal_flow,A4260554.csv
A4260554,2023-05-24,nighttime,6,0.9764445661410172,8.257527304990843e-4,0.8843679541072932,268.5625,0.7031305796928937,0.7126770622544936,normal_flow,A4260554.csv
A4260554,2023-05-25,daytime,6,0.8936106175644948,0.01637595625405516,1.9152981529282824,260.28125,0.7196167122961552,0.7268301392691346,normal_flow,A4260554.csv
A4260554,2023-05-25,nighttime,6,0.06027708190385619,0.9096938803068272,0.15102113176571458,260.28125,0.7196167122961552,0.7268301392691346,normal_flow,A4260554.csv
A4260554,2023-05-26,daytime,6,0.7701493552193455,0.0731753220015362,2.4639353524884604,251.6875,0.7390786811093918,0.741157798674761,normal_flow,A4260554.csv
A4260554,2023-05-26,nighttime,6,0.997467429318399,9.61274954035607e-6,1.3103307902710637,251.6875,0.7390786811093918,0.741157798674761,normal_flow,A4260554.csv
A4260554,2023-05-27,daytime,6,0.9940366131421308,5.323693929442495e-5,1.7272683140255456,243.15625,0.7588977502678252,0.7551521644248701,low_flow,A4260554.csv
A4260554,2023-05-27,nighttime,6,0.9752269271545108,9.129560262646284e-4,0.6764918598247974,243.15625,0.7588977502678252,0.7551521644248701,low_flow,A4260554.csv
A4260554,2023-05-28,daytime,6,0.9326025817678094,0.00666054455640064,0.8002761781986365,235,0.7797286037376503,0.7687259453239693,low_flow,A4260554.csv
A4260554,2023-05-28,nighttime,6,0.9737369954992672,0.001025560714765,1.2052437588522509,235,0.7797286037376503,0.7687259453239693,low_flow,A4260554.csv
A4260554,2023-05-29,daytime,6,0.9640136828638288,0.00191922112091627,1.5026501557631042,228.375,0.7953219854779193,0.7818116890846328,low_flow,A4260554.csv
A4260554,2023-05-29,nighttime,6,-0.7324746672553418,0.09778133772088562,-5.928822397182809,228.375,0.7953219854779193,0.7818116890846328,low_flow,A4260554.csv
A4260554,2023-05-30,daytime,6,0.986670332032594,2.6533586415898526e-4,1.185277890096443,222.71875,0.8090703487680038,0.7943340078562076,low_flow,A4260554.csv
A4260554,2023-05-30,nighttime,6,0.22781214140537528,0.664193327496319,0.8452312675754299,222.71875,0.8090703487680038,0.7943340078562076,low_flow,A4260554.csv
A4260554,2023-05-31,daytime,6,0.9953675400226332,3.2139822595891765e-5,1.1364585272442702,217.34375,0.8207951434353054,0.8059596079831766,low_flow,A4260554.csv
A4260554,2023-05-31,nighttime,6,0.9769520034255704,7.906935543286346e-4,2.702563664494249,217.34375,0.8207951434353054,0.8059596079831766,low_flow,A4260554.csv
A4260554,2023-06-01,daytime,6,0.9567833758847348,0.00276115756108636,1.5397897414900148,212.59375,0.8320438043090108,0.8156449629012419,low_flow,A4260554.csv
A4260554,2023-06-01,nighttime,6,0.8363555978980982,0.03797807866635004,1.1455397234432787,212.59375,0.8320438043090108,0.8156449629012419,low_flow,A4260554.csv
A4260554,2023-06-02,daytime,6,0.9992607111859874,8.196198973932078e-7,2.282043754460453,208.6875,0.8423997143197238,0.8229893266674603,low_flow,A4260554.csv
A4260554,2023-06-02,nighttime,6,0.7846413867493313,0.06457490410793196,2.495623354935236,208.6875,0.8423997143197238,0.8229893266674603,low_flow,A4260554.csv
A4260554,2023-06-03,daytime,6,0.9977729637436772,7.434013025196439e-6,1.3746602778628267,205.6875,0.8493036543268658,0.8284450263857477,low_flow,A4260554.csv
A4260554,2023-06-03,nighttime,6,0.4337263359802612,0.3902064773838968,0.7907177134177997,205.6875,0.8493036543268658,0.8284450263857477,low_flow,A4260554.csv
A4260554,2023-06-04,daytime,6,0.7822490361436004,0.06596083990862844,1.869081221312991,203.21875,0.8546601595048209,0.8323334523667817,low_flow,A4260554.csv
A4260554,2023-06-04,nighttime,6,0.8822055202619171,0.01999607820945095,0.7339900136898321,203.21875,0.8546601595048209,0.8323334523667817,low_flow,A4260554.csv
A4260554,2023-06-05,daytime,6,0.9996772164972966,1.5626696915046042e-7,1.46847763285705,201.21875,0.8603737650279729,0.8344482799666706,low_flow,A4260554.csv
A4260554,2023-06-05,nighttime,6,0.9884077915738588,2.007900678878181e-4,1.9783101697116563,201.21875,0.8603737650279729,0.8344482799666706,low_flow,A4260554.csv
A4260554,2023-06-06,daytime,6,0.9991518425222166,1.0787515906880371e-6,1.29053383755227,199.9375,0.8629329841685514,0.834849025909614,low_flow,A4260554.csv
A4260554,2023-06-06,nighttime,6,0.9157471219858616,0.01034878465415228,1.0765601092456003,199.9375,0.8629329841685514,0.834849025909614,low_flow,A4260554.csv
A4260554,2023-06-07,daytime,6,0.938831958546202,0.00549786293342275,0.8117518584669514,200.40625,0.8620402333055589,0.8332500099194541,low_flow,A4260554.csv
A4260554,2023-06-07,nighttime,6,-0.7843652407906772,0.06473419388287976,-0.4017379219832909,200.40625,0.8620402333055589,0.8332500099194541,low_flow,A4260554.csv
A4260554,2023-06-08,daytime,6,0.9942306730876456,4.983168312556456e-5,1.48593941959774,206,0.8484109034638734,0.8285442209260803,low_flow,A4260554.csv
A4260554,2023-06-08,nighttime,6,0.8302992060827304,0.04075398695261546,0.1218438732055898,206,0.8484109034638734,0.8285442209260803,low_flow,A4260554.csv
A4260554,2023-06-09,daytime,6,0.9849191399340664,3.394335728429197e-4,1.3616766202406534,213.34375,0.8297821687894298,0.8195294211006626,low_flow,A4260554.csv
A4260554,2023-06-09,nighttime,6,-0.233247666887426,0.656473357995875,-0.11220404216855856,213.34375,0.8297821687894298,0.8195294211006626,low_flow,A4260554.csv
A4260554,2023-06-10,daytime,6,0.9229133600905688,0.00868448717943199,0.9071561899842778,217.25,0.8209141768837043,0.8047295956830536,low_flow,A4260554.csv
A4260554,2023-06-10,nighttime,6,-0.2181897555013359,0.6779090214364187,-0.07349440142798151,217.25,0.8209141768837043,0.8047295956830536,low_flow,A4260554.csv
A4260554,2023-06-11,daytime,6,0.7992600391707073,0.05640023569567286,0.7238214220821947,219.21875,0.8172241399833353,0.784406618259731,low_flow,A4260554.csv
A4260554,2023-06-11,nighttime,6,-0.8301478151083186,0.04082454928370425,-0.8543968590078985,219.21875,0.8172241399833353,0.784406618259731,low_flow,A4260554.csv
A4260554,2023-06-12,daytime,6,0.9438201612755232,0.004645604737669,0.897647806106992,221.6875,0.8114510177359838,0.7598539856366305,low_flow,A4260554.csv
A4260554,2023-06-12,nighttime,6,-0.8090653703703703,0.05120368962827142,-1.4031756584924409,221.6875,0.8114510177359838,0.7598539856366305,low_flow,A4260554.csv
A4260554,2023-06-13,daytime,6,0.9449473989132214,0.0044627569238588,0.977347797859693,225.890625,0.8013331746220688,0.7332381065746141,normal_flow,A4260554.csv
A4260554,2023-06-13,nighttime,6,0.5099461533908161,0.30138526387720965,0.180278276228594,225.890625,0.8013331746220688,0.7332381065746141,normal_flow,A4260554.csv
A4260554,2023-06-14,daytime,6,0.7534851642725587,0.08366404677843825,0.6463274791768305,233.046875,0.7850851089156052,0.706507161845812,normal_flow,A4260554.csv
A4260554,2023-06-14,nighttime,6,-0.3621823619596004,0.4804812852825278,-0.24383232947333297,233.046875,0.7850851089156052,0.706507161845812,normal_flow,A4260554.csv
A4260554,2023-06-15,daytime,6,0.9536757784228976,0.00316919590750543,0.8472607502845362,246.921875,0.7502083085346982,0.6806570646351625,normal_flow,A4260554.csv
A4260554,2023-06-15,nighttime,6,0.2818713274425054,0.5883905510039366,0.08084856686779775,246.921875,0.7502083085346982,0.6806570646351625,normal_flow,A4260554.csv
A4260554,2023-06-16,daytime,6,0.9871187182992472,2.4782244847302063e-4,0.6194152676224232,271.828125,0.6968218069277466,0.656592469150498,normal_flow,A4260554.csv
A4260554,2023-06-16,nighttime,6,0.9767976981477854,8.012747742541226e-4,0.4444591083405925,271.828125,0.6968218069277466,0.656592469150498,normal_flow,A4260554.csv
A4260554,2023-06-17,daytime,6,0.9172983175884436,0.00997653050895095,1.593574896183647,309.796875,0.6204023330555887,0.6342459231043923,normal_flow,A4260554.csv
A4260554,2023-06-17,nighttime,6,0.8117980278751563,0.049796918205678,0.6597476618451008,309.796875,0.6204023330555887,0.6342459231043923,normal_flow,A4260554.csv
A4260554,2023-06-18,daytime,6,0.8914977675381337,0.01702041768885336,2.3262316415754203,357.1875,0.5444589929770265,0.6127921279212792,normal_flow,A4260554.csv
A4260554,2023-06-18,nighttime,6,0.9730184116206008,0.00108218778659423,1.118663693132623,357.1875,0.5444589929770265,0.6127921279212792,normal_flow,A4260554.csv
A4260554,2023-06-19,daytime,6,0.9975102109314664,9.290857245711465e-6,1.9114082094522316,396.625,0.4863706701583145,0.5919017577272547,normal_flow,A4260554.csv
A4260554,2023-06-19,nighttime,6,0.9000749043945375,0.01447865982216917,1.0307082122634967,396.625,0.4863706701583145,0.5919017577272547,normal_flow,A4260554.csv
A4260554,2023-06-20,daytime,6,0.970170475588065,0.00132142962669772,1.6642015683250158,414.15625,0.46113557909772646,0.571551005832639,normal_flow,A4260554.csv
A4260554,2023-06-20,nighttime,6,0.8942282020242358,0.01618983971328715,0.4891834947418948,414.15625,0.46113557909772646,0.571551005832639,normal_flow,A4260554.csv
A4260554,2023-06-21,daytime,6,-0.1465214085431924,0.7817906863116926,-0.5025331160312482,413.640625,0.46196881323651945,0.5516446454787128,normal_flow,A4260554.csv
A4260554,2023-06-21,nighttime,6,0.967435677245104,0.00157338649903063,1.1016527057477126,413.640625,0.46196881323651945,0.5516446454787128,normal_flow,A4260554.csv
A4260554,2023-06-22,daytime,6,0.93651536181687,0.00591751788191768,2.5450087104247836,404.765625,0.474288775145816,0.5321668055390232,normal_flow,A4260554.csv
A4260554,2023-06-22,nighttime,6,0.9957946632664562,2.6490100174265857e-5,2.931341940368552,404.765625,0.474288775145816,0.5321668055390232,normal_flow,A4260554.csv
