site_id,date,n_hour_daylight,solar_daylight_mean,solar_daylight_sum,solar_daylight_max,n_DO_WT_daylight,r_DO_WT_daylight,p_DO_WT_daylight
A5011039,2021-02-01,14,1.8042857142857143,25.26,3.22,14,-0.10858167541282403,0.7117607739003604
A5011039,2021-02-02,14,1.862142857142857,26.07,3.44,14,0.682249611750371,0.0071851990948366366
A5011039,2021-02-03,14,2.119285714285714,29.669999999999998,3.79,14,0.30818786914314195,0.28372289915186355
A5011039,2021-02-04,14,0.5521428571428572,7.73,1.45,14,NA,NA
A5011039,2021-02-05,14,0.9514285714285714,13.32,2.31,14,-0.26331531286698334,0.3630444661162273
A5011039,2021-02-06,14,1.1114285714285714,15.56,2.04,14,-0.6768567480514189,0.007844553146557897
A5011039,2021-02-07,14,1.11,15.540000000000001,2.22,14,-0.8035669988308953,5.352951318669894e-4
A5011039,2021-02-08,14,2.0307142857142857,28.43,3.6,14,0.39251354881321304,0.16507664518737392
A5011039,2021-02-09,14,1.7557142857142858,24.58,3.53,14,-0.5947891578055381,0.024860392556259107
A5011039,2021-02-10,14,2.112857142857143,29.58,3.69,14,-0.35596044210355715,0.21162027181474388
A5011039,2021-02-11,14,0.855,11.97,1.75,14,-0.5372728532572312,0.04755957631005451
A5011039,2021-02-12,14,1.6164285714285715,22.63,2.96,14,-0.5288836985831169,0.051828242846470085
A5011039,2021-02-13,14,1.55,21.7,2.8,14,-0.2063659860822946,0.47904630892944355
A5011039,2021-02-14,14,1.7692857142857144,24.77,3.23,14,NA,NA
A5011039,2021-02-15,14,2.0942857142857143,29.32,3.66,14,NA,NA
A5011039,2021-02-16,14,1.7721428571428572,24.81,3.47,14,-0.566814612387987,0.034552003665145034
A5011039,2021-02-17,14,2.0221428571428572,28.31,3.57,14,0.13145450966733155,0.6541873125941357
A5011039,2021-02-18,14,2.0357142857142856,28.5,3.57,14,-0.7196514405086512,0.0037106897913970227
A5011039,2021-02-19,14,0.9614285714285714,13.459999999999999,2.05,14,-0.5386252563408983,0.04689620064523959
A5011039,2021-02-20,14,1.7778571428571428,24.89,3.29,14,0.3573826717501617,0.20967042527916846
A5011039,2021-02-21,14,1.56,21.84,3.08,14,-0.3867249142457863,0.17195612779742162
A5011039,2021-02-22,14,1.4435714285714285,20.21,2.88,14,-0.6171726149656372,0.018705362261075876
A5011039,2021-02-23,14,1.5378571428571428,21.53,2.82,14,-0.014722913327904322,0.9601590084856237
A5011039,2021-02-24,14,1.6742857142857142,23.44,3.07,14,0.894653811612083,1.5670702314146944e-5
A5011039,2021-02-25,14,1.4535714285714285,20.35,3.1,14,-0.07062161260292117,0.8104047243695037
A5011039,2021-02-26,14,1.725,24.15,3.14,14,0.834960702130894,2.0242052281272614e-4
A5011039,2021-02-27,14,1.907857142857143,26.71,3.44,14,0.7530928215919012,0.001875509395287131
A5011039,2021-02-28,14,1.8171428571428572,25.44,3.39,14,0.5212117808902137,0.05596913822598258
A5011039,2021-03-01,14,1.6607142857142856,23.25,3.26,14,0.06729420504233909,0.8191999489393675
A5011039,2021-03-02,13,1.7623076923076924,22.91,3.21,13,-0.1726305343918281,0.5727713943434578
A5011039,2021-03-03,13,1.9715384615384615,25.63,3.46,13,NA,NA
A5011039,2021-03-04,13,1.9292307692307693,25.080000000000002,3.41,13,0.24351682960645432,0.42271325376712676
A5011039,2021-03-05,13,1.8007692307692307,23.41,3.3,13,0.7795969632568398,0.0016762497392702384
A5011039,2021-03-06,13,1.7823076923076924,23.169999999999998,3.32,13,NA,NA
A5011039,2021-03-07,12,1.3283333333333334,15.94,2.47,12,NA,NA
A5011039,2021-03-08,12,1.9016666666666666,22.82,3.18,12,0.3519958096467887,0.26182548544450246
A5011039,2021-03-09,12,1.9,22.8,3.19,12,NA,NA
A5011039,2021-03-10,12,1.1441666666666668,13.73,2.22,12,-0.19018225844781353,0.5538221003503213
A5011039,2021-03-11,12,1.8783333333333334,22.54,3.21,12,NA,NA
A5011039,2021-03-12,12,2.0008333333333335,24.01,3.2,12,NA,NA
A5011039,2021-03-13,12,1.1616666666666666,13.94,2.55,12,NA,NA
A5011039,2021-03-14,12,1.9233333333333333,23.08,3.21,12,-0.7102255249749958,0.009648270830294188
A5011039,2021-03-15,12,1.2916666666666667,15.5,2.16,12,-0.1357474733743011,0.6740069644052604
A5011039,2021-03-16,12,1.355,16.259999999999998,2.45,12,-0.1949523969246059,0.5437299004537144
A5011039,2021-03-17,12,1.9333333333333333,23.2,3.15,12,NA,NA
A5011039,2021-03-18,12,1.8866666666666667,22.64,3.11,12,NA,NA
A5011039,2021-03-19,12,1.8208333333333333,21.85,2.99,12,NA,NA
A5011039,2021-03-20,12,1.8683333333333334,22.419999999999998,3.05,12,0.6417443447849853,0.024474691353677847
A5011039,2021-03-21,12,1.8325,21.990000000000002,3.04,12,NA,NA
A5011039,2021-03-22,12,1.7975,21.57,2.96,12,NA,NA
A5011039,2021-03-23,12,1.5166666666666666,18.2,2.74,12,NA,NA
A5011039,2021-03-24,12,1.365,16.38,2.79,12,NA,NA
A5011039,2021-03-25,12,1.3283333333333334,15.94,2.17,12,NA,NA
A5011039,2021-03-26,12,1.1166666666666667,13.4,2.55,12,NA,NA
A5011039,2021-03-27,12,1.4066666666666667,16.88,2.53,12,NA,NA
A5011039,2021-03-28,12,1.3866666666666667,16.64,2.3,12,-0.820449309151012,0.0010779442357381798
A5011039,2021-03-29,12,1.7183333333333333,20.62,2.96,12,0.38953577505240977,0.21069423447455593
A5011039,2021-03-30,12,1.5708333333333333,18.85,2.61,12,0.2923070242375584,0.35655237026294706
A5011039,2021-03-31,12,1.7208333333333332,20.65,2.91,12,0.9159928764264198,2.8578107496406375e-5
A5011039,2021-04-01,12,1.7266666666666666,20.72,2.92,12,-0.871497567724193,2.2153964438258595e-4
A5011039,2021-04-02,12,1.7383333333333333,20.86,2.94,12,-0.8856901036081235,1.2649738926360542e-4
A5011039,2021-04-03,12,1.6908333333333334,20.29,2.87,12,-0.6397814990993602,0.025057730485966913
A5011039,2021-04-04,12,1.4208333333333334,17.05,2.58,12,-0.6504760526452666,0.02199972041663557
A5011039,2021-04-05,12,1.5875,19.05,2.75,12,-0.21571158153381526,0.5007334502581225
A5011039,2021-04-06,12,1.6016666666666666,19.22,2.78,12,-0.8585993320772035,3.493927147760487e-4
A5011039,2021-04-07,12,1.6141666666666667,19.37,2.79,12,-0.8696672096177579,2.3701188329330758e-4
A5011039,2021-04-08,12,1.1208333333333333,13.450000000000001,2.22,12,-0.9542598627056483,1.459952358480076e-6
A5011039,2021-04-09,12,1.0875,13.05,2.01,12,0.42632345696726287,0.16697560206373604
A5011039,2021-04-10,12,1.0191666666666668,12.23,2.1,12,-0.6973157153726252,0.011710851913941103
A5011039,2021-04-11,12,0.7716666666666666,9.26,1.43,12,-0.29041274700569064,0.35982152870829676
A5011039,2021-04-12,12,1.4741666666666666,17.689999999999998,2.71,12,NA,NA
A5011039,2021-04-13,12,0.6483333333333333,7.78,1.53,12,NA,NA
A5011039,2021-04-14,12,1.3208333333333333,15.85,2.42,12,NA,NA
A5011039,2021-04-15,11,1.3427272727272728,14.770000000000001,2.16,11,NA,NA
A5011039,2021-04-16,11,1.2227272727272727,13.450000000000001,2,11,NA,NA
A5011039,2021-04-17,11,1.1554545454545455,12.71,2.15,11,NA,NA
A5011039,2021-04-18,11,1.0881818181818181,11.97,1.8,11,NA,NA
A5011039,2021-04-19,11,0.8736363636363637,9.61,1.51,11,NA,NA
A5011039,2021-04-20,11,0.9390909090909091,10.33,1.72,11,NA,NA
A5011039,2021-04-21,11,0.7536363636363637,8.29,1.26,11,NA,NA
A5011039,2021-04-22,11,0.8554545454545455,9.41,1.7,11,-0.9988015106422446,4.173716185880191e-13
A5011039,2021-04-23,11,1.1018181818181818,12.12,2.07,11,NA,NA
A5011039,2021-04-24,11,1.2427272727272727,13.67,2.08,11,NA,NA
A5011039,2021-04-25,11,0.9245454545454546,10.17,1.58,11,NA,NA
A5011039,2021-04-26,11,1.1654545454545455,12.82,2.04,11,NA,NA
A5011039,2021-04-27,11,1.3754545454545455,15.129999999999999,2.32,11,0.3525884629978069,0.2875478477548618
A5011039,2021-04-28,11,1.39,15.290000000000001,2.37,11,-0.4985775189422549,0.11852081495037756
A5011039,2021-04-29,11,1.3754545454545455,15.13,2.33,11,-0.771111778661415,0.005457319150422339
A5011039,2021-04-30,11,1.3599999999999999,14.959999999999999,2.34,11,-0.8549763402939418,7.964956122612164e-4
A5011039,2021-05-01,11,0.9527272727272728,10.48,1.95,11,-0.190361366590167,0.5750334174529148
A5011039,2021-05-02,11,1.1154545454545455,12.27,1.87,11,-0.16936525645409012,0.6185972029085578
A5011039,2021-05-03,11,0.8072727272727273,8.88,1.62,11,-0.6806150302175045,0.0211585439594544
A5011039,2021-05-04,11,0.8963636363636364,9.86,1.69,11,-0.48848804040138905,0.12736346669399054
A5011039,2021-05-05,11,1.09,11.99,1.98,11,-0.4629300251752794,0.15160747939120572
A5011039,2021-05-06,11,0.7545454545454545,8.3,1.27,11,0.6421823571567477,0.033132849970862625
A5011039,2021-05-07,11,1.1218181818181818,12.34,2.03,11,-0.8176059973880271,0.0021111305343642886
A5011039,2021-05-08,11,0.6872727272727273,7.5600000000000005,1.25,11,-0.748300142664549,0.00807385184321681
A5011039,2021-05-09,11,0.9954545454545455,10.95,1.68,11,0.10949647787960291,0.7486032383175596
A5011039,2021-05-10,11,0.8290909090909091,9.12,1.59,11,0.13311665079543114,0.6963991078788391
A5011039,2021-05-11,11,0.7954545454545454,8.75,1.47,11,-0.6755730931826862,0.022518570506817263
A5011039,2021-05-12,11,0.8154545454545454,8.97,1.48,11,NA,NA
A5011039,2021-05-13,11,0.7154545454545455,7.87,1.4,11,-0.6728831309410107,0.023269021567908763
A5011039,2021-05-14,11,0.7581818181818182,8.34,1.52,11,-0.4085025168877252,0.21226734266906397
A5011039,2021-05-15,11,0.5809090909090909,6.39,1.16,11,NA,NA
A5011039,2021-05-16,11,0.860909090909091,9.47,1.62,11,NA,NA
A5011039,2021-05-17,11,0.61,6.71,1.2,11,NA,NA
A5011039,2021-05-18,10,1.169,11.69,2.07,10,0.7810681431738075,0.007643844849739447
A5011039,2021-05-19,10,0.8119999999999999,8.12,1.44,10,NA,NA
A5011039,2021-05-20,10,0.83,8.3,1.38,10,NA,NA
A5011039,2021-05-21,10,1.2469999999999999,12.469999999999999,2.03,10,NA,NA
A5011039,2021-05-22,10,1.231,12.31,2.02,10,NA,NA
A5011039,2021-05-23,10,0.951,9.51,1.68,10,NA,NA
A5011039,2021-05-24,10,0.796,7.96,1.46,10,NA,NA
A5011039,2021-05-25,10,0.787,7.87,1.48,10,NA,NA
A5011039,2021-05-26,10,0.981,9.81,1.67,10,NA,NA
A5011039,2021-05-27,10,0.759,7.59,1.32,10,-0.9666959166425596,5.170168780950212e-6
A5011039,2021-05-28,10,0.762,7.62,1.26,10,-0.8333224710044917,0.0027470645967684875
A5011039,2021-05-29,10,1.163,11.629999999999999,1.94,10,-0.4711878958480122,0.16924324886880635
A5011039,2021-05-30,10,1.201,12.01,1.99,10,-0.6274998527109228,0.052113975610206066
A5011039,2021-05-31,10,0.492,4.92,0.97,10,-0.5017107750578135,0.1395398896587798
A5011039,2021-06-01,10,0.658,6.58,1.19,10,0.13359602494559322,0.7129189701156804
A5011039,2021-06-02,10,0.805,8.05,1.6,10,0.43730596075766587,0.20629643610627602
A5011039,2021-06-03,10,0.742,7.42,1.19,10,0.4742854619201834,0.16607056474515888
A5011039,2021-06-04,10,0.984,9.84,1.67,10,NA,NA
A5011039,2021-06-05,10,0.648,6.48,1.16,10,-0.8930555598687346,5.020627182029692e-4
A5011039,2021-06-06,10,0.961,9.61,1.59,10,-0.1486322040484872,0.6819550334226667
A5011039,2021-06-07,10,0.8280000000000001,8.28,1.73,10,NA,NA
A5011039,2021-06-08,10,0.537,5.37,1.13,10,0.7880123143586851,0.0067802308822892034
A5011039,2021-06-09,10,0.859,8.59,1.57,10,-0.9824354284460813,4.077039089171398e-7
A5011039,2021-06-10,10,0.47000000000000003,4.7,0.8,10,-0.8973967505050541,4.276829692153442e-4
A5011039,2021-06-11,10,0.619,6.19,1.09,10,-0.1750033149641999,0.6286906764059534
A5011039,2021-06-12,10,0.513,5.13,0.87,10,0.24149214699603913,0.5014804531584327
A5011039,2021-06-13,10,0.99,9.9,1.66,10,0.028309185801703444,0.9381232605910583
A5011039,2021-06-14,10,0.609,6.09,1.3,10,NA,NA
A5011039,2021-06-15,10,0.614,6.14,1.15,10,0.7181986738348387,0.019311441352094297
A5011039,2021-06-16,10,0.5710000000000001,5.71,1.01,10,NA,NA
A5011039,2021-06-17,10,0.625,6.25,1.45,10,-0.5563478708254544,0.0948803657061973
A5011039,2021-06-18,10,0.767,7.67,1.32,10,NA,NA
A5011039,2021-06-19,10,0.766,7.66,1.32,10,NA,NA
A5011039,2021-06-20,10,0.899,8.99,1.56,10,-0.06797092988390419,0.8519986270056886
A5011039,2021-06-21,10,1.074,10.74,1.82,10,0.0627650247907953,0.8632411113221685
A5011039,2021-06-22,10,0.341,3.41,0.66,10,0.110090454646374,0.7620747177851247
A5011039,2021-06-23,10,0.73,7.3,1.33,10,-0.3259725015095329,0.3579956273939069
A5011039,2021-06-24,10,0.688,6.88,1.38,10,NA,NA
A5011039,2021-06-25,10,0.854,8.54,1.53,10,0.3300060781375157,0.35172444185346446
A5011039,2021-06-26,10,0.789,7.89,1.44,10,-0.8246764062322401,0.003325962474007018
A5011039,2021-06-27,10,0.645,6.45,1.24,10,-0.7584032356490887,0.011004048717653625
A5011039,2021-06-28,10,0.9570000000000001,9.57,1.62,10,-0.9007596529824168,3.7588085506068733e-4
A5011039,2021-06-29,10,1.085,10.85,1.84,10,0.32987169158922036,0.35193247960897095
A5011039,2021-06-30,10,0.965,9.65,1.73,10,0.44997816409419583,0.19193356668354122
A5011039,2021-07-01,10,0.9600000000000001,9.6,1.61,10,-0.5906600878678602,0.07218547061081557
A5011039,2021-07-02,10,0.8069999999999999,8.07,1.38,10,NA,NA
A5011039,2021-07-03,10,0.874,8.74,1.54,10,-0.7516602969438995,0.012176327611820076
A5011039,2021-07-04,10,0.986,9.86,1.72,10,-0.5007221484385667,0.14044780781129299
A5011039,2021-07-05,10,0.631,6.3100000000000005,1.15,10,0.31175752630713705,0.3805370546273378
A5011039,2021-07-06,10,0.895,8.95,1.63,10,0.1290669450563058,0.7223224326665754
A5011039,2021-07-07,10,1.025,10.25,1.72,10,-0.45862423539852804,0.18248013760619544
A5011039,2021-07-08,10,0.907,9.07,1.64,10,-0.6110778379557364,0.06053189885753529
A5011039,2021-07-09,10,0.663,6.63,1.23,10,0.04330427328862166,0.9054493422186349
A5011039,2021-07-10,10,0.789,7.89,1.47,10,-0.428821852358458,0.21624940226153938
A5011039,2021-07-11,10,0.566,5.66,0.98,10,0.05327641757406271,0.883788064150261
A5011039,2021-07-12,10,0.722,7.22,1.24,10,-0.8805878976586983,7.683182204778947e-4
A5011039,2021-07-13,10,0.699,6.99,1.48,10,0.009762123371183637,0.9786473900866015
A5011039,2021-07-14,10,0.877,8.77,1.62,10,-0.19004998059561284,0.5989589566059854
A5011039,2021-07-15,10,0.841,8.41,1.66,10,-0.7704798513974589,0.00910652437944943
A5011039,2021-07-16,10,0.679,6.79,1.63,10,0.5362300711996798,0.11007822631304888
A5011039,2021-07-17,10,0.842,8.42,1.47,10,-0.9376764392904886,6.119709266245885e-5
A5011039,2021-07-18,10,0.792,7.92,1.28,10,-0.7761182390659286,0.008305120423742202
A5011039,2021-07-19,10,0.878,8.78,1.66,10,-0.8806727922528252,7.662172484154655e-4
A5011039,2021-07-20,10,1.026,10.26,1.8,10,-0.1861215666163919,0.6066722112199877
A5011039,2021-07-21,10,0.803,8.03,1.34,10,-0.4478686899762167,0.1942826283552015
A5011039,2021-07-22,10,0.325,3.25,0.62,10,0.6225785016030715,0.054549476832152555
A5011039,2021-07-23,10,0.874,8.74,1.57,10,0.5719837744478743,0.08404316662996546
A5011039,2021-07-24,10,0.571,5.71,1.01,10,0.5228816396740669,0.12095784186486742
A5011039,2021-07-25,10,0.598,5.98,1.02,10,-0.25863846703188104,0.47058016953360815
A5011039,2021-07-26,10,0.9470000000000001,9.47,1.62,10,-0.9823120908139119,4.1921415289104005e-7
A5011039,2021-07-27,10,0.633,6.33,1.27,10,NA,NA
A5011039,2021-07-28,10,1.0999999999999999,11,1.92,10,0.854625894068159,0.0016333520386797053
A5011039,2021-07-29,10,1.303,13.03,2.08,10,-0.7278114505481359,0.0170250891023138
A5011039,2021-07-30,10,0.858,8.58,1.47,10,-0.8155071328496961,0.004030520933493514
A5011039,2021-07-31,10,0.386,3.86,0.7,10,-0.6437382056477559,0.04459279927856183
A5011039,2021-08-01,10,1.275,12.75,2.01,10,0.2781224784352667,0.4365236456108116
A5011039,2021-08-02,10,0.692,6.92,1.06,10,-0.17273909659137673,0.6332078886575296
A5011039,2021-08-03,10,1.063,10.629999999999999,1.89,10,-0.8374452352315165,0.002498302104750919
A5011039,2021-08-04,10,1.063,10.63,1.73,10,-0.8731676688259623,9.687658543661037e-4
A5011039,2021-08-05,10,1.031,10.31,1.66,10,-0.6578768257509593,0.03866747587267299
A5011039,2021-08-06,10,1.073,10.73,1.79,10,-0.6993169789200371,0.024405096678313604
A5011039,2021-08-07,11,0.9918181818181818,10.91,1.78,11,0.42416156951790623,0.1935412308784766
A5011039,2021-08-08,11,1.1209090909090909,12.33,1.97,11,-0.057505657001220914,0.8666300421108615
A5011039,2021-08-09,11,1.3172727272727272,14.49,2.26,11,-0.6505546105228864,0.030197385014580472
A5011039,2021-08-10,11,0.7836363636363637,8.62,1.5,11,-0.6346622398586037,0.035934877380868306
A5011039,2021-08-11,11,0.8654545454545455,9.52,2.14,11,0.023129231121948667,0.9461839007290349
A5011039,2021-08-12,11,1.1227272727272728,12.35,1.78,11,-0.587440073355024,0.05739167863365212
A5011039,2021-08-13,11,1.1354545454545455,12.49,1.98,11,-0.8825517918773464,3.2139853737148734e-4
A5011039,2021-08-14,11,1.3763636363636365,15.14,2.33,11,-0.3718444373805395,0.2601452127717877
A5011039,2021-08-15,11,1.4245454545454546,15.67,2.39,11,-0.5379312230590401,0.08784473414328611
A5011039,2021-08-16,11,1.1309090909090909,12.44,1.94,11,-0.46954939518998523,0.14507210012598215
A5011039,2021-08-17,11,0.9963636363636363,10.96,1.82,11,0.8290960027015717,0.0016032383377691676
A5011039,2021-08-18,11,1.211818181818182,13.33,2.21,11,0.464422354560568,0.1501183268988432
A5011039,2021-08-19,11,1.250909090909091,13.76,2.29,11,0.07541432605652486,0.825579705912294
A5011039,2021-08-20,11,1.1963636363636363,13.16,2.15,11,0.7329594210164929,0.010283868699821922
A5011039,2021-08-21,11,1.3063636363636364,14.370000000000001,2.18,11,0.5542162737907413,0.07686430654417664
A5011039,2021-08-22,11,1.269090909090909,13.96,2.2,11,-0.5013352499694329,0.11617454693229143
A5011039,2021-08-23,11,1.1772727272727272,12.95,2.17,11,-0.7976976945146215,0.003263188326813909
A5011039,2021-08-24,11,1.260909090909091,13.870000000000001,2.12,11,-0.020233595418886273,0.9529144452504583
A5011039,2021-08-25,11,1.241818181818182,13.66,2.1,11,0.36701081982637557,0.26687889624396777
A5011039,2021-08-26,11,1.2345454545454546,13.58,2.15,11,0.3027295785897484,0.3655291492080911
A5011039,2021-08-27,12,1.4725,17.669999999999998,2.62,12,-0.1208045279854334,0.7084169618028293
A5011039,2021-08-28,12,1.0525,12.629999999999999,2.05,12,-0.3493874938684637,0.26562291200606925
A5011039,2021-08-29,12,1.24,14.88,2.23,12,0.32882026295403627,0.2966721568370996
A5011039,2021-08-30,12,1.4108333333333334,16.93,2.57,12,0.9484279289754893,2.6340463368422375e-6
A5011039,2021-08-31,12,1.2383333333333333,14.86,2.44,12,-0.5510868967581891,0.06329521999053936
A5011039,2021-09-01,12,1.52,18.24,2.67,12,-0.07991616492686361,0.8049964398350413
A5011039,2021-09-02,12,1.3016666666666667,15.620000000000001,2.75,12,-0.5801870863844539,0.04796669435653476
A5011039,2021-09-03,12,1.135,13.62,2.36,12,-0.49655104499661123,0.10056491982133092
A5011039,2021-09-04,12,1.1658333333333333,13.99,2.28,12,-0.2538359605968296,0.42597374007902555
A5011039,2021-09-05,12,1.1633333333333333,13.96,2.17,12,-0.135451336368599,0.6746835988580838
A5011039,2021-09-06,12,1.3141666666666667,15.77,2.29,12,0.41728640559007296,0.17713315810323405
A5011039,2021-09-07,12,1.3783333333333334,16.54,2.48,12,0.8854435891952978,1.2781236866139282e-4
A5011039,2021-09-08,12,1.665,19.98,2.85,12,-0.11694399323227869,0.7173917195554219
A5011039,2021-09-09,12,1.7216666666666667,20.66,2.93,12,0.07119342697062093,0.8259760576896875
A5011039,2021-09-10,12,1.6025,19.23,2.93,12,0.45604933922745294,0.13619654641353507
A5011039,2021-09-11,12,1.0333333333333334,12.4,2.07,12,0.44838236712091,0.14375256122947952
A5011039,2021-09-12,12,1.12,13.44,1.8,12,-0.5906586518754252,0.043156468831247165
A5011039,2021-09-13,12,1.4583333333333333,17.5,2.52,12,0.3528005992227358,0.26066019702758486
A5011039,2021-09-14,12,1.2408333333333332,14.89,2.18,12,-0.3619095068593773,0.24768172837869268
A5011039,2021-09-15,12,1.7308333333333334,20.77,2.95,12,0.260089415555144,0.4142639487701474
A5011039,2021-09-16,12,1.7733333333333334,21.28,2.99,12,0.6255666081169957,0.02958456918984615
A5011039,2021-09-17,12,1.6466666666666667,19.76,2.88,12,0.813675506419002,0.0012815757964439955
A5011039,2021-09-18,12,1.4616666666666667,17.54,2.6,12,-0.7913568099623531,0.0021675150755117545
A5011039,2021-09-19,12,1.3808333333333334,16.57,2.66,12,-0.006822988634615974,0.9832100935926001
A5011039,2021-09-20,12,1.2891666666666666,15.47,2.77,12,-0.8325323331559839,7.774535085341728e-4
A5011039,2021-09-21,13,0.9730769230769231,12.65,1.94,13,0.6105807237754356,0.026658236562369802
A5011039,2021-09-22,13,1.0323076923076924,13.42,1.94,13,-0.05899205723195674,0.8481871985039937
A5011039,2021-09-23,13,1.6976923076923076,22.07,3.11,13,0.41449601539666675,0.15906942913417013
A5011039,2021-09-24,13,1.4430769230769231,18.759999999999998,2.87,13,-0.28030631283123747,0.35360872262088616
A5011039,2021-09-25,13,1.413846153846154,18.38,2.7,13,0.3958885656895127,0.18054759785048435
A5011039,2021-09-26,13,1.7861538461538462,23.22,3.22,13,-0.3913540876712783,0.18604689418878648
A5011039,2021-09-27,13,1.6776923076923076,21.81,3.17,13,0.6108467904908046,0.02657398779517183
A5011039,2021-09-28,13,0.6946153846153846,9.03,1.36,13,0.43057198836401184,0.14190480316176163
A5011039,2021-09-29,13,1.2992307692307692,16.89,2.72,13,0.5087637669654056,0.07581406426434803
A5011039,2021-09-30,13,0.5330769230769231,6.93,1.03,13,NA,NA
A5011039,2021-10-01,13,1.1123076923076922,14.46,2.17,13,0.974814578940797,1.6309714328663706e-8
A5011039,2021-10-02,13,1.793076923076923,23.31,3.24,13,-0.3880430252559125,0.19012858361075619
A5011039,2021-10-03,13,1.073076923076923,13.95,2.23,13,-0.7667387433874396,0.002229134331492988
A5011039,2021-10-04,13,1.5015384615384615,19.52,2.63,13,-0.45527679345308114,0.11797945475590545
A5011039,2021-10-05,13,1.8007692307692307,23.41,3.27,13,-0.04745559680438462,0.877650865280932
A5011039,2021-10-06,13,0.8553846153846154,11.12,2.35,13,0.5518359149226738,0.05055639411273539
A5011039,2021-10-07,13,1.6846153846153846,21.9,2.97,13,0.26624698459287477,0.37925607139329687
A5011039,2021-10-08,13,1.9330769230769231,25.13,3.36,13,-0.7568808322487821,0.0027418361710278573
A5011039,2021-10-09,13,1.2507692307692306,16.259999999999998,2.32,13,-0.790060731219682,0.0013109452291095835
A5011039,2021-10-10,13,1.7784615384615385,23.12,3.15,13,-0.4555541192331439,0.11772739406779698
A5011039,2021-10-11,13,1.656923076923077,21.54,3.19,13,-0.5572089183791854,0.04789619729115246
A5011039,2021-10-12,13,1.906153846153846,24.78,3.43,13,0.7557710232408362,0.002804844310154039
A5011039,2021-10-13,13,1.6376923076923078,21.29,3.16,13,-0.2519833193936477,0.406243765923741
A5011039,2021-10-14,13,1.5646153846153847,20.34,2.71,13,0.4580001883584533,0.115519798696857
A5011039,2021-10-15,13,1.5261538461538462,19.84,3.01,13,0.8426383298179309,2.990733433061813e-4
A5011039,2021-10-16,13,1.0084615384615385,13.110000000000001,1.81,13,0.2761681476441675,0.36105797760825953
A5011039,2021-10-17,13,2.039230769230769,26.509999999999998,3.51,13,0.8847055069915175,5.881475565166356e-5
A5011039,2021-10-18,13,1.896923076923077,24.66,3.46,13,0.32850668291817964,0.2731322146059617
A5011039,2021-10-19,13,2.1484615384615386,27.93,3.56,13,0.7396229002926187,0.0038553733158161857
A5011039,2021-10-20,13,0.8576923076923078,11.15,1.91,13,0.5880013047791435,0.03455184123156763
A5011039,2021-10-21,13,1.8692307692307693,24.3,3.38,13,0.4786769276164743,0.09796386435023578
A5011039,2021-10-22,13,1.7246153846153847,22.419999999999998,3.26,13,0.32262617345350164,0.28232033053929917
A5011039,2021-10-23,13,2.0553846153846154,26.72,3.48,13,-0.6797565566021341,0.010586392288232922
A5011039,2021-10-24,13,1.7453846153846153,22.69,2.92,13,0.07181271902038515,0.8156570231081001
A5011039,2021-10-25,13,2.263846153846154,29.43,3.7,13,-0.021039029965077997,0.9456102660278511
A5011039,2021-10-26,13,2.253076923076923,29.29,3.7,13,0.9304004059963836,4.009166583516397e-6
A5011039,2021-10-27,13,1.3953846153846154,18.14,3.06,13,0.3796754079664858,0.20069329294089566
A5011039,2021-10-28,13,0.9976923076923077,12.97,2.2,13,-0.6294395812109163,0.02115756458221199
A5011039,2021-10-29,13,1.6376923076923076,21.29,2.53,13,0.6274599064966614,0.021691441080960425
A5011039,2021-10-30,13,1.8253846153846154,23.73,3.25,13,-0.6747162854662594,0.011410389516455998
A5011039,2021-10-31,13,2.306153846153846,29.98,3.75,13,0.6724569365019253,0.011795107853843747
A5011039,2021-11-01,13,2.32,30.16,3.74,13,0.8020892915664964,9.714883573911648e-4
A5011039,2021-11-02,13,1.33,17.29,2.66,13,0.9056567599998397,2.0346986860890134e-5
A5011039,2021-11-03,13,1.7476923076923077,22.72,3.33,13,0.8361776771641547,3.682924324503974e-4
A5011039,2021-11-04,13,2.3515384615384614,30.57,3.77,13,-0.06358381665762289,0.836508333738772
A5011039,2021-11-05,13,2.2984615384615386,29.88,3.78,13,0.4639449305695248,0.11027103208507366
A5011039,2021-11-06,13,1.3284615384615384,17.27,2.97,13,0.4675635317910347,0.10715621221163964
A5011039,2021-11-07,13,1.5269230769230768,19.85,2.91,13,0.29578956530761535,0.32648504161322356
A5011039,2021-11-08,15,1.6206666666666667,24.31,3.53,15,-0.4310218310869427,0.1087112667367829
A5011039,2021-11-09,15,1.546,23.19,3.32,15,-0.1340480298073036,0.6338710708049222
A5011039,2021-11-10,15,1.8706666666666667,28.06,3.74,15,0.2803969587479219,0.31141574052144017
A5011039,2021-11-11,15,0.6133333333333333,9.2,1.36,15,0.04665098911882904,0.8688712878287104
A5011039,2021-11-12,15,1.1226666666666667,16.84,2.01,15,-0.15168284423724765,0.5894457840166838
A5011039,2021-11-13,15,1.7146666666666666,25.72,3.57,15,-0.0036267029633785444,0.9897654296765444
A5011039,2021-11-14,15,1.6426666666666667,24.64,3.44,15,-0.24287323204336625,0.38309584156763254
A5011039,2021-11-15,15,1.3306666666666667,19.96,2.5,15,0.37054348279594046,0.173956035101533
A5011039,2021-11-16,15,1.5133333333333332,22.7,3.01,15,-0.1709254197705741,0.5424778525683529
A5011039,2021-11-17,15,1.306,19.59,2.67,15,0.13546419256062908,0.6302577475315112
A5011039,2021-11-18,15,1.3333333333333333,20,3.27,15,0.2593097679795928,0.3506765261199707
A5011039,2021-11-19,15,0.56,8.4,1.26,15,-0.3566451746594025,0.19193862434821446
A5011039,2021-11-20,15,1.7873333333333332,26.81,3.57,15,-0.293297324903861,0.2887136469692383
A5011039,2021-11-21,15,1.8073333333333335,27.11,3.42,15,0.29674200092046715,0.2828223674324601
A5011039,2021-11-22,15,1.834,27.509999999999998,3.79,15,0.4168626803385922,0.12215202493950338
A5011039,2021-11-23,15,0.8366666666666667,12.55,1.78,15,0.3640559227495984,0.1822067782283503
A5011039,2021-11-24,15,1.2886666666666666,19.33,2.56,15,0.17094379945927315,0.5424337895637569
A5011039,2021-11-25,15,1.544,23.16,3.32,15,0.2382404451561593,0.39251525979782387
A5011039,2021-11-26,15,1.6093333333333333,24.14,3.49,15,-0.16901115250146825,0.5470756347273096
A5011039,2021-11-27,15,2.124,31.86,3.92,15,0.08337631933153664,0.7676767709854662
A5011039,2021-11-28,15,2.219333333333333,33.29,3.93,15,-0.642898880449591,0.009733672552025653
A5011039,2021-11-29,15,2.2173333333333334,33.26,3.94,15,-0.8283883185246866,1.3612281076984573e-4
A5011039,2021-11-30,15,1.994,29.91,3.68,15,-0.8245640562679469,1.5556014678673382e-4
A5011039,2021-12-01,15,1.866,27.99,3.53,15,-0.787570525121908,4.904215108503773e-4
A5011039,2021-12-02,15,1.99,29.85,3.81,15,-0.7524209155463272,0.0012101016194336718
A5011039,2021-12-03,15,2.0873333333333335,31.31,3.85,15,-0.1565174877275636,0.5774915357927453
A5011039,2021-12-04,15,1.692,25.38,3.29,15,0.4695261754468432,0.07742641837618507
A5011039,2021-12-05,15,1.8366666666666667,27.55,3.38,15,-0.5085160009205727,0.05291228590457285
A5011039,2021-12-06,15,2.1786666666666665,32.68,3.86,15,-0.6079145325459366,0.01620839677346926
A5011039,2021-12-07,15,1.6993333333333334,25.49,3.52,15,-0.1095708053408433,0.6974801113994284
A5011039,2021-12-08,15,1.7553333333333334,26.33,3.3,15,-0.2008900545667784,0.47280934035903177
A5011039,2021-12-09,15,1.522,22.83,3.23,15,-0.08871960878224391,0.753201732839689
A5011039,2021-12-10,15,1.928,28.92,3.77,15,-0.14462070256448392,0.6070852247021037
A5011039,2021-12-11,15,2.142,32.13,3.98,15,-0.9225998026394946,9.744785971589073e-7
A5011039,2021-12-12,15,2.114,31.71,3.83,15,-0.9772591305293682,3.8807904768157743e-10
A5011039,2021-12-13,15,0.8486666666666667,12.73,1.5,15,0.9679687012811945,3.517116630323626e-9
A5011039,2021-12-14,15,2.1193333333333335,31.79,3.91,15,-0.4784388661672632,0.07122032190177226
A5011039,2021-12-15,15,2.2106666666666666,33.16,4,15,-0.9295253025552478,5.389513957289563e-7
A5011039,2021-12-16,15,2.2453333333333334,33.68,3.93,15,0.7426803352519075,0.0015155376677807018
A5011039,2021-12-17,15,1.6826666666666665,25.24,3.52,15,0.3694349585707233,0.17534813892293633
A5011039,2021-12-18,15,2.2213333333333334,33.32,3.92,15,-0.9465971138206735,9.260193348067686e-8
A5011039,2021-12-19,15,1.9466666666666665,29.2,3.63,15,0.6542123463236421,0.008146265818657086
A5011039,2021-12-20,15,2.188,32.82,3.92,15,0.9137947994670694,1.9208671148755403e-6
A5011039,2021-12-21,15,2.155333333333333,32.33,3.86,15,-0.9837497004499973,4.4365344152439614e-11
A5011039,2021-12-22,15,1.9666666666666666,29.5,3.61,15,-0.9253636604697136,7.745967540962874e-7
A5011039,2021-12-23,15,2.1886666666666668,32.83,3.9,15,-0.7574539134419284,0.0010730180256703517
A5011039,2021-12-24,15,2.094,31.41,3.91,15,-0.7061406471849209,0.0032584324098599527
A5011039,2021-12-25,15,1.6726666666666667,25.09,3.31,15,-0.34945889185846124,0.20169047154633854
A5011039,2021-12-26,15,1.6199999999999999,24.3,3.01,15,NA,NA
A5011039,2021-12-27,15,1.9546666666666668,29.32,3.79,15,-0.3496193793851938,0.20146929147740228
A5011039,2021-12-28,15,2.1926666666666668,32.89,3.96,15,-0.6191943343049879,0.013837867535290108
A5011039,2021-12-29,15,2.1973333333333334,32.96,3.89,15,-0.668639405817907,0.0064246803538058365
A5011039,2021-12-30,15,2.242,33.63,3.94,15,-0.6262418551761366,0.012499177057680813
A5011039,2021-12-31,15,2.188,32.82,3.93,15,-0.13418511755068568,0.6335209556524226
A5011039,2022-01-01,15,1.074,16.11,2.36,15,NA,NA
A5011039,2022-01-02,15,1.9273333333333333,28.91,3.68,15,NA,NA
A5011039,2022-01-03,15,2.0533333333333332,30.8,3.67,15,NA,NA
A5011039,2022-01-04,14,1.9457142857142857,27.24,3.33,14,NA,NA
A5011039,2022-01-05,14,0.9314285714285715,13.040000000000001,1.84,14,NA,NA
A5011039,2022-01-06,14,1.0792857142857142,15.11,2.31,14,0.07692307692307693,0.7938058883554533
A5011039,2022-01-07,14,0.91,12.74,1.67,14,NA,NA
A5011039,2022-01-08,14,1.352142857142857,18.93,2.39,14,-0.7580873018241204,0.001678813684770469
A5011039,2022-01-09,14,2.36,33.04,3.9,14,-0.7670679219951664,0.0013665640935108412
A5011039,2022-01-10,14,1.6392857142857142,22.95,3.1,14,0.21869107085929992,0.4525674501108423
A5011039,2022-01-11,14,2.1914285714285713,30.68,3.7,14,-0.5546884267513874,0.03952411950268189
A5011039,2022-01-12,14,1.9807142857142856,27.73,3.55,14,0.6767909141296153,0.007852881839177688
A5011039,2022-01-13,14,2.249285714285714,31.49,3.94,14,0.41421799187548214,0.1408945692603385
A5011039,2022-01-14,14,1.46,20.44,2.66,14,0.47342561407365447,0.087281988184695
A5011039,2022-01-15,14,2.09,29.259999999999998,3.82,14,-0.6097613397818418,0.020598493069710323
A5011039,2022-01-16,14,1.8557142857142856,25.98,3.39,14,-0.8849167248426544,2.606031644983271e-5
A5011039,2022-01-17,14,1.697142857142857,23.759999999999998,3.13,14,0.4912880120083353,0.07441560277342521
A5011039,2022-01-18,14,1.8357142857142859,25.7,3.24,14,0.6591552467845015,0.010343171110582063
A5011039,2022-01-19,14,2.137142857142857,29.919999999999998,3.76,14,NA,NA
A5011039,2022-01-20,14,2.302142857142857,32.23,3.83,14,0.43852900965351455,0.11675606649243865
A5011039,2022-01-21,14,1.8435714285714286,25.81,3.28,14,NA,NA
A5011039,2022-01-22,14,0.455,6.37,0.81,14,NA,NA
A5011039,2022-01-23,14,0.4228571428571429,5.92,0.94,14,NA,NA
A5011039,2022-01-24,14,1.2121428571428572,16.97,2.45,14,-0.20672455764868072,0.478265763878151
A5011039,2022-01-25,14,1.6328571428571428,22.86,2.87,14,0.25535475543162817,0.37825859135795326
A5011039,2022-01-26,14,2.1214285714285714,29.7,3.7,14,-0.35058479849248536,0.21909262330691334
A5011039,2022-01-27,14,2.1514285714285712,30.12,3.66,14,NA,NA
A5011039,2022-01-28,14,1.945,27.23,3.61,14,NA,NA
A5011039,2022-01-29,14,1.7435714285714285,24.41,3.1,14,NA,NA
A5011039,2022-01-30,14,2.14,29.96,3.74,14,NA,NA
A5011039,2022-01-31,14,2.0364285714285715,28.51,3.68,14,0.026135418674465356,0.9293310824119063
A5011039,2022-02-01,14,1.8092857142857144,25.33,3.31,14,-0.8938228159952242,1.6396684912177534e-5
A5011039,2022-02-02,14,1.3828571428571428,19.36,2.57,14,-0.6425754631219996,0.013200867126902436
A5011039,2022-02-03,14,1.5064285714285715,21.09,2.93,14,NA,NA
A5011039,2022-02-04,14,2.15,30.1,3.77,14,NA,NA
A5011039,2022-02-05,14,2.0421428571428573,28.59,3.55,14,NA,NA
A5011039,2022-02-06,14,1.917142857142857,26.84,3.3,14,NA,NA
A5011039,2022-02-07,14,2.0828571428571427,29.16,3.58,14,0.3636363636363626,0.20123106197196602
A5011039,2022-02-08,14,0.7571428571428571,10.6,1.77,14,0.4082482904638631,0.1472942950870102
A5011039,2022-02-09,14,1.5442857142857143,21.62,2.88,14,0.8736209307562313,4.4557973838611124e-5
A5011039,2022-02-10,14,1.7907142857142857,25.07,3.39,14,NA,NA
A5011039,2022-02-11,14,2.059285714285714,28.830000000000002,3.7,14,NA,NA
A5011039,2022-02-12,14,2.067857142857143,28.95,3.7,14,NA,NA
A5011039,2022-02-13,14,1.3014285714285714,18.22,2.6,14,NA,NA
A5011039,2022-02-14,14,1.8785714285714286,26.3,3.4,14,-0.3892494720807615,0.1689333306314008
A5011039,2022-02-15,14,1.0314285714285714,14.44,2.35,14,NA,NA
A5011039,2022-02-16,14,0.6435714285714286,9.01,1.35,14,-0.5477225575051661,0.04260790630518443
A5011039,2022-02-17,14,1.4535714285714285,20.35,2.7,14,NA,NA
A5011039,2022-02-18,14,1.157857142857143,16.21,2.28,14,NA,NA
A5011039,2022-02-19,14,2.055,28.77,3.63,14,NA,NA
A5011039,2022-02-20,14,1.02,14.28,2.29,14,NA,NA
A5011039,2022-02-21,14,1.19,16.66,2.08,14,NA,NA
A5011039,2022-02-22,14,2.012857142857143,28.18,3.57,14,0.3202563076101743,0.2642960660107213
A5011039,2022-02-23,14,1.9707142857142856,27.59,3.5,14,NA,NA
A5011039,2022-02-24,14,1.8935714285714287,26.51,3.46,14,NA,NA
A5011039,2022-02-25,14,1.7971428571428572,25.16,3.41,14,NA,NA
A5011039,2022-02-26,14,1.7778571428571428,24.89,3.48,14,NA,NA
A5011039,2022-02-27,14,1.2335714285714285,17.27,2.58,14,NA,NA
A5011039,2022-02-28,14,0.9657142857142857,13.52,2.12,14,NA,NA
A5011039,2022-03-01,14,1.1392857142857142,15.95,2.16,14,-0.5136332305034274,0.06028904779175028
A5011039,2022-03-02,14,1.542142857142857,21.59,3.15,14,0.1754116038614058,0.5486267279225094
A5011039,2022-03-03,13,1.8061538461538462,23.48,3.06,13,NA,NA
A5011039,2022-03-04,13,1.1423076923076922,14.85,2.72,13,NA,NA
A5011039,2022-03-05,13,1.5953846153846154,20.74,2.91,13,NA,NA
A5011039,2022-03-06,13,1.4915384615384615,19.39,2.94,13,NA,NA
A5011039,2022-03-07,12,1.3933333333333333,16.72,2.9,12,NA,NA
A5011039,2022-03-08,12,1.5958333333333334,19.15,2.7,12,-0.6893713339463173,0.013132622886898903
A5011039,2022-03-09,12,1.8375,22.05,3.22,12,NA,NA
A5011039,2022-03-10,12,2.058333333333333,24.7,3.33,12,NA,NA
A5011039,2022-03-11,12,2.0733333333333333,24.88,3.32,12,NA,NA
A5011039,2022-03-12,12,2.0816666666666666,24.98,3.31,12,NA,NA
A5011039,2022-03-13,12,1.9308333333333334,23.169999999999998,3.28,12,NA,NA
A5011039,2022-03-14,12,1.9016666666666666,22.82,3.13,12,-0.7142857142857142,0.009059462763762365
A5011039,2022-03-15,12,1.9283333333333335,23.14,3.16,12,NA,NA
A5011039,2022-03-16,12,0.49416666666666664,5.93,1.16,12,NA,NA
A5011039,2022-03-17,12,1.88,22.56,3.07,12,NA,NA
A5011039,2022-03-18,12,1.8391666666666666,22.07,3.11,12,NA,NA
A5011039,2022-03-19,12,1.9183333333333332,23.02,3.12,12,NA,NA
A5011039,2022-03-20,12,1.6258333333333335,19.51,2.75,12,NA,NA
A5011039,2022-03-21,12,1.5783333333333334,18.94,2.76,12,NA,NA
A5011039,2022-03-22,12,0.8108333333333333,9.73,1.72,12,NA,NA
A5011039,2022-03-23,12,1.47,17.64,2.51,12,NA,NA
A5011039,2022-03-24,12,1.2925,15.51,2.11,12,NA,NA
A5011039,2022-03-25,12,1.3325,15.99,2.65,12,NA,NA
A5011039,2022-03-26,12,1.8341666666666667,22.009999999999998,3.05,12,-0.34742968806543956,0.2684940728963817
A5011039,2022-03-27,12,1.765,21.18,2.94,12,NA,NA
A5011039,2022-03-28,12,1.735,20.82,2.95,12,NA,NA
A5011039,2022-03-29,12,1.5858333333333334,19.03,2.64,12,0.20812776162456903,0.516263027215881
A5011039,2022-03-30,12,1.2416666666666667,14.9,2.4,12,-0.616647620567457,0.03270907034900776
A5011039,2022-03-31,12,1.2966666666666666,15.56,2.51,12,0.03880036018255597,0.904706145773793
A5011039,2022-04-01,12,1.7341666666666666,20.81,2.94,12,NA,NA
A5011039,2022-04-02,12,1.5741666666666667,18.89,2.76,12,NA,NA
A5011039,2022-04-03,12,1.5558333333333334,18.67,2.64,12,0.9754287362677291,6.768915043059336e-8
A5011039,2022-04-04,12,1.6075,19.29,2.71,12,NA,NA
A5011039,2022-04-05,12,0.5258333333333334,6.3100000000000005,1.1,12,NA,NA
A5011039,2022-04-06,12,1.1391666666666667,13.67,1.99,12,NA,NA
A5011039,2022-04-07,12,1.2875,15.45,2.48,12,NA,NA
A5011039,2022-04-08,12,1.5341666666666667,18.41,2.7,12,NA,NA
A5011039,2022-04-09,12,1.5383333333333333,18.46,2.67,12,0.5114479475386643,0.08921061086893184
A5011039,2022-04-10,12,0.855,10.26,1.98,12,NA,NA
A5011039,2022-04-11,12,0.975,11.7,1.83,12,NA,NA
A5011039,2022-04-12,12,0.6841666666666667,8.209999999999999,1.5,12,NA,NA
A5011039,2022-04-13,12,1.5008333333333335,18.01,2.64,12,0.5003823480737402,0.09755720010780196
A5011039,2022-04-14,12,0.62,7.44,1.26,12,0.42369738691181363,0.1698884602361612
A5011039,2022-04-15,11,1.3063636363636364,14.37,2.33,11,NA,NA
A5011039,2022-04-16,11,1.510909090909091,16.62,2.49,11,NA,NA
A5011039,2022-04-17,11,0.6354545454545455,6.99,1.49,11,-0.3125421153782664,0.34939775933178063
A5011039,2022-04-18,11,0.7109090909090909,7.819999999999999,1.23,11,0.3349801978829524,0.31394399351318647
A5011039,2022-04-19,11,1.4045454545454545,15.45,2.41,11,-0.6723883235415977,0.023408971497512393
A5011039,2022-04-20,11,1.1581818181818182,12.74,1.81,11,0.8991670930241178,1.6584969539325904e-4
A5011039,2022-04-21,11,1.0945454545454545,12.040000000000001,1.95,11,-0.19160610309623072,0.5724888140573772
A5011039,2022-04-22,11,1.2245454545454546,13.47,2.05,11,NA,NA
A5011039,2022-04-23,11,1.4354545454545455,15.790000000000001,2.43,11,-0.6777262700533706,0.021930390946978927
A5011039,2022-04-24,11,1.09,11.99,2.02,11,NA,NA
A5011039,2022-04-25,11,0.9572727272727273,10.53,1.71,11,0.25585098926932986,0.4476352797925012
A5011039,2022-04-26,11,0.7445454545454545,8.19,1.35,11,NA,NA
A5011039,2022-04-27,11,0.77,8.47,1.23,11,NA,NA
A5011039,2022-04-28,11,1.2045454545454546,13.25,2.24,11,NA,NA
A5011039,2022-04-29,11,0.6127272727272727,6.74,1.15,11,NA,NA
A5011039,2022-04-30,11,1.1027272727272728,12.13,1.91,11,NA,NA
A5011039,2022-05-01,11,1.0345454545454544,11.38,1.81,11,NA,NA
A5011039,2022-05-02,11,1.0763636363636364,11.84,1.77,11,NA,NA
A5011039,2022-05-03,11,1.3054545454545454,14.36,2.26,11,NA,NA
A5011039,2022-05-04,11,1.0863636363636364,11.95,2.01,11,NA,NA
A5011039,2022-05-05,11,0.9827272727272728,10.81,1.83,11,0.5807011039429641,0.061034257571317196
A5011039,2022-05-06,11,0.9281818181818182,10.209999999999999,1.68,11,-0.10020174894562069,0.7694215539644362
A5011039,2022-05-07,11,0.7890909090909091,8.68,1.54,11,0.8481861322786121,9.685931817178919e-4
A5011039,2022-05-08,11,0.8890909090909092,9.78,1.57,11,NA,NA
A5011039,2022-05-09,11,1.21,13.31,2.13,11,NA,NA
A5011039,2022-05-10,11,1.2563636363636363,13.82,2.19,11,-0.15088060864404435,0.6578900706333715
A5011039,2022-05-11,11,1.0854545454545454,11.94,1.94,11,-0.5641323818464723,0.07064915341560232
A5011039,2022-05-12,11,0.62,6.82,1.19,11,0.7981604392686156,0.003232047400004724
A5011039,2022-05-13,11,0.7081818181818182,7.79,1.36,11,0.583031077167844,0.05975760575082423
A5011039,2022-05-14,11,1.0754545454545454,11.83,1.97,11,0.859435036947716,6.967600133498849e-4
A5011039,2022-05-15,11,0.740909090909091,8.15,1.36,11,0.6986264907973821,0.016775917493265284
A5011039,2022-05-16,11,0.9027272727272727,9.93,1.71,11,0.08142395773643019,0.8118870069351614
A5011039,2022-05-17,11,0.730909090909091,8.040000000000001,1.36,11,0.7788792142351506,0.004729063154068685
A5011039,2022-05-18,10,1.148,11.48,1.92,10,-0.36944400275461126,0.29340625945584875
A5011039,2022-05-19,10,1.119,11.19,1.88,10,0.690264714471059,0.027145997298332673
A5011039,2022-05-20,10,1.214,12.14,2.02,10,0.39214849228187393,0.26236578967621144
A5011039,2022-05-21,10,1.2269999999999999,12.27,2.03,10,NA,NA
A5011039,2022-05-22,10,1.191,11.91,1.96,10,-0.9401288521835706,5.227564335474669e-5
A5011039,2022-05-23,10,1.057,10.57,1.78,10,-0.9439700520811838,4.028609054474976e-5
A5011039,2022-05-24,10,0.892,8.92,1.58,10,0.0022766347724511183,0.9950198872475693
A5011039,2022-05-25,10,0.363,3.63,0.55,10,0.9067448108260163,2.952717618728539e-4
A5011039,2022-05-26,10,0.956,9.56,1.63,10,0.6978189525219346,0.02484492771053663
A5011039,2022-05-27,10,0.618,6.18,1.03,10,-0.8553181628301207,0.00160386765059343
A5011039,2022-05-28,10,0.9309999999999999,9.31,1.62,10,0.9953128129056621,2.0998214588691624e-9
A5011039,2022-05-29,10,1.075,10.75,1.79,10,0.9559312384715136,1.5643989824718018e-5
A5011039,2022-05-30,10,0.65,6.5,1.16,10,-0.009646924685046607,0.978899316020801
A5011039,2022-05-31,10,0.897,8.97,1.6,10,0.9863309632371705,1.5024088538523104e-7
A5011039,2022-06-01,10,0.8,8,1.46,10,0.4597690293266065,0.18124948632129828
A5011039,2022-06-02,10,0.522,5.22,1.03,10,NA,NA
A5011039,2022-06-03,10,0.628,6.28,1.07,10,NA,NA
A5011039,2022-06-04,10,0.659,6.59,1.22,10,NA,NA
A5011039,2022-06-05,10,0.487,4.87,0.84,10,-0.8669214468628857,0.0011649683132183596
A5011039,2022-06-06,10,0.848,8.48,1.57,10,NA,NA
A5011039,2022-06-07,10,0.811,8.11,1.51,10,NA,NA
A5011039,2022-06-08,10,0.815,8.15,1.52,10,NA,NA
A5011039,2022-06-09,10,0.612,6.12,1.06,10,NA,NA
A5011039,2022-06-10,10,0.712,7.12,1.14,10,NA,NA
A5011039,2022-06-11,10,0.811,8.11,1.37,10,NA,NA
A5011039,2022-06-12,10,0.571,5.71,0.98,10,NA,NA
A5011039,2022-06-13,10,0.683,6.83,1.16,10,NA,NA
A5011039,2022-06-14,10,0.851,8.51,1.6,10,NA,NA
A5011039,2022-06-15,10,0.6980000000000001,6.98,1.23,10,NA,NA
A5011039,2022-06-16,10,0.712,7.12,1.28,10,NA,NA
A5011039,2022-06-17,10,0.667,6.67,1.19,10,NA,NA
A5011039,2022-06-18,10,1.058,10.58,1.8,10,NA,NA
A5011039,2022-06-19,10,0.445,4.45,0.82,10,NA,NA
A5011039,2022-06-20,10,0.526,5.26,0.99,10,NA,NA
A5011039,2022-06-21,10,0.793,7.93,1.5,10,-0.866921446862962,0.0011649683132158024
A5011039,2022-06-22,10,0.713,7.13,1.35,10,NA,NA
A5011039,2022-06-23,10,0.949,9.49,1.73,10,NA,NA
A5011039,2022-06-24,10,0.787,7.87,1.36,10,NA,NA
A5011039,2022-06-25,10,0.842,8.42,1.57,10,NA,NA
A5011039,2022-06-26,10,0.712,7.12,1.22,10,NA,NA
A5011039,2022-06-27,10,0.879,8.790000000000001,1.51,10,NA,NA
A5011039,2022-06-28,10,1.079,10.79,1.81,10,NA,NA
A5011039,2022-06-29,10,0.601,6.01,0.98,10,NA,NA
A5011039,2022-06-30,10,0.992,9.92,1.7,10,NA,NA
A5011039,2022-07-01,10,0.552,5.52,0.88,10,NA,NA
A5011039,2022-07-02,10,0.784,7.84,1.44,10,NA,NA
A5011039,2022-07-03,10,0.7979999999999999,7.9799999999999995,1.4,10,NA,NA
A5011039,2022-07-04,10,1.025,10.25,1.78,10,NA,NA
A5011039,2022-07-05,10,1.001,10.01,1.72,10,NA,NA
A5011039,2022-07-06,10,1.033,10.33,1.75,10,-0.31021953414338965,0.3830166342161957
A5011039,2022-07-07,10,0.737,7.37,1.36,10,0.7684466243474962,0.009408439197392555
A5011039,2022-07-08,10,0.829,8.29,1.42,10,0.78160205532631,0.007574822078142232
A5011039,2022-07-09,10,0.608,6.08,1.06,10,0.9695295082658906,3.6351874858614128e-6
A5011039,2022-07-10,10,1.109,11.09,1.85,10,0.9519798690164559,2.194941467394771e-5
A5011039,2022-07-11,10,0.395,3.9499999999999997,0.71,10,0.9279415702084337,1.0805871971950955e-4
A5011039,2022-07-12,10,0.641,6.41,1.03,10,0.8952649639342948,4.631170489746221e-4
A5011039,2022-07-13,10,0.91,9.1,1.56,10,0.5906965439084553,0.07216345864140943
A5011039,2022-07-14,10,0.848,8.48,1.51,10,0.963793123441898,7.196920891315087e-6
A5011039,2022-07-15,10,0.51,5.1,0.86,10,0.9242011548028543,1.316944699460004e-4
A5011039,2022-07-16,10,0.576,5.76,0.94,10,0.8755314954433552,9.012138650482408e-4
A5011039,2022-07-17,10,0.732,7.32,1.29,10,0.874807223146551,9.215345325301103e-4
A5011039,2022-07-18,10,0.993,9.93,1.6,10,-0.27385431095047036,0.4438851205167712
A5011039,2022-07-19,10,0.584,5.84,1.04,10,0.6215399301809671,0.05507290382445552
A5011039,2022-07-20,10,1.14,11.4,1.98,10,0.7875028861892364,0.006841107956323806
A5011039,2022-07-21,10,1.157,11.57,1.91,10,0.04056813863283744,0.9114031031643808
A5011039,2022-07-22,10,0.458,4.58,0.85,10,0.7697912828582085,0.009207992768869544
A5011039,2022-07-23,10,1.173,11.73,1.96,10,0.35746610019053654,0.3105352401887527
A5011039,2022-07-24,10,0.421,4.21,0.78,10,0.6508393429668098,0.0415458810955472
A5011039,2022-07-25,10,1.063,10.63,1.79,10,0.8217689534778598,0.0035389139289262695
A5011039,2022-07-26,10,0.992,9.92,1.72,10,0.7705529487057831,0.009095799207149051
A5011039,2022-07-27,10,1.096,10.96,1.77,10,0.5486151348313905,0.1005532065172171
A5011039,2022-07-28,10,0.606,6.06,0.95,10,0.8920618749002154,5.203380873258554e-4
A5011039,2022-07-29,10,1.129,11.290000000000001,1.81,10,0.9519927248430137,2.1926263449030345e-5
A5011039,2022-07-30,10,0.467,4.67,0.78,10,0.7400785765174587,0.014389722516305395
A5011039,2022-07-31,10,0.815,8.15,1.46,10,0.815297080959211,0.004047814058487938
A5011039,2022-08-01,10,1.091,10.91,1.76,10,-0.8106732618339804,0.00444209548577207
A5011039,2022-08-02,10,0.579,5.79,1.03,10,-0.9477995256623265,3.0493557439500956e-5
A5011039,2022-08-03,10,1.203,12.03,1.96,10,0.46964966064359853,0.17083213109114162
A5011039,2022-08-04,10,0.976,9.76,1.69,10,-0.5525652643685756,0.09762918933868608
A5011039,2022-08-05,10,1.025,10.25,1.88,10,0.8365188459362731,0.0025527229495066355
A5011039,2022-08-06,10,1.095,10.95,1.83,10,-0.3132438371539785,0.37814829205016687
A5011039,2022-08-07,11,1.0945454545454545,12.040000000000001,1.95,11,0.2119731199470798,0.5314951538323952
A5011039,2022-08-08,11,0.8154545454545454,8.97,1.41,11,-0.48833271235451037,0.12750279116055535
A5011039,2022-08-09,11,1.2945454545454544,14.24,2.26,11,0.06148694396568215,0.8574751467262685
A5011039,2022-08-10,11,0.48,5.28,0.98,11,0.12414680038037677,0.7160977708429161
A5011039,2022-08-11,11,0.81,8.91,1.96,11,0.043151413277915246,0.8997524169236925
A5011039,2022-08-12,11,0.8745454545454545,9.62,1.5,11,-0.3364170256709183,0.3117426674254265
A5011039,2022-08-13,11,1.1827272727272726,13.01,2.05,11,-0.7853017182038482,0.00418325521292241
A5011039,2022-08-14,11,1.0372727272727273,11.41,1.8,11,-0.2598456235485192,0.4403252186191551
A5011039,2022-08-15,11,0.9536363636363636,10.49,1.7,11,-0.6024644616444242,0.04980966672726843
A5011039,2022-08-16,11,1.1845454545454546,13.03,2.23,11,0.600570283030284,0.0507253345369671
A5011039,2022-08-17,11,0.42363636363636364,4.66,0.68,11,-0.16733300151349906,0.6228757634028081
A5011039,2022-08-18,11,0.8572727272727273,9.43,1.53,11,0.8947306036996036,1.9998397574188154e-4
A5011039,2022-08-19,11,0.9854545454545455,10.84,2.01,11,0.07500269988290846,0.82651921897043
A5011039,2022-08-20,11,1.3472727272727272,14.82,2.27,11,-0.8879959866147756,2.617113316250662e-4
A5011039,2022-08-21,11,1.0681818181818181,11.75,1.96,11,-0.291407057001629,0.38460666877966354
A5011039,2022-08-22,11,0.41909090909090907,4.609999999999999,0.72,11,-0.6952633217538956,0.017539654391223
A5011039,2022-08-23,11,1.2672727272727273,13.94,2.15,11,-0.8810212534982592,3.399005495417616e-4
A5011039,2022-08-24,11,0.9009090909090909,9.91,1.61,11,-0.8308170368957022,0.001535890085167045
A5011039,2022-08-25,11,1.1327272727272728,12.46,1.95,11,-0.5292245080949455,0.09411934951995164
A5011039,2022-08-26,11,1.3118181818181818,14.43,2.2,11,-0.8745151702688082,4.2772223115178273e-4
A5011039,2022-08-27,11,0.9990909090909091,10.99,1.61,11,-0.4394472198772236,0.17625713195237303
A5011039,2022-08-28,12,1.4358333333333333,17.23,2.58,12,-0.8083299171712205,0.0014621776091744464
A5011039,2022-08-29,12,0.5983333333333334,7.18,1.48,12,-0.08180299025567174,0.8004733381750737
A5011039,2022-08-30,12,0.9333333333333333,11.2,1.65,12,-0.4352549200160681,0.15730566700760645
A5011039,2022-08-31,12,1.0925,13.11,1.96,12,0.7948418146317378,0.002005030354006649
A5011039,2022-09-01,12,1.2249999999999999,14.7,2.26,12,0.181009549700019,0.5734419118931957
A5011039,2022-09-02,12,0.99,11.88,1.8,12,0.3373051670216395,0.2836258710013926
A5011039,2022-09-03,12,1.2491666666666668,14.99,2.15,12,-0.8368505000865746,6.875146229612242e-4
A5011039,2022-09-04,12,1.1116666666666666,13.34,1.9,12,-0.28566030861636293,0.36809254768169986
A5011039,2022-09-05,12,1.2708333333333333,15.25,2.35,12,-0.2793049308190141,0.37930690947028567
A5011039,2022-09-06,12,1.5741666666666667,18.89,2.76,12,-0.767651167725712,0.0035557613053505675
A5011039,2022-09-07,12,0.6716666666666666,8.06,1.24,12,-0.892865562490832,9.262515814741083e-5
A5011039,2022-09-08,12,1.0491666666666666,12.59,2.04,12,-0.6399796427975454,0.024998422118120263
A5011039,2022-09-09,12,0.6791666666666667,8.15,1.23,12,0.7152716920730839,0.008920618047906547
A5011039,2022-09-10,12,1.1808333333333334,14.17,2.32,12,-0.8217255856225613,0.0010425493870519964
A5011039,2022-09-11,12,1.0958333333333334,13.15,2.12,12,0.4316440208649308,0.1611711253620563
A5011039,2022-09-12,12,1.1141666666666667,13.37,2,12,0.8064654385316571,0.0015295580347232476
A5011039,2022-09-13,12,1.5625,18.75,2.69,12,-0.002902719829290639,0.9928566681712776
A5011039,2022-09-14,12,0.37416666666666665,4.49,0.66,12,-0.7625923788945203,0.003923622202858213
A5011039,2022-09-15,12,1.3358333333333334,16.03,2.73,12,0.9361385676011686,7.51015853860105e-6
A5011039,2022-09-16,12,1.155,13.86,2.46,12,-0.14410364395083197,0.6550071683537886
A5011039,2022-09-17,12,1.3508333333333333,16.21,2.4,12,-0.549623316174652,0.06414581207534166
A5011039,2022-09-18,12,1.2316666666666667,14.78,2.26,12,-0.285635772231707,0.36813550612012347
A5011039,2022-09-19,12,1.6708333333333334,20.05,2.89,12,0.6248281505911558,0.02983475426786705
A5011039,2022-09-20,12,0.47333333333333333,5.68,1.1,12,0.5031294512371517,0.09543814091846442
A5011039,2022-09-21,12,0.9816666666666667,11.78,1.68,12,-0.851470530299085,4.412254776121753e-4
A5011039,2022-09-22,13,1.2823076923076924,16.669999999999998,2.39,13,0.21193074694967812,0.4869967567061433
A5011039,2022-09-23,13,0.8569230769230769,11.14,1.6,13,-0.5285157276532078,0.06333479609247976
A5011039,2022-09-24,13,1.7623076923076924,22.91,3.13,13,0.1689995475010187,0.580992517651459
A5011039,2022-09-25,13,0.6423076923076924,8.35,1.46,13,-0.687272941736737,0.009442344716577981
A5011039,2022-09-26,13,1.3315384615384616,17.31,2.6,13,-0.06992130853777405,0.8204402959575576
A5011039,2022-09-27,13,1.2484615384615385,16.23,2.22,13,-0.5951489229559955,0.03188987015537034
A5011039,2022-09-28,13,1.1046153846153846,14.36,2.12,13,-0.7583840613365761,0.0026582521186167773
A5011039,2022-09-29,13,1.246923076923077,16.21,2.48,13,-0.13673343046161615,0.6560114142598537
A5011039,2022-09-30,13,1.5015384615384615,19.52,2.87,13,-0.9766182085096619,1.0875742234052352e-8
A5011039,2022-10-01,13,1.7761538461538462,23.09,3.15,13,-0.3579710616034836,0.22977219382023514
A5011039,2022-10-02,13,1.6861538461538461,21.919999999999998,3.17,13,-0.7467265245755866,0.0033612858728969673
A5011039,2022-10-03,13,0.9830769230769231,12.78,2.05,13,-0.5109410024606736,0.07436073944179737
A5011039,2022-10-04,13,0.3130769230769231,4.07,0.92,13,-0.39133860789829444,0.18606584678924393
A5011039,2022-10-05,13,0.9823076923076923,12.77,1.82,13,0.047502097858715675,0.8775317871949002
A5011039,2022-10-06,13,1.6046153846153846,20.86,2.9,13,-0.8792642983466411,7.497607649609636e-5
A5011039,2022-10-07,13,1.5007692307692306,19.509999999999998,2.71,13,-0.11618208979352049,0.7054484524363456
A5011039,2022-10-08,13,1.7230769230769232,22.4,3.17,13,0.09084208206799578,0.7678845128240809
A5011039,2022-10-09,13,1.7123076923076923,22.259999999999998,2.9,13,0.5980173689886489,0.030864956467286698
A5011039,2022-10-10,13,1.6484615384615384,21.43,3.11,13,-0.4066846431277851,0.16787370422597625
A5011039,2022-10-11,13,1.0953846153846154,14.24,2.36,13,0.28094070760948225,0.3524741329934601
A5011039,2022-10-12,13,0.5676923076923077,7.38,1.11,13,-0.16955493644814418,0.5797319738126108
A5011039,2022-10-13,13,1.2684615384615385,16.49,2.55,13,-0.3733844136649971,0.20887239723709275
A5011039,2022-10-14,13,1.5292307692307692,19.88,2.7,13,-0.7716410013412155,0.002003764805437158
A5011039,2022-10-15,13,1.583076923076923,20.58,2.94,13,-0.85583662900649,1.89722439126747e-4
A5011039,2022-10-16,13,2.0615384615384618,26.8,3.46,13,-0.2745408739059337,0.3640101674156895
A5011039,2022-10-17,13,1.8207692307692307,23.67,3,13,-0.6808783363818937,0.010409305855018636
A5011039,2022-10-18,13,1.6500000000000001,21.45,3.12,13,-0.7723217930809869,0.0019739296687931035
A5011039,2022-10-19,13,2.020769230769231,26.27,3.46,13,-0.5277145980795662,0.06381062084974834
A5011039,2022-10-20,13,1.7323076923076923,22.52,2.92,13,0.9559775829237874,3.3927031575649907e-7
A5011039,2022-10-21,13,1.5538461538461539,20.2,2.94,13,0.34611065671412905,0.24668817784555064
A5011039,2022-10-22,13,1.46,18.98,3,13,0.9666567707393727,7.513555228983214e-8
A5011039,2022-10-23,13,0.4646153846153846,6.04,1.14,13,-0.8688275297381117,1.158490700362814e-4
A5011039,2022-10-24,13,0.9869230769230769,12.83,1.79,13,-0.729683470285756,0.004638825163105633
A5011039,2022-10-25,13,1.363076923076923,17.72,2.56,13,-0.9195672571011246,8.697091707669082e-6
A5011039,2022-10-26,13,1.3346153846153845,17.35,2.53,13,-0.5925854132049266,0.03282669882609066
A5011039,2022-10-27,13,1.6930769230769231,22.01,2.79,13,-0.878204724930176,7.85009268238696e-5
A5011039,2022-10-28,13,1.7715384615384615,23.03,3.02,13,-0.25463294989750535,0.40115794608261457
A5011039,2022-10-29,13,1.7438461538461538,22.669999999999998,2.52,13,-0.039743411936979826,0.8974309819875048
A5011039,2022-10-30,13,1.2623076923076924,16.41,3.22,13,0.08065356557351287,0.7933793187471925
A5011039,2022-10-31,13,1.1523076923076923,14.98,2.54,13,0.2971072978998397,0.32423164807051263
A5011039,2022-11-01,13,1.6484615384615384,21.43,2.89,13,-0.9434933373832618,1.307256891735117e-6
A5011039,2022-11-02,13,1.2392307692307691,16.11,2.22,13,0.7729299105420471,0.0019475736293182904
A5011039,2022-11-03,13,1.4830769230769232,19.28,2.87,13,0.7524193157610437,0.0030019828358168483
A5011039,2022-11-04,13,2.0646153846153847,26.84,3.35,13,-0.6571862492943567,0.014658257700396079
A5011039,2022-11-05,13,2.125384615384615,27.63,3.59,13,-0.5258997760656876,0.06489783561165062
A5011039,2022-11-06,13,2.246153846153846,29.2,3.64,13,-0.3200717056830723,0.28636672272284497
A5011039,2022-11-07,13,2.316923076923077,30.12,3.68,13,0.05627573391991399,0.8551096098323513
A5011039,2022-11-08,14,2.0821428571428573,29.15,3.6,14,-0.3286129778707983,0.2513238187440553
A5011039,2022-11-09,15,1.3613333333333333,20.419999999999998,2.61,15,-0.018889581799693973,0.9467270940762227
A5011039,2022-11-10,15,1.18,17.7,2.86,15,-0.3544726647193663,0.1948539635026269
A5011039,2022-11-11,15,1.5726666666666667,23.59,3.18,15,0.1714239061139653,0.541283349946525
A5011039,2022-11-12,15,0.318,4.7700000000000005,1.02,15,-0.7720802465113145,7.442267440226311e-4
A5011039,2022-11-13,15,1.5246666666666666,22.87,3.08,15,0.7175760250088763,0.0025959720532934888
A5011039,2022-11-14,15,1.1239999999999999,16.86,2.55,15,-0.45318425061133855,0.0897941057267466
A5011039,2022-11-15,15,1.542,23.13,2.96,15,-0.546406035134463,0.035075704165353806
A5011039,2022-11-16,15,1.446,21.69,2.87,15,0.18068896277465615,0.5192949017130943
A5011039,2022-11-17,15,2.1173333333333333,31.76,3.82,15,-0.7197317068342521,0.002484149146436461
A5011039,2022-11-18,15,0.9246666666666666,13.87,2.48,15,-0.8415083966882805,8.393483791051789e-5
A5011039,2022-11-19,15,1.4106666666666667,21.16,3.19,15,0.9198929831638283,1.2103626032857606e-6
A5011039,2022-11-20,15,1.5426666666666666,23.14,3.23,15,-0.8144905061920088,2.1791294950740885e-4
A5011039,2022-11-21,15,1.772,26.580000000000002,3.42,15,-0.666761710060227,0.006630868408474762
A5011039,2022-11-22,15,1.3806666666666667,20.71,2.63,15,-0.22486558386527453,0.4203897909875284
A5011039,2022-11-23,15,1.5673333333333332,23.509999999999998,2.93,15,-0.5298202493475374,0.04221887637751641
A5011039,2022-11-24,15,2.096,31.44,3.85,15,0.5127461539238412,0.05064604508760617
A5011039,2022-11-25,15,2.144,32.160000000000004,3.8,15,-0.5655056888563909,0.02801675179332149
A5011039,2022-11-26,15,1.3293333333333333,19.939999999999998,3.61,15,-0.7174048156943135,0.0026050230593153054
A5011039,2022-11-27,15,1.3706666666666667,20.56,2.82,15,-0.1742371806944253,0.5345637609165702
A5011039,2022-11-28,15,1.3893333333333333,20.84,2.68,15,0.5468395137783568,0.034902052674980165
A5011039,2022-11-29,15,1.178,17.67,2.6,15,0.32352073873241605,0.23949140357224508
A5011039,2022-11-30,15,1.6566666666666667,24.85,3.22,15,0.45231159757279743,0.09049151417377006
A5011039,2022-12-01,15,2.183333333333333,32.75,3.9,15,-0.10624994999092606,0.7062670627145768
A5011039,2022-12-02,15,2.1826666666666665,32.74,3.94,15,-0.24870919324477206,0.37140542093246465
A5011039,2022-12-03,15,2.2453333333333334,33.68,3.96,15,-0.13800654133099663,0.6237904862390827
A5011039,2022-12-04,15,1.7553333333333334,26.330000000000002,3.6,15,0.7184964201176344,0.0025477454819102527
A5011039,2022-12-05,15,1.6786666666666668,25.18,3.47,15,0.5502998479149168,0.033538838622549506
A5011039,2022-12-06,15,1.664,24.96,3.09,15,0.38106547202947255,0.16110305624200583
A5011039,2022-12-07,15,1.7213333333333334,25.82,3.7,15,0.5897119003756482,0.0206794563626067
A5011039,2022-12-08,15,1.7826666666666666,26.740000000000002,3.28,15,0.8593559406204151,4.039454095611784e-5
A5011039,2022-12-09,15,1.946,29.19,3.75,15,0.7466452029864071,0.001384495981547093
A5011039,2022-12-10,15,1.7753333333333334,26.63,3.3,15,0.5013476649979831,0.056921092171203294
A5011039,2022-12-11,15,0.8926666666666667,13.39,2.24,15,0.8610601153391874,3.7477936563648636e-5
A5011039,2022-12-12,15,1.7666666666666666,26.5,3.36,15,0.8726963954096143,2.185636589222168e-5
A5011039,2022-12-13,15,1.3493333333333333,20.24,2.49,15,0.8540478234284252,5.070825921075834e-5
A5011039,2022-12-14,15,1.444,21.66,3.09,15,0.9226334460886708,9.718090309793385e-7
A5011039,2022-12-15,15,1.332,19.98,2.71,15,0.956325664675205,2.5655935892020297e-8
A5011039,2022-12-16,15,1.8559999999999999,27.84,3.72,15,0.8809457794107843,1.4435446227374361e-5
A5011039,2022-12-17,15,2.2533333333333334,33.8,3.94,15,0.9092695101509668,2.6489385782010273e-6
A5011039,2022-12-18,15,1.8486666666666667,27.73,3.61,15,0.9194314756694765,1.2549852603530378e-6
A5011039,2022-12-19,15,2.156,32.34,3.89,15,0.8816643832623937,1.3903369766743968e-5
A5011039,2022-12-20,15,0.884,13.26,2.29,15,0.7201993011581065,0.002460410273318716
A5011039,2022-12-21,15,1.4313333333333333,21.47,3.27,15,0.7206565898584727,0.0024373706338757634
A5011039,2022-12-22,15,1.9366666666666665,29.05,3.78,15,0.7186129258763109,0.0025416923350036445
A5011039,2022-12-23,15,2.0693333333333332,31.04,3.84,15,0.9519542991600909,4.719139009162837e-8
A5011039,2022-12-24,15,2.1313333333333335,31.97,3.89,15,0.945118475795403,1.1019332414043401e-7
A5011039,2022-12-25,15,2.228666666666667,33.43,3.9,15,0.880669169875056,1.464471324954923e-5
A5011039,2022-12-26,15,2.222,33.33,3.92,15,0.908764714660284,2.7427872726304134e-6
A5011039,2022-12-27,15,2.034666666666667,30.52,3.62,15,0.9151655006007382,1.7366790559422153e-6
A5011039,2022-12-28,15,2.0273333333333334,30.41,3.79,15,0.6260422838677526,0.012535646088654246
A5011039,2022-12-29,15,1.9306666666666668,28.96,3.71,15,0.6202840885624088,0.013623926069741945
A5011039,2022-12-30,15,2.22,33.3,3.91,15,0.1388064362902558,0.6217609362436229
A5011039,2022-12-31,15,2.191333333333333,32.87,3.89,15,0.8707431691432937,2.401217561696422e-5
A5011039,2023-01-01,15,2.192,32.88,3.85,15,0.5381703192267557,0.03849935260304729
A5011039,2023-01-02,15,1.9046666666666667,28.57,3.47,15,0.5836789653658581,0.022351850560011453
A5011039,2023-01-03,15,1.6986666666666668,25.48,3.35,15,0.7498234440614266,0.0012861896329349096
A5011039,2023-01-04,14,1.6242857142857143,22.74,3.21,14,0.92935769643438,1.5389062303534308e-6
A5011039,2023-01-05,14,2.0435714285714286,28.61,3.66,14,0.8362776213853742,1.9350309715418756e-4
A5011039,2023-01-06,14,2.3457142857142856,32.84,3.86,14,0.7185238622561075,0.003790855349856099
A5011039,2023-01-07,14,2.355,32.97,3.85,14,0.8143451922907023,3.911814750053755e-4
A5011039,2023-01-08,14,2.3014285714285716,32.22,3.81,14,0.5507952930909239,0.041226631208433076
A5011039,2023-01-09,14,2.0742857142857143,29.04,3.35,14,0.92764482277729,1.7701121217158134e-6
A5011039,2023-01-10,14,2.2478571428571428,31.47,3.87,14,0.8745025226889673,4.2810205608977156e-5
A5011039,2023-01-11,14,2.2942857142857145,32.12,3.84,14,0.7333066839611141,0.002841490839377184
A5011039,2023-01-12,14,2.2885714285714287,32.04,3.85,14,0.6421135316226362,0.013288308507406088
A5011039,2023-01-13,14,2.29,32.06,3.86,14,0.69780279502756,0.005522060966342796
A5011039,2023-01-14,14,2.0807142857142855,29.13,3.53,14,0.9526519765899321,1.4683356115520624e-7
A5011039,2023-01-15,14,2.0492857142857144,28.69,3.87,14,0.6829164450412901,0.0071067578128583084
A5011039,2023-01-16,14,2.087857142857143,29.23,3.72,14,0.44475191402225234,0.11106296302025569
A5011039,2023-01-17,14,0.7892857142857143,11.05,1.46,14,-0.5531596444233768,0.04018638710538501
A5011039,2023-01-18,14,1.1557142857142857,16.18,2.16,14,-0.034357593479480274,0.9071756445768557
A5011039,2023-01-19,14,1.7442857142857142,24.42,3.46,14,0.3119592611304709,0.2775642301478667
A5011039,2023-01-20,14,1.7792857142857144,24.91,3.27,14,0.9432409173380174,4.2686040584940817e-7
A5011039,2023-01-21,14,2.1935714285714285,30.71,3.79,14,0.8656321184333424,6.321417890679667e-5
A5011039,2023-01-22,14,2.104285714285714,29.46,3.78,14,0.7283100986020185,0.003138519492121192
A5011039,2023-01-23,14,1.5985714285714285,22.38,2.91,14,0.9071916543988096,7.534173835207226e-6
A5011039,2023-01-24,14,1.8635714285714287,26.09,3.32,14,0.8904738869645956,1.960745594874757e-5
A5011039,2023-01-25,14,2.2278571428571428,31.189999999999998,3.78,14,0.7541324219370005,0.0018331329438548902
A5011039,2023-01-26,14,2.1585714285714284,30.22,3.81,14,0.6794359848501432,0.007523602167349904
A5011039,2023-01-27,14,2.2214285714285715,31.1,3.75,14,0.8658568341559562,6.261431987334245e-5
A5011039,2023-01-28,14,0.7907142857142857,11.07,1.49,14,0.7888462181924378,7.980380326777246e-4
A5011039,2023-01-29,14,1.1642857142857144,16.3,2.47,14,0.8408764925175765,1.648209621191402e-4
A5011039,2023-01-30,14,2.0742857142857143,29.04,3.63,14,0.8919989513137601,1.8086946247542557e-5
A5011039,2023-01-31,14,2.192142857142857,30.69,3.76,14,0.8353182403569892,1.9996724964964433e-4
A5011039,2023-02-01,14,1.477142857142857,20.68,2.7,14,0.7836126255399103,9.130847257603363e-4
A5011039,2023-02-02,14,1.2678571428571428,17.75,2.61,14,0.96178935297112,4.1377962875462486e-8
A5011039,2023-02-03,14,1.7235714285714285,24.13,3.46,14,0.9862317659427612,9.548024659480503e-11
A5011039,2023-02-04,14,1.3957142857142857,19.54,2.91,14,0.9887738735030576,2.8209871536082984e-11
A5011039,2023-02-05,14,1.9442857142857144,27.22,3.62,14,0.9687910999534133,1.247209715134561e-8
A5011039,2023-02-06,14,2.1264285714285713,29.77,3.71,14,0.8075890830628328,4.7723643282330955e-4
A5011039,2023-02-07,14,2.0464285714285713,28.65,3.72,14,0.9474374998589031,2.717194126170478e-7
A5011039,2023-02-08,14,2.0407142857142855,28.57,3.47,14,0.9889377325563711,2.583685242201383e-11
A5011039,2023-02-09,14,2.087857142857143,29.23,3.61,14,0.9842503574951866,2.1301666772413872e-10
A5011039,2023-02-10,14,1.89,26.46,3.65,14,0.9663951110793109,1.9338599164672837e-8
A5011039,2023-02-11,14,1.637857142857143,22.93,3.51,14,0.87712458648543,3.793950787348507e-5
A5011039,2023-02-12,14,1.9364285714285714,27.11,3.63,14,0.8611276752606082,7.626199325723948e-5
A5011039,2023-02-13,14,1.7228571428571429,24.12,3.42,14,0.9014552697275807,1.066026710842073e-5
A5011039,2023-02-14,14,2.092857142857143,29.3,3.65,14,0.7397915796958632,0.002489548956574586
A5011039,2023-02-15,14,2.019285714285714,28.27,3.54,14,0.8395557071420928,1.726797268207801e-4
A5011039,2023-02-16,14,1.7785714285714287,24.900000000000002,3.43,14,0.8876788595007414,2.2665502158005787e-5
A5011039,2023-02-17,14,1.7614285714285713,24.66,3.38,14,0.8663510560337814,6.131134101665632e-5
A5011039,2023-02-18,14,2.037142857142857,28.52,3.61,14,0.41276249537458765,0.1424374949698744
A5011039,2023-02-19,14,2.045714285714286,28.64,3.62,14,0.6162580664511376,0.01893155359183809
A5011039,2023-02-20,14,1.9057142857142857,26.68,3.51,14,0.41669604074715827,0.1382933933547782
A5011039,2023-02-21,14,1.7664285714285715,24.73,3.26,14,0.7754088009771796,0.0011197671325043
A5011039,2023-02-22,14,1.7028571428571428,23.84,3.21,14,0.7335675915551222,0.002826613717873151
A5011039,2023-02-23,14,1.8985714285714286,26.58,3.44,14,0.21856789462240578,0.45282846405312804
A5011039,2023-02-24,14,1.43,20.02,2.93,14,0.7707117147546412,0.0012539200183507102
A5011039,2023-02-25,14,1.31,18.34,2.63,14,-0.37883496456440013,0.1816286101751207
A5011039,2023-02-26,14,1.5035714285714286,21.05,3.06,14,0.8530267389162685,1.0521080305297764e-4
A5011039,2023-02-27,14,1.3771428571428572,19.28,2.52,14,0.6988022504556884,0.005426519324401912
A5011039,2023-02-28,14,0.9535714285714285,13.35,1.72,14,0.65886684023214,0.01038840318267216
A5011039,2023-03-01,14,1.3857142857142857,19.400000000000002,2.75,14,0.8942470644843898,1.60226846121919e-5
A5011039,2023-03-02,14,1.0464285714285715,14.65,2.05,14,0.9627132239435556,3.5798469533162845e-8
A5011039,2023-03-03,13,1.8623076923076922,24.21,3.4,13,0.6909263220285019,0.008921461040675786
A5011039,2023-03-04,13,1.9953846153846153,25.94,3.38,13,0.5214004699287911,0.06764942383268592
A5011039,2023-03-05,13,1.0553846153846154,13.72,2,13,0.9077236571872724,1.8086749375354497e-5
A5011039,2023-03-06,13,1.3076923076923077,17,2.81,13,0.8812314428073893,6.876848703014873e-5
A5011039,2023-03-07,13,1.1453846153846154,14.889999999999999,2.05,13,0.9005710892104406,2.6887013059286164e-5
A5011039,2023-03-08,12,1.275,15.3,2.33,12,0.9641542801286063,4.388463954253486e-7
A5011039,2023-03-09,12,1.2566666666666666,15.08,1.94,12,0.7525225695341496,0.004741030490846524
A5011039,2023-03-10,12,1.9416666666666667,23.3,3.24,12,0.8954206252980584,8.245943852740364e-5
A5011039,2023-03-11,12,1.82,21.84,2.93,12,0.937360087475879,6.833095069991113e-6
A5011039,2023-03-12,12,1.82,21.84,2.95,12,0.9375349613352872,6.740257271264901e-6
A5011039,2023-03-13,12,1.6833333333333333,20.2,2.96,12,0.9447861521676169,3.6821378024949637e-6
A5011039,2023-03-14,12,1.5783333333333334,18.94,3.05,12,0.9727883257899065,1.1226068911420022e-7
A5011039,2023-03-15,12,1.8683333333333332,22.419999999999998,3.09,12,0.8770703237823105,1.7923117890774365e-4
A5011039,2023-03-16,12,1.9291666666666667,23.15,3.2,12,0.8119757131164357,0.0013370281119220047
A5011039,2023-03-17,12,1.7716666666666667,21.26,3.11,12,0.5597588863987069,0.058415127387664745
A5011039,2023-03-18,12,1.5991666666666666,19.19,2.69,12,0.6852268695971342,0.01392307290085844
A5011039,2023-03-19,12,1.0575,12.69,1.69,12,-0.09658096630354175,0.7652516366883488
A5011039,2023-03-20,12,1.2683333333333333,15.22,2.69,12,0.5975313049743327,0.0401916135759741
A5011039,2023-03-21,12,1.2974999999999999,15.57,2.28,12,-0.8308305434923273,8.152935177768864e-4
A5011039,2023-03-22,12,1.75,21,2.98,12,0.9510189751653668,2.0445694896483762e-6
A5011039,2023-03-23,12,1.7575,21.09,2.97,12,0.7073065462674519,0.010088868854113555
A5011039,2023-03-24,12,1.2066666666666668,14.48,2.2,12,0.7305821600047085,0.0069620917457966685
A5011039,2023-03-25,12,1.3866666666666667,16.64,2.44,12,0.5226132446770223,0.08129187253077994
A5011039,2023-03-26,12,0.4,4.8,0.92,12,0.6505338214881399,0.02198397965482548
A5011039,2023-03-27,12,1.3066666666666666,15.68,2.31,12,0.6548008950622654,0.0208438066240239
A5011039,2023-03-28,12,0.9783333333333334,11.74,1.54,12,0.4118917824013883,0.18337664788005992
A5011039,2023-03-29,12,1.2841666666666667,15.41,1.97,12,0.9515182185601341,1.9441222319318027e-6
A5011039,2023-03-30,12,1.2516666666666667,15.02,2.28,12,0.914796548200569,3.0608651860284523e-5
A5011039,2023-03-31,12,1.2075,14.49,2.3,12,0.9936850505869972,7.825705916564308e-11
A5011039,2023-04-01,12,1.0775000000000001,12.93,1.84,12,0.954627710009282,1.4030585946860392e-6
A5011039,2023-04-02,12,1.615,19.38,2.83,12,0.9788562617073336,3.212130364200912e-8
A5011039,2023-04-03,12,1.6824999999999999,20.189999999999998,2.86,12,0.9726585459596756,1.149382292683616e-7
A5011039,2023-04-04,12,1.6033333333333333,19.24,2.76,12,0.9718543226725107,1.3268647727632378e-7
A5011039,2023-04-05,12,1.5683333333333334,18.82,2.69,12,0.9226358101984719,1.9147537851216406e-5
A5011039,2023-04-06,12,1.1291666666666667,13.55,2.37,12,0.29067781800875847,0.35936311825261424
A5011039,2023-04-07,12,1.325,15.9,2.43,12,0.9372178594603164,6.909345100606419e-6
A5011039,2023-04-08,12,0.93,11.16,1.58,12,0.8632687634738209,2.9782604104251585e-4
A5011039,2023-04-09,12,0.9,10.8,1.55,12,0.7731455286121476,0.0031865413139682036
A5011039,2023-04-10,12,1.3425,16.11,2.37,12,0.9471276760975809,2.9766813173913713e-6
A5011039,2023-04-11,12,0.5683333333333334,6.82,1.2,12,0.9538250280981769,1.529551925229274e-6
A5011039,2023-04-12,12,1.1741666666666666,14.09,2.2,12,0.8885596940977424,1.1195505429999822e-4
A5011039,2023-04-13,12,0.8083333333333333,9.7,1.41,12,0.9755425633749369,6.614841570937211e-8
A5011039,2023-04-15,11,0.9436363636363636,10.38,1.7,11,0.9296930759452057,3.424546350437722e-5
A5011039,2023-04-16,11,1.4172727272727272,15.59,2.34,11,0.9644977763059341,1.66471692205725e-6
A5011039,2023-04-17,11,1.3654545454545455,15.02,2.38,11,0.8165354589493078,0.0021639046416440893
A5011039,2023-05-16,11,0.7272727272727273,8,1.43,11,0.2211034756132707,0.5135269841394
A5011039,2023-05-17,11,0.9099999999999999,10.01,1.73,11,0.8988301385711475,1.6827394124899274e-4
A5011039,2023-05-18,11,0.9009090909090909,9.91,1.66,11,0.9383119525232303,1.9253555345949454e-5
A5011039,2023-05-19,10,0.82,8.2,1.42,10,0.9481119389611301,2.9781463759204174e-5
A5011039,2023-05-20,10,0.933,9.33,1.76,10,0.7235980507828809,0.018002661925525347
A5011039,2023-05-21,10,0.86,8.6,1.53,10,0.8816187993709895,7.430881298584732e-4
A5011039,2023-05-22,10,0.752,7.5200000000000005,1.28,10,0.8626406821606251,0.0013151272607071557
A5011039,2023-05-23,10,0.706,7.06,1.19,10,0.9425961453360026,4.431056529077794e-5
A5011039,2023-05-24,10,0.957,9.57,1.77,10,0.7191824437640293,0.01906822749542594
A5011039,2023-05-25,10,0.544,5.44,1.04,10,0.2554343860670499,0.4762896532759836
A5011039,2023-05-26,10,0.893,8.93,1.53,10,0.9836315973431595,3.07926538199928e-7
A5011039,2023-05-27,10,0.908,9.08,1.65,10,0.9164481629628787,1.9256597356187943e-4
A5011039,2023-05-28,10,0.905,9.05,1.62,10,0.7485928924500058,0.0127375012967857
A5011039,2023-05-29,10,0.879,8.790000000000001,1.69,10,-0.7878652759088653,0.00679776244498035
A5011039,2023-05-30,10,0.622,6.220000000000001,1.1,10,-0.16975746339179731,0.6391730422381101
A5011039,2023-05-31,10,0.803,8.03,1.42,10,-0.1833318121555594,0.61217113225976
A5011039,2023-06-01,10,0.536,5.36,0.89,10,-0.5935323576690318,0.07046456912471065
A5011039,2023-06-02,10,0.318,3.18,0.48,10,0.6867477424905394,0.028265382920012364
A5011039,2023-06-03,10,0.93,9.3,1.72,10,-0.24068790406879784,0.502950448282441
A5011039,2023-06-04,10,0.441,4.41,0.73,10,-0.2827375988773178,0.4286274829503297
A5011039,2023-06-05,10,0.55,5.5,1.11,10,0.03951391679820347,0.9136981385188796
A5011039,2023-06-06,10,1,10,1.77,10,0.01994523388973804,0.9563871533560436
A5011039,2023-06-07,10,0.8079999999999999,8.08,1.45,10,0.7378505075315539,0.014845603958728226
A5011039,2023-06-08,10,0.772,7.72,1.41,10,-0.24994244337157562,0.4861457701075951
A5011039,2023-06-09,10,0.9369999999999999,9.37,1.69,10,0.6536832111271141,0.04036595214303657
A5011039,2023-06-10,10,0.6849999999999999,6.85,1.26,10,-0.8495356171017535,0.0018623553952528578
A5011039,2023-06-11,10,0.629,6.29,1.22,10,-0.02172630844496759,0.952496127880673
A5011039,2023-06-12,10,0.844,8.44,1.6,10,-0.6194016126841204,0.056161033750260166
A5011039,2023-06-13,10,0.8170000000000001,8.17,1.36,10,-0.2528772950792818,0.48086782932009187
A5011039,2023-06-14,10,0.672,6.72,1.14,10,0.7757362574939485,0.008357774661390099
A5011039,2023-06-15,10,0.846,8.46,1.64,10,-0.7353404356933555,0.01537114364347852
A5011039,2023-06-16,10,1.073,10.73,1.82,10,-0.42392159672951063,0.2221209995104944
A5011039,2023-06-17,10,0.427,4.2700000000000005,0.74,10,-0.7283339992760771,0.016906479612708844
A5011039,2023-06-18,10,0.887,8.870000000000001,1.62,10,-0.163592873275915,0.6515650404299472
A5011039,2023-06-19,10,0.878,8.78,1.63,10,-0.5403584972333105,0.10684267532396514
A5011039,2023-06-20,10,0.604,6.04,1.16,10,0.2718826506195444,0.44730467368120486
A5011039,2023-06-21,10,0.392,3.92,0.9,10,0.4594405883714187,0.18160205656261455
A5011039,2023-06-22,10,0.214,2.14,0.66,10,0.8221760096085303,0.003508526803199129
